0.0	20.05727272727273	16.148139420716742	12.590452911574408	0.0	14.450640000000002	6.832265566898791	5.213049230769231	9.44431922915794	11.92311724137931	22.92	13.931063829787234	26.87	3.1953926168805475	0.0	14.83225806451613	16.074737001667426	25.255714285714284	21.054088335220843	13.039408284023668	11.781648484848484	10.870149516270889	13.08260218767991	10.390078730238711	25.32	22.418525428829373	23.51025531914894	10.16661665956959	3.017460715149117	5.067692078895024	27.402718446601945	13.558064516129033	9.336949152542374	9.280844884488449	21.685232067510547	21.71	28.10333333333333	28.253333333333337	35.28	29.10810810810811	21.25587382779199	26.37703163017032	12.408119402985074	25.67478260869565	34.9	19.708571428571428	0.0	25.286972477064214	23.576	19.789268292682927	30.48	0.0	34.260000000000005	25.790000000000003	20.29253731343284	12.57450292397661	24.421333333333333	19.67405070422535	0.0	32.175	28.82628571428572	19.066107030430224	22.55139146567718	20.78643478260869	41.52	33.95333333333333	21.86193548387097	23.71829787234043
20.05727272727273	0.0	6.307774138352482	0.0	0.0	26.664000000000005	20.2575	24.644102564102564	10.934085532302094	24.504444444444445	9.24237837837838	24.766666666666666	7.2300719540787455	22.522772277227723	24.44	12.015135135135136	7.861832186505085	10.30267281105991	7.918771726535343	0.0	14.849846153846157	4.342852624011503	8.69701388888889	12.957431192660554	4.130951447855432	6.0913759599473885	5.074685459781423	15.10660792951542	17.59655172413793	16.934603174603176	10.55344262295082	16.28	15.760000000000002	7.504262295081967	21.64	2.073912824389015	8.814365748121158	0.0	0.0	32.040000000000006	20.11047619047619	26.440000000000005	15.720000000000002	0.0	0.0	0.0	17.776	24.192	0.0	26.28	10.149080188679246	16.005714285714287	11.414068965517242	0.0	16.755000000000003	3.335	11.146639175257734	21.6	3.271666666666667	9.712012432012433	8.482119353039598	21.82	24.68	18.9808	20.1	0.0	0.0	9.093333333333334
16.148139420716742	6.307774138352482	0.0	21.1	29.640000000000004	22.517573221757324	15.983321163490473	20.28941028265491	14.81676712328767	17.378136339615995	19.556302521008405	30.453333333333337	16.473207547169814	19.382639803439805	0.0	15.269241379310344	6.008917682020803	14.031753371868978	10.1969696969697	21.991	9.28130723081781	7.673564960047353	6.156620406410221	15.326470119521913	12.904000000000002	7.48215685380277	6.670875865486346	15.337490239821529	23.12724779627816	13.674520951469182	15.068493150684931	30.488800000000005	21.76	10.83174129353234	25.39542857142857	8.425919439579685	15.17390404407104	0.0	0.0	35.56	26.38992700729927	30.907142857142865	17.46666666666667	0.0	19.64	0.0	25.673333333333336	28.53543859649123	0.0	20.431636363636365	17.04029674719422	23.923076923076927	19.3428	0.0	20.10957540263544	9.982825484764543	17.046288583422506	25.944	14.373333333333331	16.562309850834442	15.273683420855216	23.139310344827585	27.824615384615385	22.707154046997392	27.626666666666665	0.0	23.62	16.190125000000002
12.590452911574408	0.0	21.1	0.0	0.0	11.621277860326895	5.504568006843456	15.97543859649123	8.364600500054355	4.928883422167556	30.410000000000004	5.328238691049085	33.92	17.177281584411435	11.69714285714286	0.0	23.28	33.480000000000004	0.0	2.571030368355747	16.49049180327869	15.336	18.160000000000004	3.941875917767988	0.0	29.26608695652174	27.660000000000004	3.074755760154379	16.45926985446986	13.341592920353984	36.440000000000005	24.63230769230769	14.690062111801245	15.144632885211996	24.957894736842103	0.0	0.0	24.759014778325124	0.0	25.59837209302325	22.12500508646999	22.910795698924733	12.292118902439023	24.63674321503132	41.92	18.347603305785125	0.0	28.003076923076925	18.936	29.160000000000004	0.0	0.0	0.0	23.9688188976378	0.0	0.0	0.0	18.64166172106825	0.0	0.0	0.0	23.23293827160494	28.701463414634144	25.41333333333333	0.0	0.0	0.0	27.99090909090909
0.0	0.0	29.640000000000004	0.0	1.72	2.9795594713656386	0.0	3.179782016348774	22.6	19.502	11.22	17.615000000000002	16.2	7.208	2.320001658512315	0.0	0.0	0.0	15.48	22.688	25.3	0.0	0.0	22.656	0.0	34.36	0.0	22.973333333333336	0.0	0.0	16.92	2.2310554439944186	0.0	2.8996125907990318	0.0	0.0	0.0	0.0	0.0	39.84	31.48	0.0	0.0	0.0	0.0	0.0	0.0	0.0	0.0	0.0	0.0	0.0	0.0	0.0	0.0	0.0	0.0	0.0	0.0	0.0	0.0	0.0	0.0	0.0	0.0	0.0	0.0	0.0
14.450640000000002	26.664000000000005	22.517573221757324	11.621277860326895	2.9795594713656386	0.0	8.391407667251316	4.635304002585292	10.83698178364845	5.044394078314736	18.72761273209549	5.854245025095554	22.305989304812837	11.285339291123904	3.4756611619341804	15.6	22.70752941176471	21.86711409395973	22.97248677248677	7.31267119244392	16.821826697892273	17.114	18.540022446689115	10.935227289917554	21.385454545454547	25.84133595284872	26.005142857142857	9.9192201616738	11.808570097268332	15.0582695035461	25.08611111111112	5.580733164789704	16.77714285714286	8.001231850832951	27.167111111111115	30.68	31.920000000000005	26.701417322834647	0.0	28.74289855072464	24.366661818181814	25.621841680129243	13.8255111976631	26.31225720026792	34.745000000000005	21.012534562211982	36.608	28.255384615384617	24.610000000000003	30.360000000000003	37.38	20.48	26.880000000000003	26.641818181818184	26.815000000000005	19.006666666666668	33.733333333333334	22.07701291409321	24.130000000000003	36.2	33.22222222222222	24.54343473994112	30.028210526315792	28.170476190476197	48.68	36.720000000000006	31.420000000000005	28.81106382978724
6.832265566898791	20.2575	15.983321163490473	5.504568006843456	0.0	8.391407667251316	0.0	7.968205666640932	7.8489837078120575	4.260943844259711	25.384273504273505	9.744400000000002	29.1248	7.268153112645706	11.95529411764706	12.083960396039604	16.514289411257277	27.26909090909091	22.200117302052785	7.492807017543861	10.806652357444374	11.119458239277654	12.331652562034604	7.686039087618036	28.05333333333333	22.17897380555284	21.3048697809012	6.114169175301037	12.20882373546308	5.126310597479317	28.71400000000001	19.648806366047744	11.695490498202362	12.02053369692248	21.32208266237252	22.026	28.748059701492544	23.719822222222227	0.0	25.31080459770115	20.62675176056338	23.602136089577947	10.915348189415043	23.028832866479924	36.88444444444444	18.147814569536425	39.8	25.036209476309228	22.57090909090909	21.89006993006993	31.05113043478261	35.64	35.23111111111111	23.316530612244897	21.40860335195531	13.851870967741936	25.21333333333333	19.113900789177	0.0	30.952972972972976	27.919536679536684	19.512014719411223	22.745299145299143	20.679928135106003	0.0	33.40631578947368	22.38074074074074	23.245639913232104
5.213049230769231	24.644102564102564	20.28941028265491	15.97543859649123	3.179782016348774	4.635304002585292	7.968205666640932	0.0	11.378124552612745	9.817428935270122	13.635095785440612	13.507382787569346	17.422258953168047	4.402308384621678	7.720884520884522	19.11179487179487	20.327121580842988	20.35780821917808	24.35525021204411	15.0007127912849	15.256061821964632	15.108646209386285	17.223968998572303	12.212500729501022	16.64941176470588	26.276483727633	26.985168539325844	14.380918648027432	5.567085337364299	11.461368845277727	24.70911475409836	4.206777174296396	15.321967213114757	4.649722597091019	25.012967678746328	26.742857142857144	32.17909090909091	27.33529411764706	0.0	28.381666666666668	23.934052966811933	26.479735391400222	13.453912392362412	25.616514745308308	35.625	20.86235294117647	43.39	28.53790633608816	27.110000000000003	24.002622950819674	34.63351351351351	34.635000000000005	34.331428571428575	26.495500000000003	24.555625	17.220000000000002	29.888947368421054	22.029196360879457	21.78	35.403571428571425	32.52421052631579	22.602219617037907	26.87266998341625	24.34992518703242	46.88	37.235	25.709375	26.77944751381216
9.44431922915794	10.934085532302094	14.81676712328767	8.364600500054355	22.6	10.83698178364845	7.8489837078120575	11.378124552612745	0.0	9.446753805935725	27.31878787878788	3.000464450803434	27.645714285714284	12.37036296203692	2.2955515452289648	7.785882352941178	16.395799086757993	28.912	20.674444444444443	7.422656809694383	10.103658536585368	4.828580790497645	13.858365122615805	3.8524606224839433	19.41777777777778	22.08794117647059	12.102448614834676	7.167534983853606	9.563774610363662	7.852355953127846	31.80333333333333	21.13102272727273	9.600183606557378	10.561813858695654	12.385317545748116	13.88	20.92758620689656	13.880156148340925	0.0	16.067395498392283	11.762877846790891	14.275830875122912	2.313259283698083	14.456349726775958	25.485714285714288	7.564815205913412	0.0	15.63910280373832	9.117837837837838	9.632475247524752	24.08	0.0	24.12	13.015319598520868	9.81022653721683	2.208576709796673	14.6	9.4081291463954	0.0	28.08	21.71375	11.878192026951153	13.243103448275864	11.146026916325336	0.0	24.160000000000004	13.26604651162791	14.508634686346864
11.92311724137931	24.504444444444445	17.378136339615995	4.928883422167556	19.502	5.044394078314736	4.260943844259711	9.817428935270122	9.446753805935725	0.0	24.87576512455516	3.4594069320224854	28.891171171171173	15.575226954777596	10.357166666666668	15.076666666666668	18.09121212121212	27.38405405405405	25.587770700636945	3.8132718110974393	12.398990160023857	13.613521126760563	13.85688480472596	8.526982133380505	27.1024	24.22472995639048	25.08754521963824	5.922597463727987	15.438974942943403	11.01980055401662	30.433968253968253	19.58738532110092	14.657039159503343	14.955117397216108	23.97619433198381	25.256	30.89948717948718	25.80570798898072	0.0	26.641491344873504	22.701035539215688	23.904993694829763	12.974543554006967	25.192418866291654	37.27111111111112	19.86271018793274	40.18666666666667	27.023518930957685	22.388571428571428	23.940689655172413	33.38956521739131	30.48	36.24	25.27528878822197	23.337066666666665	16.513939393939395	27.648450704225358	20.22878845162399	29.62	34.88888888888889	30.68	23.39727793696275	26.64977777777778	23.185777777777776	0.0	34.29600000000001	25.410666666666668	28.041731601731605
22.92	9.24237837837838	19.556302521008405	30.410000000000004	11.22	18.72761273209549	25.384273504273505	13.635095785440612	27.31878787878788	24.87576512455516	0.0	23.404560000000004	4.1960372140479	12.523100661278471	15.786206896551723	23.464	10.616296296296296	3.4143875257391665	4.507326207932161	26.93549234135668	23.133333333333336	21.23368421052632	18.428125	27.76833333333333	4.4785087974781135	6.5507111631057215	8.004516991872709	28.10060606060606	11.10577553593947	22.41230769230769	6.498621991071017	11.218964143426296	0.0	4.542034829795165	38.64	8.366666666666667	0.0	46.8	0.0	22.46	38.114285714285714	39.91	27.67428571428572	37.440000000000005	12.188687042617309	38.0	13.61917426936756	39.333333333333336	0.0	30.28	21.904000000000003	14.119477124183009	15.68204379562044	0.0	36.85333333333334	0.0	31.824	36.53142857142858	6.861257234085012	14.86921902524956	15.053869047619049	38.50666666666667	40.31333333333334	36.82666666666667	15.6006288209607	18.96	0.0	19.45111111111111
13.931063829787234	24.766666666666666	30.453333333333337	5.328238691049085	17.615000000000002	5.854245025095554	9.744400000000002	13.507382787569346	3.000464450803434	3.4594069320224854	23.404560000000004	0.0	27.34099290780142	15.712158482898747	2.4737543601982743	16.720000000000002	25.848888888888887	25.618058252427183	25.87075	3.281677975775255	0.0	10.921712062256807	28.26	4.074733984799132	25.50127659574468	27.963257918552035	28.58230769230769	7.337485549132948	15.814342593541776	13.934285714285712	29.053258426966288	17.72921348314607	16.594	14.783844128488678	0.0	25.44	0.0	18.76045977011494	0.0	21.904444444444444	18.77269841269841	23.271111111111114	7.007542722451386	19.705359477124183	32.120000000000005	12.392444444444449	33.14	0.0	12.832000000000004	0.0	0.0	33.440000000000005	39.4	18.70901960784314	0.0	0.0	0.0	13.67723076923077	29.28	36.944	34.128	18.879285714285714	32.760000000000005	0.0	0.0	0.0	0.0	0.0
26.87	7.2300719540787455	16.473207547169814	33.92	16.2	22.305989304812837	29.1248	17.422258953168047	27.645714285714284	28.891171171171173	4.1960372140479	27.34099290780142	0.0	16.071067323481117	17.996000000000002	23.622857142857143	14.254769230769233	7.553504790721131	9.41525925925926	30.31402298850575	27.648000000000003	14.785333333333332	20.21134328358209	29.2745945945946	4.0438147827994175	3.208338541470577	4.236470259391771	32.1475	14.813832976445395	25.77103448275862	2.322023346303502	14.7968	0.0	7.317169770926997	0.0	9.170769230769231	23.21333333333333	0.0	0.0	0.0	41.064	36.14	0.0	0.0	12.39405028779158	0.0	13.679734238889711	0.0	0.0	0.0	18.24	13.840084626234134	14.23873015873016	35.96	35.8	0.0	23.72	39.28	6.66020162601626	13.840695468914646	14.461390769230771	36.92	19.84	38.24	15.1977752553916	0.0	0.0	14.398333333333332
3.1953926168805475	22.522772277227723	19.382639803439805	17.177281584411435	7.208	11.285339291123904	7.268153112645706	4.402308384621678	12.37036296203692	15.575226954777596	12.523100661278471	15.712158482898747	16.071067323481117	0.0	6.419782608695653	17.949565217391307	19.097417625183777	16.489221374045805	21.365774436090227	16.992472312524107	14.30934965034965	13.54923611111111	16.194862661482503	13.262949451548266	15.021764705882353	24.598486684192483	24.470720688418787	15.048959992676007	5.106666914401442	9.57335938065263	21.09939393939394	4.2624843750000005	14.475151515151516	4.872348306635301	24.792242090784043	25.74	30.97849462365592	28.5	0.0	31.44190476190477	25.077086776859502	29.035723830734963	15.217658079625297	29.17292307692308	36.65	23.752	27.21538461538461	28.570411686586983	27.582857142857144	23.28710280373832	34.349411764705884	30.610000000000003	33.92470588235294	30.796000000000003	23.12744680851064	15.277369863013698	27.90247191011236	23.47700875099444	17.10666666666667	32.925070422535214	31.439720279720284	22.13126673532441	26.025766871165644	23.252659793814438	26.360000000000003	36.85	25.642857142857142	26.7229461756374
0.0	24.44	0.0	11.69714285714286	2.320001658512315	3.4756611619341804	11.95529411764706	7.720884520884522	2.2955515452289648	10.357166666666668	15.786206896551723	2.4737543601982743	17.996000000000002	6.419782608695653	0.0	0.0	0.0	17.9	17.85333333333333	11.861159420289855	0.0	11.88258064516129	0.0	5.934873949579832	17.580000000000002	21.32	21.805714285714284	13.349230769230768	9.04383808095952	14.78	21.593333333333337	7.779473684210527	0.0	8.238973305954826	21.024	0.0	0.0	17.46666666666667	0.0	0.0	19.773333333333333	27.840000000000003	7.563373493975904	20.791111111111118	0.0	14.02	0.0	30.18	0.0	0.0	0.0	0.0	0.0	19.592	0.0	0.0	0.0	18.824	0.0	0.0	0.0	20.40666666666667	24.44	21.08	0.0	0.0	0.0	0.0
14.83225806451613	12.015135135135136	15.269241379310344	0.0	0.0	15.6	12.083960396039604	19.11179487179487	7.785882352941178	15.076666666666668	23.464	16.720000000000002	23.622857142857143	17.949565217391307	0.0	0.0	16.679403973509935	21.56	20.332252252252253	0.0	8.219843992548899	4.776229022704838	4.496596886425285	4.666172192045951	0.0	23.104000000000003	4.777132018752461	3.165259342971825	13.046666666666669	10.958792681733684	27.92	30.32	9.048	9.662657433808556	20.105502183406117	18.78	19.99037037037037	0.0	0.0	29.4	23.31252525252525	25.414444444444445	12.674444444444443	0.0	0.0	0.0	0.0	23.55481081081081	0.0	16.787662661527996	22.864	30.160000000000004	22.952	0.0	17.100202255931546	8.137055950540958	16.181436506416397	18.97772455089821	0.0	27.667692307692317	16.080492055356228	16.696986301369865	20.19889655172414	16.607076447509215	0.0	37.28	18.89777777777778	16.11436559139785
16.074737001667426	7.861832186505085	6.008917682020803	23.28	0.0	22.70752941176471	16.514289411257277	20.327121580842988	16.395799086757993	18.09121212121212	10.616296296296296	25.848888888888887	14.254769230769233	19.097417625183777	0.0	16.679403973509935	0.0	9.50703196347032	3.1588266926268456	25.488000000000003	10.12515466702688	9.976187676246475	5.880650590229253	17.543149113660064	10.64	7.69574322169059	9.29812167395059	17.341634615384613	14.658369509485558	11.975843575418995	12.658655462184877	30.21365853658537	15.89913043478261	4.045683031126728	28.37684210526316	9.987416383906933	16.709010529700187	0.0	0.0	33.040000000000006	28.634666666666668	35.024	20.62	0.0	30.51	0.0	20.442	31.30714285714286	0.0	24.03463917525773	17.536308613235782	22.6975	19.043917137476463	0.0	24.78068571428572	15.879493670886076	19.56447098976109	28.487272727272728	12.902857142857144	17.20118095869962	16.630392526722357	25.743703703703705	29.611111111111114	25.2298275862069	27.8	38.48	27.2	18.0775
25.255714285714284	10.30267281105991	14.031753371868978	33.480000000000004	0.0	21.86711409395973	27.26909090909091	20.35780821917808	28.912	27.38405405405405	3.4143875257391665	25.618058252427183	7.553504790721131	16.489221374045805	17.9	21.56	9.50703196347032	0.0	2.794264560710761	29.607777777777777	22.633333333333336	20.11142857142857	18.038938053097347	29.344	6.279423911157384	6.354944000000001	8.244704597575625	27.769600000000004	14.17517730496454	23.474705882352943	7.839426578845409	13.609230769230768	0.0	8.926541291905153	0.0	10.845405405405408	24.392	0.0	0.0	32.22666666666667	0.0	0.0	0.0	36.6	13.557771671246565	33.03	14.952021945671085	24.448	0.0	0.0	18.71636363636364	15.668912842623962	16.962578427159436	0.0	25.76	0.0	25.24	37.690000000000005	8.123968961532112	16.172967151319334	16.156893627332202	0.0	35.78	35.4	17.020337239211205	0.0	0.0	16.215686274509803
21.054088335220843	7.918771726535343	10.1969696969697	0.0	15.48	22.97248677248677	22.200117302052785	24.35525021204411	20.674444444444443	25.587770700636945	4.507326207932161	25.87075	9.41525925925926	21.365774436090227	17.85333333333333	20.332252252252253	3.1588266926268456	2.794264560710761	0.0	28.72705882352941	17.472926045016077	16.422547425474256	11.388709579933517	21.06016806722689	6.9939330143540674	5.880143369175627	8.826523269328357	21.78203592814372	16.831382289416847	16.36733124720608	9.434119850187267	16.267333333333333	16.12	7.221961923694472	33.952	9.63102002794597	19.68285714285714	36.8	0.0	29.99	34.775238095238095	39.373333333333335	0.0	39.96	13.836412729026035	34.8	14.71877808782494	32.348571428571425	26.76	26.627692307692307	16.735232558139536	16.22300999729803	16.944737429084036	39.32000000000001	27.96242424242424	19.509629629629632	24.453333333333337	35.95333333333333	8.980394366197185	16.060102763137586	15.80398237014458	31.3	33.75333333333334	28.071914893617027	17.717736720554274	0.0	29.880000000000003	15.513529411764704
13.039408284023668	0.0	21.991	2.571030368355747	22.688	7.31267119244392	7.492807017543861	15.0007127912849	7.422656809694383	3.8132718110974393	26.93549234135668	3.281677975775255	30.31402298850575	16.992472312524107	11.861159420289855	0.0	25.488000000000003	29.607777777777777	28.72705882352941	0.0	17.160000000000004	16.68	18.932	4.3795812047381135	30.655	30.33035294117647	31.59478260869565	3.345087383406971	16.62059674975179	16.211063829787236	32.24	21.44705685618729	15.284526748971194	15.996657588225071	26.2	0.0	0.0	23.67703703703704	33.120000000000005	24.80672566371681	21.37450924608819	22.12462311557789	11.03398104265403	23.771538073625823	34.8	17.440461095100865	36.32000000000001	26.69032258064517	20.2	0.0	0.0	37.68	0.0	22.954035087719294	24.48	0.0	0.0	18.37257375381485	31.940000000000005	37.36	37.14857142857143	22.2902371541502	28.062142857142856	26.855	0.0	37.88	27.24	26.677419354838708
11.781648484848484	14.849846153846157	9.28130723081781	16.49049180327869	25.3	16.821826697892273	10.806652357444374	15.256061821964632	10.103658536585368	12.398990160023857	23.133333333333336	0.0	27.648000000000003	14.30934965034965	0.0	8.219843992548899	10.12515466702688	22.633333333333336	17.472926045016077	17.160000000000004	1.72	8.042676575739662	6.789460714715437	9.861874403512122	21.84	16.881572671608122	11.344729873687417	3.4911343359673723	11.377184720041862	8.50010048267571	24.313207547169817	26.0816	10.782222222222222	6.8669259551004345	21.623125	16.152	22.54	0.0	0.0	30.37	23.997714285714288	26.50529411764706	13.225	26.78	0.0	0.0	0.0	24.53239057239057	0.0	17.87880501637511	23.873548387096776	0.0	28.122857142857143	0.0	18.65601548965658	10.412009104076144	18.25527944778446	19.96878048780488	0.0	27.556	19.668217913204064	18.5948085106383	21.064958217270195	18.548667287977636	0.0	34.92	19.496	18.353469387755105
10.870149516270889	4.342852624011503	7.673564960047353	15.336	0.0	17.114	11.119458239277654	15.108646209386285	4.828580790497645	13.613521126760563	21.23368421052632	10.921712062256807	14.785333333333332	13.54923611111111	11.88258064516129	4.776229022704838	9.976187676246475	20.11142857142857	16.422547425474256	16.68	8.042676575739662	0.0	7.925880050363389	5.634352858996108	10.440135135135137	13.83386057410662	5.543592478248667	7.011796451914099	8.241181362980566	8.385473762527901	22.627368421052637	23.356	8.582016129032258	7.310467522935781	13.844227642276426	2.461492537313433	10.969055555555556	23.8	0.0	23.966666666666665	16.91179487179487	19.246923076923075	3.480470588235294	0.0	0.0	0.0	0.0	16.78918918918919	0.0	8.514172185430464	13.026666666666667	0.0	17.12	0.0	10.608986046511628	2.094408696607006	9.968702939337089	10.76896551724138	0.0	23.62	9.192252766868975	10.54967741935484	12.785225225225224	11.005368770764118	0.0	0.0	11.493913043478262	10.264487534626038
13.08260218767991	8.69701388888889	6.156620406410221	18.160000000000004	0.0	18.540022446689115	12.331652562034604	17.223968998572303	13.858365122615805	13.85688480472596	18.428125	28.26	20.21134328358209	16.194862661482503	0.0	4.496596886425285	5.880650590229253	18.038938053097347	11.388709579933517	18.932	6.789460714715437	7.925880050363389	0.0	10.884697265625	21.815	13.01479195822098	9.651782258765175	6.906594289976381	18.56107400130976	9.550467651888342	18.47011904761905	27.653763440860217	12.78857142857143	7.27258047035873	23.21590909090909	10.316997578692495	17.126234046377853	0.0	0.0	32.2	25.466554216867472	29.9693023255814	21.486666666666668	29.624	39.760000000000005	26.160000000000004	0.0	27.18088888888889	0.0	15.687048231511255	20.82899470899471	23.08	24.889302325581397	0.0	18.403636073168787	9.706246711892566	17.775485011287472	23.448301886792454	17.080000000000002	22.329339207048456	17.31163059075873	21.409162561576355	24.08962025316456	19.956785329018334	26.68	0.0	23.471111111111117	17.615333333333332
10.390078730238711	12.957431192660554	15.326470119521913	3.941875917767988	22.656	10.935227289917554	7.686039087618036	12.212500729501022	3.8524606224839433	8.526982133380505	27.76833333333333	4.074733984799132	29.2745945945946	13.262949451548266	5.934873949579832	4.666172192045951	17.543149113660064	29.344	21.06016806722689	4.3795812047381135	9.861874403512122	5.634352858996108	10.884697265625	0.0	26.392000000000003	22.888117073170736	11.017930457419116	3.2585713149146804	11.252145959885876	9.086762493647296	32.18962962962964	22.02903981264637	10.964964883156686	10.280980208214164	18.506200873362445	17.651428571428575	24.161975308641978	20.69729144095341	34.68	22.50455813953489	18.233171694389625	21.13553895410886	8.153187537447575	20.41562130177515	32.689230769230775	14.81506072874494	37.553333333333335	23.0005559619605	19.918297872340425	17.375	27.32	35.69714285714286	33.78	20.263564504101417	17.68768707482993	9.2993686583991	21.37617021276596	16.61983917658411	29.360000000000003	30.437647058823536	25.86821052631579	16.48456877658889	20.39518422905421	17.28481549636804	39.440000000000005	31.73111111111111	19.581657458563537	20.622857142857143
25.32	4.130951447855432	12.904000000000002	0.0	0.0	21.385454545454547	28.05333333333333	16.64941176470588	19.41777777777778	27.1024	4.4785087974781135	25.50127659574468	4.0438147827994175	15.021764705882353	17.580000000000002	0.0	10.64	6.279423911157384	6.9939330143540674	30.655	21.84	10.440135135135137	21.815	26.392000000000003	0.0	5.971540923639688	4.585499010604293	26.176	12.76357142857143	22.85333333333333	7.454686131386862	11.70909090909091	0.0	8.39641131815045	0.0	3.354832535885168	15.744000000000003	0.0	0.0	0.0	37.720000000000006	0.0	0.0	0.0	6.9494297635605005	24.28	8.326642066420664	16.14	0.0	0.0	11.893333333333334	10.016735092864126	10.960236920039486	0.0	33.92	0.0	18.268	37.16	4.240674886437378	10.534619093539057	9.641625887924231	0.0	13.6	25.68	11.25215291750503	12.28	0.0	9.64470588235294
22.418525428829373	6.0913759599473885	7.48215685380277	29.26608695652174	34.36	25.84133595284872	22.17897380555284	26.276483727633	22.08794117647059	24.22472995639048	6.5507111631057215	27.963257918552035	3.208338541470577	24.598486684192483	21.32	23.104000000000003	7.69574322169059	6.354944000000001	5.880143369175627	30.33035294117647	16.881572671608122	13.83386057410662	13.01479195822098	22.888117073170736	5.971540923639688	0.0	6.39003309863393	22.111485411140585	20.84813780813781	19.649520194031425	4.543492876580759	24.4502752293578	0.0	8.672657964652881	31.233333333333334	8.093514869222501	16.05542019176537	0.0	0.0	32.32000000000001	32.71727272727273	36.80571428571429	24.005714285714284	38.586666666666666	13.311006369426751	31.76	14.424982102611692	34.322580645161295	0.0	30.093636363636364	15.398379129256313	15.549210825562886	16.115071047709442	0.0	28.316742081447966	21.8727868852459	22.82022929936306	37.032	8.071615096905814	15.23619572463446	14.53052247481271	33.84400000000001	32.31733333333334	27.21609756097561	17.013377926421406	0.0	0.0	14.262309758281113
23.51025531914894	5.074685459781423	6.670875865486346	27.660000000000004	0.0	26.005142857142857	21.3048697809012	26.985168539325844	12.102448614834676	25.08754521963824	8.004516991872709	28.58230769230769	4.236470259391771	24.470720688418787	21.805714285714284	4.777132018752461	9.29812167395059	8.244704597575625	8.826523269328357	31.59478260869565	11.344729873687417	5.543592478248667	9.651782258765175	11.017930457419116	4.585499010604293	6.39003309863393	0.0	10.602008325545834	20.968573898012103	19.498703152885188	6.053032245340697	22.766666666666666	19.160000000000004	8.55822417206973	25.918709677419358	7.003447569716317	14.703014605422672	0.0	0.0	34.260000000000005	25.70018975332068	31.291904761904767	18.63428571428572	30.486666666666668	13.203162970106074	35.36	14.996404606910366	28.890340136054427	0.0	14.619503816793893	15.714004517980342	15.337393747804706	15.173529044347283	0.0	18.178143884892087	7.994097318768621	17.30260836400389	22.8168	7.325520833333334	14.307619142612063	14.78734076619218	21.958032786885248	31.294000000000004	22.91304878048781	17.00608695652174	40.760000000000005	28.96	15.664333333333335
10.16661665956959	15.10660792951542	15.337490239821529	3.074755760154379	22.973333333333336	9.9192201616738	6.114169175301037	14.380918648027432	7.167534983853606	5.922597463727987	28.10060606060606	7.337485549132948	32.1475	15.048959992676007	13.349230769230768	3.165259342971825	17.341634615384613	27.769600000000004	21.78203592814372	3.345087383406971	3.4911343359673723	7.011796451914099	6.906594289976381	3.2585713149146804	26.176	22.111485411140585	10.602008325545834	0.0	14.105181931143552	7.7772622612630595	30.169600000000003	23.14466403162056	12.809637615274712	11.41364190703083	19.42305611222445	21.462857142857143	24.573493975903617	24.788481675392667	33.84	26.43899721448468	19.344337821937508	23.89465433729635	11.413190578158458	24.407685714285712	33.111724137931034	18.94242774566474	38.3	22.78607497467072	20.66857142857143	16.194376237623764	28.905806451612904	38.98	30.056	24.273333333333333	17.39455656482246	9.252712201591512	17.745855513307987	17.366135338345863	39.36	31.15555555555556	24.08517647058824	18.181583536798048	19.989526576653567	17.784978354978357	0.0	31.566315789473684	19.1244776119403	20.133714285714287
3.017460715149117	17.59655172413793	23.12724779627816	16.45926985446986	0.0	11.808570097268332	12.20882373546308	5.567085337364299	9.563774610363662	15.438974942943403	11.10577553593947	15.814342593541776	14.813832976445395	5.106666914401442	9.04383808095952	13.046666666666669	14.658369509485558	14.17517730496454	16.831382289416847	16.62059674975179	11.377184720041862	8.241181362980566	18.56107400130976	11.252145959885876	12.76357142857143	20.84813780813781	20.968573898012103	14.105181931143552	0.0	5.3823090160867935	18.263716216216217	3.171241178912412	2.750847161572053	3.40547578818708	20.796945593382123	23.768000000000004	25.69333333333333	33.59333333333334	47.16	29.099615384615383	21.876964698119437	26.161035598705503	13.34609703113686	29.160714285714285	32.06	23.22518518518519	21.4	24.50467247254828	24.47142857142857	17.118161648177498	29.73	19.9	28.72	32.718181818181826	17.50074229691877	9.783220338983051	21.557293233082707	20.54498936924167	15.570666666666668	30.224615384615383	27.90153846153846	18.321530921820305	21.479265281541704	18.515081699346407	23.76	34.4951724137931	20.64688524590164	22.474890219560884
5.067692078895024	16.934603174603176	13.674520951469182	13.341592920353984	0.0	15.0582695035461	5.126310597479317	11.461368845277727	7.852355953127846	11.01980055401662	22.41230769230769	13.934285714285712	25.77103448275862	9.57335938065263	14.78	10.958792681733684	11.975843575418995	23.474705882352943	16.36733124720608	16.211063829787236	8.50010048267571	8.385473762527901	9.550467651888342	9.086762493647296	22.85333333333333	19.649520194031425	19.498703152885188	7.7772622612630595	5.3823090160867935	0.0	24.196216216216214	21.0425	6.959983961507618	3.9453937073414354	19.889517736149863	19.650666666666663	25.23806763285024	32.96	31.8	27.746785714285718	19.954262148108302	24.83625332623736	10.89708674304419	25.79891891891892	33.16740740740741	27.28	41.02	22.85731132075472	23.428571428571427	17.08838762405137	27.89470588235294	0.0	29.641818181818184	28.528	17.806585355267156	10.075676558671386	18.81610602221789	17.93934199426354	42.440000000000005	29.39531914893617	26.45317647058824	17.00414847161572	19.828822905620363	17.90377522559475	0.0	32.0048	18.779323671497583	19.560089686098657
27.402718446601945	10.55344262295082	15.068493150684931	36.440000000000005	16.92	25.08611111111112	28.71400000000001	24.70911475409836	31.80333333333333	30.433968253968253	6.498621991071017	29.053258426966288	2.322023346303502	21.09939393939394	21.593333333333337	27.92	12.658655462184877	7.839426578845409	9.434119850187267	32.24	24.313207547169817	22.627368421052637	18.47011904761905	32.18962962962964	7.454686131386862	4.543492876580759	6.053032245340697	30.169600000000003	18.263716216216217	24.196216216216214	0.0	16.76301886792453	0.0	11.562996015936257	42.92	12.793333333333331	25.54	0.0	0.0	0.0	41.48	46.760000000000005	35.36	0.0	15.058769230769231	0.0	15.988483685220729	0.0	0.0	32.290000000000006	24.35111111111112	16.914893617021278	18.2592	0.0	35.656	27.840000000000003	34.42	41.120000000000005	9.442045760430688	17.53739534883721	16.997313432835824	40.74	0.0	36.61	18.334437869822487	0.0	0.0	17.970000000000002
13.558064516129033	16.28	30.488800000000005	24.63230769230769	2.2310554439944186	5.580733164789704	19.648806366047744	4.206777174296396	21.13102272727273	19.58738532110092	11.218964143426296	17.72921348314607	14.7968	4.2624843750000005	7.779473684210527	30.32	30.21365853658537	13.609230769230768	16.267333333333333	21.44705685618729	26.0816	23.356	27.653763440860217	22.02903981264637	11.70909090909091	24.4502752293578	22.766666666666666	23.14466403162056	3.171241178912412	21.0425	16.76301886792453	0.0	0.0	3.1774302247514306	32.36	0.0	38.32000000000001	39.120000000000005	0.0	42.2	31.94634146341464	35.24	22.946666666666665	34.620000000000005	0.0	0.0	22.06	38.13142857142857	0.0	0.0	0.0	0.0	0.0	0.0	34.56	23.56	42.92	31.70472727272728	13.920000000000002	0.0	40.0	31.69166666666667	35.56	32.52923076923078	0.0	0.0	32.88	34.592
9.336949152542374	15.760000000000002	21.76	14.690062111801245	0.0	16.77714285714286	11.695490498202362	15.321967213114757	9.600183606557378	14.657039159503343	0.0	16.594	0.0	14.475151515151516	0.0	9.048	15.89913043478261	0.0	16.12	15.284526748971194	10.782222222222222	8.582016129032258	12.78857142857143	10.964964883156686	0.0	0.0	19.160000000000004	12.809637615274712	2.750847161572053	6.959983961507618	0.0	0.0	0.0	2.793795918367347	21.51203883495145	0.0	24.04	0.0	0.0	27.81333333333334	21.70805194805195	26.645714285714284	12.654222222222222	27.12	0.0	31.4	0.0	25.12024767801858	23.44	17.39056179775281	0.0	0.0	0.0	0.0	18.43192660550459	10.504888888888887	21.144	19.929101338432123	0.0	0.0	37.68	18.979409282700423	21.95987341772152	19.554874651810582	0.0	35.57000000000001	19.60666666666667	22.44324324324324
9.280844884488449	7.504262295081967	10.83174129353234	15.144632885211996	2.8996125907990318	8.001231850832951	12.02053369692248	4.649722597091019	10.561813858695654	14.955117397216108	4.542034829795165	14.783844128488678	7.317169770926997	4.872348306635301	8.238973305954826	9.662657433808556	4.045683031126728	8.926541291905153	7.221961923694472	15.996657588225071	6.8669259551004345	7.310467522935781	7.27258047035873	10.280980208214164	8.39641131815045	8.672657964652881	8.55822417206973	11.41364190703083	3.40547578818708	3.9453937073414354	11.562996015936257	3.1774302247514306	2.793795918367347	0.0	21.969307479224376	9.13261744966443	15.50371747211896	31.648000000000003	0.0	30.583783783783787	22.85849462365592	27.565847953216377	15.175976331360946	28.975238095238097	17.32977777777778	23.621176470588235	16.297037037037036	25.418116883116884	27.360000000000003	15.700037914691944	15.902407407407406	19.54947368421053	17.451938461538465	29.160000000000004	17.08077185017026	9.134085656016316	17.02403264195852	22.20751415337108	11.46827067669173	16.562334630350197	16.518447276940904	22.22077253218884	22.19470588235294	18.50904929577465	18.56	33.92	20.34857142857143	19.87736263736264
21.685232067510547	21.64	25.39542857142857	24.957894736842103	0.0	27.167111111111115	21.32208266237252	25.012967678746328	12.385317545748116	23.97619433198381	38.64	0.0	0.0	24.792242090784043	21.024	20.105502183406117	28.37684210526316	0.0	33.952	26.2	21.623125	13.844227642276426	23.21590909090909	18.506200873362445	0.0	31.233333333333334	25.918709677419358	19.42305611222445	20.796945593382123	19.889517736149863	42.92	32.36	21.51203883495145	21.969307479224376	0.0	18.38909090909091	15.377904761904764	13.221178423236514	13.56	14.276899441340785	7.118999528672428	7.170913284132841	9.399452962412402	12.338738842499282	16.366419753086422	11.402996254681648	21.82434782608696	3.646381550851077	21.62	11.225333333333332	15.733107344632767	21.635862068965515	17.32518409425626	13.099910952804986	11.46234067207416	11.080763983628923	12.126966966966968	10.134167661810366	19.54	20.551957671957677	20.154000000000003	10.753165829145727	3.637694440132177	4.9998932489868535	24.87333333333333	13.040576923076925	5.146046511627906	7.40031985784096
21.71	2.073912824389015	8.425919439579685	0.0	0.0	30.68	22.026	26.742857142857144	13.88	25.256	8.366666666666667	25.44	9.170769230769231	25.74	0.0	18.78	9.987416383906933	10.845405405405408	9.63102002794597	0.0	16.152	2.461492537313433	10.316997578692495	17.651428571428575	3.354832535885168	8.093514869222501	7.003447569716317	21.462857142857143	23.768000000000004	19.650666666666663	12.793333333333331	0.0	0.0	9.13261744966443	18.38909090909091	0.0	6.257332496187999	0.0	0.0	27.98	20.626341463414636	24.75304347826087	11.257925373134327	30.0	12.72	18.405	7.036853669254431	22.5904	20.28	12.123888888888889	7.1947654627485615	13.465306122448984	8.178150943396227	0.0	14.230028985507246	4.538270718232044	10.845666387259012	13.277483833039389	4.035491529330415	6.8214133480680434	5.181619924134071	14.33994884910486	20.901052631578946	15.719416058394163	12.705925925925929	31.320000000000004	0.0	6.2322948073701845
28.10333333333333	8.814365748121158	15.17390404407104	0.0	0.0	31.920000000000005	28.748059701492544	32.17909090909091	20.92758620689656	30.89948717948718	0.0	0.0	23.21333333333333	30.97849462365592	0.0	19.99037037037037	16.709010529700187	24.392	19.68285714285714	0.0	22.54	10.969055555555556	17.126234046377853	24.161975308641978	15.744000000000003	16.05542019176537	14.703014605422672	24.573493975903617	25.69333333333333	25.23806763285024	25.54	38.32000000000001	24.04	15.50371747211896	15.377904761904764	6.257332496187999	0.0	27.640000000000004	0.0	23.263076923076927	16.03555303973735	19.828958543983823	13.99322033898305	20.741818181818186	19.31	0.0	14.444824120603016	18.79062823355506	0.0	12.788108108108108	5.193395443513662	12.439240506329114	8.777194298574644	22.64	9.687313595571585	7.828390501319262	5.333985988862944	14.566666666666668	10.412307692307694	5.871386581884247	6.251030494585895	12.56796875	24.71	12.49724770642202	15.516239316239318	30.81333333333334	15.960000000000004	12.267301587301588
28.253333333333337	0.0	0.0	24.759014778325124	0.0	26.701417322834647	23.719822222222227	27.33529411764706	13.880156148340925	25.80570798898072	46.8	18.76045977011494	0.0	28.5	17.46666666666667	0.0	0.0	0.0	36.8	23.67703703703704	0.0	23.8	0.0	20.69729144095341	0.0	0.0	0.0	24.788481675392667	33.59333333333334	32.96	0.0	39.120000000000005	0.0	31.648000000000003	13.221178423236514	0.0	27.640000000000004	0.0	25.312	12.529379014989292	7.217427101200687	15.673340587595217	9.028859813084114	3.086557131388815	25.98964705882353	6.161505601194922	32.17454545454545	17.812202062393943	11.178634538152613	0.0	0.0	31.385	32.28	2.821921820596576	16.57777777777778	0.0	17.8	4.203359807163386	0.0	32.39333333333334	31.380000000000003	3.411669518056865	16.4781638270962	12.853333333333332	33.440000000000005	24.679238095238095	15.508813559322036	16.300587904886726
35.28	0.0	0.0	0.0	0.0	0.0	0.0	0.0	0.0	0.0	0.0	0.0	0.0	0.0	0.0	0.0	0.0	0.0	0.0	33.120000000000005	0.0	0.0	0.0	34.68	0.0	0.0	0.0	33.84	47.16	31.8	0.0	0.0	0.0	0.0	13.56	0.0	0.0	25.312	0.0	3.390331288343558	21.39076923076923	2.747144006436042	23.07304347826087	23.046222222222223	11.502	20.10705882352941	16.25	8.40045766590389	2.39488394216134	0.0	0.0	15.9	0.0	22.804324324324327	0.0	25.56	26.72	23.445	0.0	0.0	0.0	24.056	3.460943820224719	18.224	0.0	2.208525164113786	0.0	3.177012323414488
29.10810810810811	32.040000000000006	35.56	25.59837209302325	39.84	28.74289855072464	25.31080459770115	28.381666666666668	16.067395498392283	26.641491344873504	22.46	21.904444444444444	0.0	31.44190476190477	0.0	29.4	33.040000000000006	32.22666666666667	29.99	24.80672566371681	30.37	23.966666666666665	32.2	22.50455813953489	0.0	32.32000000000001	34.260000000000005	26.43899721448468	29.099615384615383	27.746785714285718	0.0	42.2	27.81333333333334	30.583783783783787	14.276899441340785	27.98	23.263076923076927	12.529379014989292	3.390331288343558	0.0	7.639646747034679	4.876115244778896	13.386892508143324	4.910756016544157	10.844584900928016	7.027559420477961	23.345876010781677	7.62409863449556	3.5138876035525035	16.533333333333335	27.880000000000003	23.189141274238228	22.607368421052637	9.674569435812446	18.095874673629247	21.248	19.282836879432622	12.993304628632938	20.93531914893617	24.556012084592147	26.066222222222223	8.65770732521275	10.61944366526414	16.029513108614232	25.14196531791908	5.005672112353111	17.777333333333335	8.40545616316474
