0.0	22.912	17.458848829854524	14.734782608695651	0.0	12.931832061068704	5.63417380185488	5.88156972669937	12.573023255813954	14.515081775700937	22.62086956521739	15.578571428571433	15.451223021582734	4.055785350390581	19.68	19.453333333333333	17.451531579650158	25.6748717948718	21.81763297872341	15.116027713625863	12.604275256222548	19.51	15.30058960952275	11.923162156403157	25.44	22.21374803644361	24.275031055900623	11.748958288770057	4.678848159847205	5.119029823301753	0.0	15.920000000000002	9.471764705882354	9.915659540137153	26.4	0.0	0.0	30.05	0.0	0.0	26.8	29.4	14.813333333333333	33.11294117647059	0.0	22.56	0.0	30.140000000000004	0.0	0.0	0.0	0.0	0.0	34.96	0.0	0.0	0.0	23.456444444444447	0.0	0.0	39.02	27.34536585365853	30.522857142857145	24.72	0.0	0.0	27.52	28.186666666666667
22.912	0.0	7.674259681093393	0.0	0.0	17.6	23.76	29.11428571428572	10.362177269097684	26.4	9.86624	0.0	8.809169121979966	26.162857142857145	18.32477064220184	9.389247311827956	9.028941072219762	11.247954545454546	8.519816618911175	0.0	14.275555555555556	3.653769724502263	8.154209919261822	12.202991730474732	3.8782610038610046	9.484114458590698	4.572779858137901	18.30506666666667	23.976774193548387	20.282000000000004	10.94027397260274	0.0	20.880000000000003	11.708902439024392	27.08	2.0440943326336587	9.732655367231638	0.0	0.0	0.0	0.0	21.76	0.0	0.0	13.04	0.0	12.326	0.0	0.0	16.053333333333335	10.049861495844876	12.995555555555558	9.093990461049284	30.76	17.733333333333334	8.680000000000001	12.043809523809523	21.26	8.102102102102103	9.413980582524273	8.360571627744859	20.944000000000003	0.0	0.0	0.0	0.0	0.0	11.47409090909091
17.458848829854524	7.674259681093393	0.0	24.93117117117117	32.0	25.365675675675675	18.77249990529227	22.50289920261705	20.224168260038244	26.615304990757856	15.532307692307691	26.48	25.689166666666665	21.569241323648104	28.025	14.849704918032788	7.474586357039188	15.48	11.956834136269787	25.648539325842695	10.90248447204969	10.908660436137072	6.872122803143682	19.672517021506543	14.31	6.07796000357111	7.310317928131258	15.632662449276134	23.725953721075676	13.856895142986838	0.0	33.40571428571429	22.02857142857143	10.89497409326425	0.0	10.197101449275362	0.0	40.21333333333334	0.0	44.52	0.0	35.06	22.68936170212766	40.52190476190477	0.0	30.140000000000004	58.44	39.82000000000001	0.0	21.0	19.860000000000003	0.0	0.0	41.48	0.0	11.053333333333333	20.733333333333334	31.70679069767442	22.96	23.14	17.863333333333333	35.39826086956522	38.82782608695652	0.0	0.0	0.0	0.0	42.32000000000001
14.734782608695651	0.0	24.93117117117117	0.0	24.96	11.099158200290276	6.772401628222523	14.7216	9.7292927756654	6.58955756312254	31.120000000000005	4.975498014799963	24.579574468085102	17.58571428571429	10.38378947368421	16.080000000000002	26.626666666666665	0.0	31.05263157894737	3.214516635623243	20.38086956521739	18.26666666666667	22.97116279069768	4.18412792370617	0.0	30.36851851851852	31.31230769230769	3.722731741254405	18.352940783986657	17.95380281690141	0.0	25.342857142857145	17.52703703703704	18.350684667309547	24.380000000000003	0.0	35.24	19.39389558232932	0.0	32.38	27.205454545454547	29.666666666666668	16.09799511002445	30.62242152466368	45.88	19.84	0.0	32.102222222222224	0.0	0.0	0.0	0.0	0.0	10.531958762886598	0.0	0.0	0.0	22.99555555555556	0.0	0.0	0.0	29.203962848297216	31.2725	0.0	0.0	0.0	29.360000000000003	32.93714285714286
0.0	0.0	32.0	24.96	0.0	3.527909635274905	21.552	4.603924154987634	9.017052631578949	22.64631578947368	15.720000000000002	16.204615384615387	3.457025641025641	4.662105263157895	2.713985573364092	0.0	31.520000000000003	0.0	29.72	24.32	0.0	20.08	28.56	12.31	0.0	23.5	15.960000000000004	21.660000000000004	3.4994890510948906	18.6	0.0	2.3213401467706616	0.0	3.428216432865732	0.0	0.0	0.0	0.0	0.0	0.0	0.0	0.0	0.0	0.0	0.0	0.0	0.0	0.0	0.0	0.0	0.0	0.0	0.0	0.0	0.0	0.0	0.0	0.0	0.0	0.0	0.0	0.0	0.0	0.0	0.0	0.0	0.0	0.0
12.931832061068704	17.6	25.365675675675675	11.099158200290276	3.527909635274905	0.0	8.516562296998831	4.302936828969168	14.612797006548178	5.976202692983494	14.76990476190476	5.116296317790093	5.764544095665172	7.71341590909091	3.148303178484108	19.56	25.71902268760908	18.585454545454542	27.557426900584797	8.161048333028585	20.91349344978166	18.2	24.11157088122605	12.164106537530268	23.305454545454545	28.470500000000005	27.721481481481483	10.817873401933271	6.730854566890907	14.412574850299402	0.0	4.437502116198539	19.262784810126583	6.781401219771217	28.80444444444444	0.0	33.4	31.03162303664921	0.0	32.220000000000006	27.059310344827587	32.31272727272728	16.993333333333332	33.058327759197326	0.0	28.532	0.0	32.618947368421054	0.0	0.0	0.0	0.0	0.0	31.10888888888889	0.0	0.0	0.0	23.76759493670886	18.92	43.34	0.0	29.67186274509804	32.766000000000005	0.0	0.0	0.0	32.08	32.90444444444445
5.63417380185488	23.76	18.77249990529227	6.772401628222523	21.552	8.516562296998831	0.0	8.60719085421034	9.6273417721519	4.676694121271147	25.73052631578948	8.513442622950821	20.62823311748381	6.573022005889433	14.042208588957056	12.707480916030534	19.031493019954254	27.975172413793103	24.37236947791165	8.941176470588236	13.779065976858032	13.572474576271189	16.444187187454276	7.73237210738788	25.92	23.900482621208766	24.638102264054947	6.725826430520738	12.822456109703904	5.775817051090295	33.0	22.901904761904763	13.06224155578301	13.926930487213252	25.292244897959183	25.866666666666667	31.94222222222222	27.45381720430108	0.0	28.946	23.9001652892562	26.63078947368421	12.964791544333533	29.693518948182525	44.32000000000001	24.16313725490196	43.3	27.86801498127341	0.0	19.880000000000003	32.68	39.8	0.0	28.6108	25.73	18.68	31.645000000000003	20.021562893874467	31.26	34.93185185185185	33.65	25.399981490050905	27.51291208791209	22.469824561403502	0.0	0.0	27.02	25.931167512690354
5.88156972669937	29.11428571428572	22.50289920261705	14.7216	4.603924154987634	4.302936828969168	8.60719085421034	0.0	13.27116201582674	11.22197343767636	18.580269058295965	8.647294336590111	8.18374818145748	5.141056347173198	7.829543568464731	19.872000000000003	22.709884547069272	24.82692307692308	25.97655049151028	14.13392406752519	18.13339846743295	22.43692307692308	20.813341710296687	14.17897142857143	22.770909090909093	27.028959907030792	28.51387949718249	13.778895547393518	7.26330698967075	11.108477320307047	0.0	3.997002257336343	16.600418848167543	7.761975488597787	27.95777777777778	29.112	38.720000000000006	30.18861538461539	0.0	30.96	26.59218390804598	29.808125	15.930141732283465	32.336551724137934	49.440000000000005	26.898823529411764	0.0	30.825357142857143	34.36	0.0	37.1	0.0	39.720000000000006	31.692173913043483	0.0	0.0	36.52	23.04185967878276	30.28	41.556	38.260000000000005	28.33578475336323	31.3381308411215	26.4	0.0	0.0	32.115	31.04387096774194
12.573023255813954	10.362177269097684	20.224168260038244	9.7292927756654	9.017052631578949	14.612797006548178	9.6273417721519	13.27116201582674	0.0	15.62278508376869	0.0	2.615249971486142	23.41803921568628	13.799202383680957	3.0185987088005435	4.815782167645489	21.874315789473687	24.44	23.830447761194037	6.148334268087494	11.25487256371814	3.973443462870096	18.18246679316888	4.12233343450755	17.445155555555555	21.22947907771136	16.659386819023098	9.772538690010943	13.10775663260523	9.327679324894516	0.0	26.98	12.057375913813006	9.42485955697648	13.75375	15.920000000000002	18.670508474576277	15.530068259385668	0.0	17.5	12.902608695652177	16.058370370370373	2.056254746763051	18.12075362318841	0.0	12.61837837837838	33.64	16.672032520325207	0.0	8.137106690777577	22.20695652173913	29.880000000000003	27.0	16.53125748502994	12.601846153846155	1.9321185185185183	16.601142857142857	8.781213976564974	25.520000000000003	23.73319587628866	21.176470588235293	12.860558237145856	16.53021645021645	10.907557251908395	0.0	0.0	15.60603174603175	13.64381717729784
14.515081775700937	26.4	26.615304990757856	6.58955756312254	22.64631578947368	5.976202692983494	4.676694121271147	11.22197343767636	15.62278508376869	0.0	29.47111111111112	4.248654064172532	22.284979039019674	16.08616352798689	17.00392857142857	19.555	28.84723809523809	34.17	34.380540540540544	3.697895650915407	22.112569558101477	20.957500000000003	24.861329534662868	10.042670204116565	36.440000000000005	32.66383701188455	34.37248	6.214678245142759	19.08012133256629	19.9087323943662	37.2	25.046067415730334	19.107956989247317	19.03280344586386	31.26666666666667	0.0	36.77	32.07433070866142	0.0	34.34	29.278904109589043	31.65176470588235	17.93796520822351	34.160215246636774	0.0	28.93800000000001	0.0	33.24911392405063	0.0	0.0	0.0	0.0	0.0	32.26730538922156	32.52	0.0	36.98857142857143	25.036831302116745	0.0	41.89333333333333	0.0	31.00118226600985	34.310967741935485	29.868571428571425	0.0	0.0	33.7	33.8408695652174
22.62086956521739	9.86624	15.532307692307691	31.120000000000005	15.720000000000002	14.76990476190476	25.73052631578948	18.580269058295965	0.0	29.47111111111112	0.0	25.952	4.632142247382847	15.724742268041236	0.0	20.05894736842105	7.296250000000001	3.2100347452242217	4.035445045045046	30.77230769230769	19.35794871794872	16.873846153846156	18.257608695652173	27.044	5.024866031289337	5.055850616656659	7.346507462686567	23.22	11.607629427792917	20.50588235294118	6.526688102893891	13.7	20.78	4.165590714476854	0.0	8.48	0.0	0.0	0.0	0.0	0.0	0.0	0.0	0.0	14.084	0.0	14.5744	0.0	0.0	0.0	0.0	17.67	16.84	0.0	0.0	20.44	0.0	45.08	9.174414414414416	16.784000000000002	15.55	0.0	0.0	0.0	18.0	0.0	0.0	0.0
15.578571428571433	0.0	26.48	4.975498014799963	16.204615384615387	5.116296317790093	8.513442622950821	8.647294336590111	2.615249971486142	4.248654064172532	25.952	0.0	19.13476673427992	15.126052026190056	3.3765765274845045	0.0	30.840000000000003	26.28	30.15	2.843630724022529	20.3	13.48	24.26	4.920391861341372	32.02	30.50769230769231	31.441739130434787	8.172978979535142	17.236383561643837	22.825	0.0	20.201090909090908	16.96	17.565097502565855	0.0	0.0	0.0	20.77714285714286	0.0	0.0	29.6	0.0	11.749473684210528	35.25	0.0	23.72	0.0	0.0	0.0	0.0	0.0	0.0	0.0	29.880000000000003	0.0	0.0	0.0	27.552	0.0	0.0	0.0	31.511111111111116	36.52	0.0	0.0	0.0	0.0	0.0
15.451223021582734	8.809169121979966	25.689166666666665	24.579574468085102	3.457025641025641	5.764544095665172	20.62823311748381	8.18374818145748	23.41803921568628	22.284979039019674	4.632142247382847	19.13476673427992	0.0	6.008140022584288	25.05333333333333	27.02	14.572753623188405	5.868773706026926	6.589702320887993	22.4901625320787	25.427961165048547	15.915362318840582	24.06038997214485	22.797350993377485	3.8788573022736794	4.2664156969546925	3.6781492917708185	24.075304347826087	3.4446086804950324	19.83142857142857	2.6085490065119386	4.8244444444444445	25.673333333333336	4.958194492634767	0.0	13.056	0.0	47.56	0.0	0.0	0.0	0.0	26.12	43.43	11.394947368421054	43.16	13.38981077147016	0.0	0.0	0.0	0.0	14.773777777777775	25.46	0.0	0.0	16.64	0.0	34.48421052631579	6.910670391061453	14.1579766536965	14.681515151515152	38.24	36.16	0.0	14.645777777777775	0.0	0.0	23.110000000000003
4.055785350390581	26.162857142857145	21.569241323648104	17.58571428571429	4.662105263157895	7.71341590909091	6.573022005889433	5.141056347173198	13.799202383680957	16.08616352798689	15.724742268041236	15.126052026190056	6.008140022584288	0.0	17.29268292682927	19.016	20.9352847273459	25.56218181818182	24.656704900938475	17.299216702865554	16.800168174289716	19.766315789473687	19.251626892935008	14.669274160099544	19.05	25.648843354003777	27.31552622438347	14.729789935783478	4.578807918383893	9.660254866428948	26.792	2.4451747160322554	10.464485981308412	5.997646226176635	28.110000000000003	27.453333333333337	32.84	31.06144	0.0	31.20888888888889	27.70242424242424	29.351666666666667	16.950027100271004	32.77253012048193	47.720000000000006	27.17	0.0	31.086666666666662	0.0	22.0	35.5	0.0	0.0	32.05384615384615	0.0	0.0	31.85333333333333	24.201370309951063	19.360000000000003	38.39333333333334	40.120000000000005	28.689392033542976	32.013953488372096	24.896	0.0	0.0	28.984	31.13811320754717
19.68	18.32477064220184	28.025	10.38378947368421	2.713985573364092	3.148303178484108	14.042208588957056	7.829543568464731	3.0185987088005435	17.00392857142857	0.0	3.3765765274845045	25.05333333333333	17.29268292682927	0.0	0.0	28.790000000000003	0.0	29.880000000000003	7.976407185628743	19.192	12.756088019559902	24.14	4.785999158603282	25.65	28.40774193548388	24.91555555555556	14.3507027027027	19.18387096774194	15.293333333333331	0.0	15.920000000000002	19.061818181818182	19.71	0.0	0.0	0.0	0.0	0.0	0.0	0.0	0.0	0.0	0.0	0.0	0.0	0.0	0.0	0.0	0.0	0.0	0.0	0.0	0.0	0.0	0.0	0.0	0.0	0.0	0.0	0.0	0.0	0.0	0.0	0.0	0.0	0.0	0.0
19.453333333333333	9.389247311827956	14.849704918032788	16.080000000000002	0.0	19.56	12.707480916030534	19.872000000000003	4.815782167645489	19.555	20.05894736842105	0.0	27.02	19.016	0.0	0.0	16.397153558052434	25.26	19.935333333333336	0.0	4.561831699779249	4.279573834612803	3.910372866615937	3.936217469273499	17.12	19.805274725274728	5.199526592180512	4.691339951703784	17.506666666666668	11.526132241076652	0.0	0.0	0.0	12.269669711876318	0.0	10.48	21.110000000000003	0.0	0.0	0.0	0.0	0.0	8.635844155844158	0.0	0.0	0.0	0.0	0.0	0.0	16.21425706472197	25.880000000000003	0.0	0.0	0.0	18.055172413793105	8.729185087429892	17.72746666666667	20.084864864864866	30.920000000000005	25.22	16.039225352112677	17.02930693069307	22.106666666666666	15.212	0.0	0.0	0.0	17.367407407407406
17.451531579650158	9.028941072219762	7.474586357039188	26.626666666666665	31.520000000000003	25.71902268760908	19.031493019954254	22.709884547069272	21.874315789473687	28.84723809523809	7.296250000000001	30.840000000000003	14.572753623188405	20.9352847273459	28.790000000000003	16.397153558052434	0.0	9.4632	3.374875457875458	28.390638297872343	8.241022046124149	14.340330578512395	8.915317009467843	21.915035714285715	8.516101694915255	6.597499755580903	11.36971682046504	20.087660496258373	16.204291963029174	12.857437540038436	13.993333333333334	34.10285714285715	16.968730964467007	5.49944556094101	0.0	12.502942942942944	20.614117647058823	40.53	0.0	0.0	0.0	43.6	24.913846153846155	42.88	0.0	0.0	19.48	41.1	0.0	20.4	19.8	0.0	18.7525	0.0	0.0	14.889411764705883	23.066666666666663	33.65176470588235	15.24705882352941	18.15333333333333	18.3963358778626	39.59333333333334	39.34400000000001	0.0	0.0	0.0	42.4	24.008000000000003
25.6748717948718	11.247954545454546	15.48	0.0	0.0	18.585454545454542	27.975172413793103	24.82692307692308	24.44	34.17	3.2100347452242217	26.28	5.868773706026926	25.56218181818182	0.0	25.26	9.4632	0.0	2.743354156655454	33.7	22.435333333333336	19.448	21.225038961038965	28.946666666666665	6.87126334077935	4.2590563086548485	8.592223618090452	27.925	22.357813504823152	22.708196721311477	7.507806335923492	16.32	24.83	7.96033866913613	0.0	21.160000000000004	0.0	0.0	0.0	0.0	0.0	0.0	0.0	0.0	15.48	0.0	15.960000000000004	0.0	0.0	0.0	0.0	18.76	0.0	0.0	0.0	23.28	0.0	0.0	10.781632653061225	17.89714285714286	17.728	0.0	0.0	0.0	19.56	0.0	0.0	21.6
21.81763297872341	8.519816618911175	11.956834136269787	31.05263157894737	29.72	27.557426900584797	24.37236947791165	25.97655049151028	23.830447761194037	34.380540540540544	4.035445045045046	30.15	6.589702320887993	24.656704900938475	29.880000000000003	19.935333333333336	3.374875457875458	2.743354156655454	0.0	30.452	18.30767141887305	17.30894736842105	16.96148499210111	25.47523131672598	5.74305885603758	5.683847835438926	8.329785726817102	24.625644955300128	20.619644444444443	19.097491085899517	8.551678267594742	20.75076923076923	21.91917808219178	6.3498196959578905	0.0	10.615220125786164	25.68	47.720000000000006	0.0	0.0	0.0	0.0	26.26	47.760000000000005	18.68	0.0	16.081818181818186	0.0	0.0	23.68	18.224	17.78909090909091	16.62162162162162	0.0	0.0	20.87	28.42	36.77111111111112	8.793506493506495	16.873939393939395	15.992	40.38666666666667	0.0	0.0	18.2	0.0	0.0	20.262222222222224
15.116027713625863	0.0	25.648539325842695	3.214516635623243	24.32	8.161048333028585	8.941176470588236	14.13392406752519	6.148334268087494	3.697895650915407	30.77230769230769	2.843630724022529	22.4901625320787	17.299216702865554	7.976407185628743	0.0	28.390638297872343	33.7	30.452	0.0	21.58	0.0	24.10617283950617	4.713761328347804	0.0	32.625	32.92774193548387	5.524661731353502	19.71066073854514	19.856	35.08	25.202181818181817	19.149565217391302	19.46493804213135	0.0	0.0	38.24	6.705474254742548	0.0	34.64	28.483333333333334	30.75	16.81694915254237	33.3352380952381	0.0	31.76	0.0	30.49333333333333	0.0	0.0	0.0	0.0	0.0	29.53333333333334	0.0	0.0	0.0	24.582372881355933	0.0	0.0	0.0	29.88099173553719	33.08	27.48	0.0	0.0	0.0	31.14666666666667
12.604275256222548	14.275555555555556	10.90248447204969	20.38086956521739	0.0	20.91349344978166	13.779065976858032	18.13339846743295	11.25487256371814	22.112569558101477	19.35794871794872	20.3	25.427961165048547	16.800168174289716	19.192	4.561831699779249	8.241022046124149	22.435333333333336	18.30767141887305	21.58	0.0	10.072208695652176	5.324605753512502	13.110160444072696	24.03	16.863485507780812	11.648310539018505	7.24405745872974	16.17339524085897	5.600022576902575	27.2	29.72923076923077	13.245373134328355	9.735410903396838	0.0	17.191111111111113	22.04	35.026666666666664	0.0	31.6	29.52	32.36	12.12	35.89666666666667	0.0	0.0	0.0	32.906666666666666	0.0	17.41217391304348	27.160000000000004	0.0	0.0	30.48	22.026666666666664	10.885842696629217	26.3	23.03240506329114	0.0	42.120000000000005	19.866666666666667	24.214901960784317	31.75	17.96	0.0	0.0	0.0	24.145000000000003
19.51	3.653769724502263	10.908660436137072	18.26666666666667	20.08	18.2	13.572474576271189	22.43692307692308	3.973443462870096	20.957500000000003	16.873846153846156	13.48	15.915362318840582	19.766315789473687	12.756088019559902	4.279573834612803	14.340330578512395	19.448	17.30894736842105	0.0	10.072208695652176	0.0	8.02970920138889	5.18295728653023	10.429386056191468	14.393471019320453	6.645339038991192	9.368149595311191	17.73837837837838	12.14	16.28	0.0	15.713333333333331	12.323962264150945	0.0	2.091099353321576	10.147368421052631	0.0	0.0	0.0	22.04	25.14	3.3177777777777777	29.62	0.0	0.0	19.62	21.48	0.0	9.042384937238497	17.23	0.0	18.70666666666667	0.0	13.10981818181818	2.3214151624548736	12.616	13.547184466019417	12.765714285714289	24.005714285714284	8.872111368909513	12.794853801169593	0.0	14.76	0.0	0.0	0.0	13.220882352941178
15.30058960952275	8.154209919261822	6.872122803143682	22.97116279069768	28.56	24.11157088122605	16.444187187454276	20.813341710296687	18.18246679316888	24.861329534662868	18.257608695652173	24.26	24.06038997214485	19.251626892935008	24.14	3.910372866615937	8.915317009467843	21.225038961038965	16.96148499210111	24.10617283950617	5.324605753512502	8.02970920138889	0.0	14.375528317836013	22.2175	14.048107525828724	9.330466304615266	9.905117742964489	17.82486193293886	9.972168327676435	26.5	32.14962962962964	16.800833333333333	9.4485352767871	34.0	11.268761061946902	21.454117647058823	37.53818181818183	0.0	0.0	33.93	39.64	21.401290322580643	37.31111111111112	0.0	38.52	26.9	35.391111111111115	0.0	17.28491978609626	21.360000000000003	0.0	30.52	35.96	20.64	11.463146729522688	21.508351648351653	27.92	23.020000000000003	30.360000000000003	17.096467065868264	31.335	36.72761904761905	0.0	0.0	0.0	0.0	21.55428571428572
11.923162156403157	12.202991730474732	19.672517021506543	4.18412792370617	12.31	12.164106537530268	7.73237210738788	14.17897142857143	4.12233343450755	10.042670204116565	27.044	4.920391861341372	22.797350993377485	14.669274160099544	4.785999158603282	3.936217469273499	21.915035714285715	28.946666666666665	25.47523131672598	4.713761328347804	13.110160444072696	5.18295728653023	14.375528317836013	0.0	19.556019900497517	23.90070089649552	15.455623141445008	3.993907411033968	12.977892304958235	10.203961088311294	0.0	25.41230769230769	12.867523606457508	10.86144942150515	22.006451612903227	0.0	28.059801980198024	22.486079261254325	0.0	24.971724137931037	20.74547368421053	23.476612377850167	8.215107745420124	24.72106960950764	39.9	20.059154929577467	0.0	24.341643059490085	28.56	17.194054054054057	30.826086956521745	37.78	34.260000000000005	22.60822151224708	20.076078431372547	10.317448275862068	25.804	16.000196147110334	32.66666666666667	33.724271844660194	25.581111111111117	21.372833591658445	24.63258511979824	19.585098039215687	0.0	36.14	24.138	23.479273607748183
25.44	3.8782610038610046	14.31	0.0	0.0	23.305454545454545	25.92	22.770909090909093	17.445155555555555	36.440000000000005	5.024866031289337	32.02	3.8788573022736794	19.05	25.65	17.12	8.516101694915255	6.87126334077935	5.74305885603758	0.0	24.03	10.429386056191468	22.2175	19.556019900497517	0.0	6.479356756182996	4.384769523206083	25.74	16.55666666666667	21.126666666666665	7.615306859205776	0.0	0.0	8.712407713498624	0.0	2.430886075949368	0.0	0.0	0.0	0.0	0.0	0.0	0.0	0.0	6.998183613030602	0.0	7.050833621584228	26.12	0.0	0.0	0.0	9.785588235294115	9.7336	36.720000000000006	0.0	19.520000000000003	0.0	37.32000000000001	2.280553041729513	10.311315789473683	9.05853137516689	0.0	0.0	0.0	10.042758620689655	0.0	0.0	12.81846153846154
22.21374803644361	9.484114458590698	6.07796000357111	30.36851851851852	23.5	28.470500000000005	23.900482621208766	27.028959907030792	21.22947907771136	32.66383701188455	5.055850616656659	30.50769230769231	4.2664156969546925	25.648843354003777	28.40774193548388	19.805274725274728	6.597499755580903	4.2590563086548485	5.683847835438926	32.625	16.863485507780812	14.393471019320453	14.048107525828724	23.90070089649552	6.479356756182996	0.0	6.359131170648525	22.65302760879738	22.121489799737976	19.49250521920668	3.3577753559021866	22.15230769230769	23.20963855421687	9.267122481115498	39.92	11.06222222222222	25.640000000000004	41.973333333333336	0.0	0.0	38.720000000000006	0.0	27.860869565217392	46.696000000000005	15.115087719298248	0.0	14.37056603773585	44.96	0.0	29.946666666666665	19.520000000000003	17.493333333333332	17.79125	0.0	0.0	21.015	41.2	36.00767123287672	9.365786618444847	17.13525179856115	16.522956521739133	41.02857142857143	46.760000000000005	0.0	18.056	0.0	0.0	23.776666666666664
24.275031055900623	4.572779858137901	7.310317928131258	31.31230769230769	15.960000000000004	27.721481481481483	24.638102264054947	28.51387949718249	16.659386819023098	34.37248	7.346507462686567	31.441739130434787	3.6781492917708185	27.31552622438347	24.91555555555556	5.199526592180512	11.36971682046504	8.592223618090452	8.329785726817102	32.92774193548387	11.648310539018505	6.645339038991192	9.330466304615266	15.455623141445008	4.384769523206083	6.359131170648525	0.0	13.674664500406177	23.230997998284245	21.008422241038662	6.950243902439024	18.768	25.353076923076923	11.345536665591016	45.52	7.622918671248568	14.738039215686277	45.0	0.0	37.440000000000005	40.720000000000006	30.775	26.916000000000004	44.217777777777776	14.4775	0.0	14.72842105263158	27.72	0.0	16.65987341772152	18.424761904761905	16.95344262295082	15.20808988764045	37.4	17.95	9.309215859030838	18.555413153457	32.12864864864865	7.813530001432049	15.105900383141764	15.2849736914982	30.776	36.64	23.880000000000003	16.831111111111113	0.0	0.0	17.936550387596903
11.748958288770057	18.30506666666667	15.632662449276134	3.722731741254405	21.660000000000004	10.817873401933271	6.725826430520738	13.778895547393518	9.772538690010943	6.214678245142759	23.22	8.172978979535142	24.075304347826087	14.729789935783478	14.3507027027027	4.691339951703784	20.087660496258373	27.925	24.625644955300128	5.524661731353502	7.24405745872974	9.368149595311191	9.905117742964489	3.993907411033968	25.74	22.65302760879738	13.674664500406177	0.0	14.011708270235944	7.658663973660754	0.0	26.078000000000003	13.692363553840917	11.44193250432183	24.156666666666663	18.14666666666667	30.834736842105265	27.40203576341128	0.0	28.84952380952381	24.30670846394985	26.93631284916201	13.462365907421017	29.71262086513995	0.0	24.19157894736842	45.28	27.315658914728687	0.0	17.160199004975127	31.690000000000005	0.0	34.21333333333334	28.757440000000003	24.025	11.284817927170868	28.88533333333333	19.792650090964223	44.040000000000006	36.67684210526316	28.190476190476197	25.841436576668364	27.19596231493944	22.521111111111114	0.0	0.0	26.731666666666666	25.95086021505376
4.678848159847205	23.976774193548387	23.725953721075676	18.352940783986657	3.4994890510948906	6.730854566890907	12.822456109703904	7.26330698967075	13.10775663260523	19.08012133256629	11.607629427792917	17.236383561643837	3.4446086804950324	4.578807918383893	19.18387096774194	17.506666666666668	16.204291963029174	22.357813504823152	20.619644444444443	19.71066073854514	16.17339524085897	17.73837837837838	17.82486193293886	12.977892304958235	16.55666666666667	22.121489799737976	23.230997998284245	14.011708270235944	0.0	6.145031204111601	18.89333333333333	3.151871640721424	2.8727789432705406	5.447965692843742	27.669473684210526	25.76	34.19333333333334	32.22976744186046	0.0	34.56	28.522857142857145	31.4419512195122	14.260924574209248	34.39529411764706	45.18666666666668	31.329230769230776	0.0	30.382622950819677	0.0	18.412	36.64	0.0	0.0	34.63652173913044	0.0	13.580000000000002	35.28	23.00974520069808	21.76	39.10285714285715	0.0	27.058925714285717	29.2858870967742	26.54222222222222	0.0	0.0	27.17909090909091	28.89371428571429
5.119029823301753	20.282000000000004	13.856895142986838	17.95380281690141	18.6	14.412574850299402	5.775817051090295	11.108477320307047	9.327679324894516	19.9087323943662	20.50588235294118	22.825	19.83142857142857	9.660254866428948	15.293333333333331	11.526132241076652	12.857437540038436	22.708196721311477	19.097491085899517	19.856	5.600022576902575	12.14	9.972168327676435	10.203961088311294	21.126666666666665	19.49250521920668	21.008422241038662	7.658663973660754	6.145031204111601	0.0	0.0	21.10153846153846	8.806438356164383	4.697142603010829	0.0	0.0	23.72	30.2	0.0	0.0	26.12	25.020000000000003	10.853333333333332	30.65142857142857	0.0	0.0	0.0	26.754285714285714	0.0	15.491428571428573	0.0	0.0	0.0	0.0	0.0	12.16	0.0	19.578060200668897	0.0	0.0	34.28	21.222040816326533	25.051428571428573	0.0	0.0	0.0	24.365714285714283	26.640000000000004
0.0	10.94027397260274	0.0	0.0	0.0	0.0	33.0	0.0	0.0	37.2	6.526688102893891	0.0	2.6085490065119386	26.792	0.0	0.0	13.993333333333334	7.507806335923492	8.551678267594742	35.08	27.2	16.28	26.5	0.0	7.615306859205776	3.3577753559021866	6.950243902439024	0.0	18.89333333333333	0.0	0.0	0.0	0.0	10.852592592592597	0.0	0.0	0.0	0.0	0.0	0.0	0.0	0.0	0.0	0.0	0.0	0.0	14.845000000000002	0.0	0.0	0.0	0.0	0.0	0.0	0.0	0.0	0.0	0.0	0.0	10.293333333333331	0.0	0.0	0.0	0.0	0.0	0.0	0.0	0.0	0.0
15.920000000000002	0.0	33.40571428571429	25.342857142857145	2.3213401467706616	4.437502116198539	22.901904761904763	3.997002257336343	26.98	25.046067415730334	13.7	20.201090909090908	4.8244444444444445	2.4451747160322554	15.920000000000002	0.0	34.10285714285715	16.32	20.75076923076923	25.202181818181817	29.72923076923077	0.0	32.14962962962964	25.41230769230769	0.0	22.15230769230769	18.768	26.078000000000003	3.151871640721424	21.10153846153846	0.0	0.0	0.0	3.721773583948457	0.0	0.0	0.0	0.0	0.0	0.0	0.0	0.0	0.0	47.120000000000005	0.0	0.0	0.0	45.88	0.0	0.0	0.0	0.0	0.0	0.0	0.0	0.0	0.0	40.56	0.0	0.0	0.0	0.0	0.0	0.0	0.0	0.0	0.0	0.0
9.471764705882354	20.880000000000003	22.02857142857143	17.52703703703704	0.0	19.262784810126583	13.06224155578301	16.600418848167543	12.057375913813006	19.107956989247317	20.78	16.96	25.673333333333336	10.464485981308412	19.061818181818182	0.0	16.968730964467007	24.83	21.91917808219178	19.149565217391302	13.245373134328355	15.713333333333331	16.800833333333333	12.867523606457508	0.0	23.20963855421687	25.353076923076923	13.692363553840917	2.8727789432705406	8.806438356164383	0.0	0.0	0.0	3.8176949152542377	0.0	0.0	31.96	30.96666666666667	0.0	31.6	28.02	31.016	14.973030303030304	32.63764705882353	0.0	0.0	0.0	30.62	0.0	17.860000000000003	30.4	0.0	0.0	31.3	0.0	0.0	35.480000000000004	23.02747252747253	0.0	37.2	0.0	25.65866666666667	29.60734693877551	23.527272727272724	0.0	0.0	28.422857142857147	26.922051282051285
9.915659540137153	11.708902439024392	10.89497409326425	18.350684667309547	3.428216432865732	6.781401219771217	13.926930487213252	7.761975488597787	9.42485955697648	19.03280344586386	4.165590714476854	17.565097502565855	4.958194492634767	5.997646226176635	19.71	12.269669711876318	5.49944556094101	7.96033866913613	6.3498196959578905	19.46493804213135	9.735410903396838	12.323962264150945	9.4485352767871	10.86144942150515	8.712407713498624	9.267122481115498	11.345536665591016	11.44193250432183	5.447965692843742	4.697142603010829	10.852592592592597	3.721773583948457	3.8176949152542377	0.0	30.791111111111118	12.602625820568928	21.185333333333336	34.64857142857143	0.0	32.2	28.525714285714287	33.690909090909095	11.396338028169016	35.5572	0.0	34.78	15.52	29.73931034482759	0.0	17.083908794788275	0.0	21.22	19.588235294117645	35.045	24.35	13.277638376383765	23.97142857142857	21.40106194690265	12.144506517690877	20.261333333333333	19.36305882352941	22.57202492211838	27.046451612903223	21.904000000000003	0.0	45.28	24.82857142857143	25.633103448275865
26.4	27.08	0.0	24.380000000000003	0.0	28.80444444444444	25.292244897959183	27.95777777777778	13.75375	31.26666666666667	0.0	0.0	0.0	28.110000000000003	0.0	0.0	0.0	0.0	0.0	0.0	0.0	0.0	34.0	22.006451612903227	0.0	39.92	45.52	24.156666666666663	27.669473684210526	0.0	0.0	0.0	0.0	30.791111111111118	0.0	24.706666666666667	17.212360082461636	12.3767680798005	0.0	12.110394736842109	5.288118017693354	6.541578458681523	11.941415384615386	12.578161416446804	19.908064516129038	9.026652719665272	26.365333333333336	4.234962839335542	12.048	30.02	17.33317117944011	24.93511961722488	21.264078486334974	10.962468454258676	12.63003322259136	23.130000000000003	16.315868180559402	9.585839340885686	25.28	21.656711275188435	23.920519835841315	10.867098374207773	3.671254818786933	4.639278382199275	26.24	16.42426966292135	11.785787965616048	11.170770654940986
0.0	2.0440943326336587	10.197101449275362	0.0	0.0	0.0	25.866666666666667	29.112	15.920000000000002	0.0	8.48	0.0	13.056	27.453333333333337	0.0	10.48	12.502942942942944	21.160000000000004	10.615220125786164	0.0	17.191111111111113	2.091099353321576	11.268761061946902	0.0	2.430886075949368	11.06222222222222	7.622918671248568	18.14666666666667	25.76	0.0	0.0	0.0	0.0	12.602625820568928	24.706666666666667	0.0	7.126041841004184	35.92	0.0	26.39428571428572	23.2224	23.666666666666664	12.082470974808324	35.735	8.365566343042072	25.17777777777778	7.878848196812972	23.770000000000003	19.45777777777778	5.138744780305391	8.454155184916607	10.990243902439024	6.5276619918338366	32.45	14.635932203389832	4.5097879146540425	10.433895284069813	13.384409952421809	4.73429383886256	7.463667404362947	5.774937792428753	15.118644067796613	18.3575	18.671304347826087	9.772000000000002	0.0	0.0	9.659569185834249
0.0	9.732655367231638	0.0	35.24	0.0	33.4	31.94222222222222	38.720000000000006	18.670508474576277	36.77	0.0	0.0	0.0	32.84	0.0	21.110000000000003	20.614117647058823	0.0	25.68	38.24	22.04	10.147368421052631	21.454117647058823	28.059801980198024	0.0	25.640000000000004	14.738039215686277	30.834736842105265	34.19333333333334	23.72	0.0	0.0	31.96	21.185333333333336	17.212360082461636	7.126041841004184	0.0	23.58	0.0	23.877397691500526	16.986119639233852	21.39801505986916	16.502767075306483	24.163203883495147	32.87829787234043	26.25777777777778	28.224	20.129049262629437	23.74909090909091	13.054891356832448	7.962173509783962	14.544827586206898	12.632851063829786	27.24333333333333	10.308696110744892	12.510476190476192	7.754928257576471	17.79827280779451	15.581818181818184	4.838340156604	5.989815528590689	15.93741872042284	21.486988416988417	12.114471886495007	32.25333333333334	33.59703703703704	19.48	10.424619401486243
30.05	0.0	40.21333333333334	19.39389558232932	0.0	31.03162303664921	27.45381720430108	30.18861538461539	15.530068259385668	32.07433070866142	0.0	20.77714285714286	47.56	31.06144	0.0	0.0	40.53	0.0	47.720000000000006	6.705474254742548	35.026666666666664	0.0	37.53818181818183	22.486079261254325	0.0	41.973333333333336	45.0	27.40203576341128	32.22976744186046	30.2	0.0	0.0	30.96666666666667	34.64857142857143	12.3767680798005	35.92	23.58	0.0	0.0	10.184757347915244	6.9899477434679325	14.93121063680896	12.639492981353447	6.549487720857873	28.08355555555556	7.133407127787398	32.85	16.995912516081603	15.94936170212766	0.0	24.895000000000003	32.568000000000005	29.7425	3.289822655789454	19.41391304347826	0.0	22.28977099236641	5.799945500993472	34.120000000000005	29.535822222222222	33.434705882352944	4.105423159399572	17.11633734939759	15.311851851851852	33.08	25.298604651162798	18.387906976744187	17.990731949548117
0.0	0.0	0.0	0.0	0.0	0.0	0.0	0.0	0.0	0.0	0.0	0.0	0.0	0.0	0.0	0.0	0.0	0.0	0.0	0.0	0.0	0.0	0.0	0.0	0.0	0.0	0.0	0.0	0.0	0.0	0.0	0.0	0.0	0.0	0.0	0.0	0.0	0.0	0.0	2.772106010411737	0.0	2.3113738317757013	7.722162162162164	25.253333333333337	6.92	15.712	0.0	4.714285714285714	2.934651372599562	0.0	0.0	0.0	0.0	0.0	0.0	0.0	0.0	12.42	16.68	31.920000000000005	18.42	24.0	0.0	0.0	0.0	2.60582291532414	0.0	2.912025416997617
0.0	0.0	44.52	32.38	0.0	32.220000000000006	28.946	30.96	17.5	34.34	0.0	0.0	0.0	31.20888888888889	0.0	0.0	0.0	0.0	0.0	34.64	31.6	0.0	0.0	24.971724137931037	0.0	0.0	37.440000000000005	28.84952380952381	34.56	0.0	0.0	0.0	31.6	32.2	12.110394736842109	26.39428571428572	23.877397691500526	10.184757347915244	2.772106010411737	0.0	8.71576266747255	4.671291077714837	12.034766355140189	6.659776193425508	16.396570397111915	5.37662606266536	22.69020689655172	8.212120950090524	2.767125128034111	0.0	25.490602409638555	23.15264367816092	22.941294964028778	8.97581559738763	18.797163120567376	26.24	21.879463087248325	10.36230988206588	25.205	25.8025	26.081869618696185	9.8696216442514	10.072147088507617	15.960740740740745	24.498947368421057	5.184041333796458	18.81	8.874953636266742
26.8	0.0	0.0	27.205454545454547	0.0	27.059310344827587	23.9001652892562	26.59218390804598	12.902608695652177	29.278904109589043	0.0	29.6	0.0	27.70242424242424	0.0	0.0	0.0	0.0	0.0	28.483333333333334	29.52	22.04	33.93	20.74547368421053	0.0	38.720000000000006	40.720000000000006	24.30670846394985	28.522857142857145	26.12	0.0	0.0	28.02	28.525714285714287	5.288118017693354	23.2224	16.986119639233852	6.9899477434679325	0.0	8.71576266747255	0.0	7.526795805209791	10.617763645998942	4.447890363736851	23.96379746835444	14.49047923322684	29.05507246376812	6.033004088612961	12.15032786885246	26.898823529411764	16.889641759880686	24.786895424836604	20.52960557319947	19.02764705882353	12.1093979289045	28.24888888888889	14.979103879313644	9.743280861640432	29.136000000000003	21.34194259750095	23.317898504948413	6.609657287476021	12.156770441697548	5.790282724341948	29.768	21.87265306122449	13.616572890025576	13.91164508872782
29.4	21.76	35.06	29.666666666666668	0.0	32.31272727272728	26.63078947368421	29.808125	16.058370370370373	31.65176470588235	0.0	0.0	0.0	29.351666666666667	0.0	0.0	43.6	0.0	0.0	30.75	32.36	25.14	39.64	23.476612377850167	0.0	0.0	30.775	26.93631284916201	31.4419512195122	25.020000000000003	0.0	0.0	31.016	33.690909090909095	6.541578458681523	23.666666666666664	21.39801505986916	14.93121063680896	2.3113738317757013	4.671291077714837	7.526795805209791	0.0	14.40868913857678	11.324730904437612	11.059181286549707	9.977017728520424	18.70813359528487	4.8487570175297225	7.002436738519212	32.552	23.27711538461539	19.948533333333334	21.466603773584907	13.18539559946116	16.33408634538153	25.640000000000004	19.34518535681186	10.674791956997812	19.472	24.631027870680047	22.630379746835445	12.814602433738957	6.624235006119951	13.102549173878836	20.513953488372096	6.512528880691195	16.976612903225806	5.37200479369971
14.813333333333333	0.0	22.68936170212766	16.09799511002445	0.0	16.993333333333332	12.964791544333533	15.930141732283465	2.056254746763051	17.93796520822351	0.0	11.749473684210528	26.12	16.950027100271004	0.0	8.635844155844158	24.913846153846155	0.0	26.26	16.81694915254237	12.12	3.3177777777777777	21.401290322580643	8.215107745420124	0.0	27.860869565217392	26.916000000000004	13.462365907421017	14.260924574209248	10.853333333333332	0.0	0.0	14.973030303030304	11.396338028169016	11.941415384615386	12.082470974808324	16.502767075306483	12.639492981353447	7.722162162162164	12.034766355140189	10.617763645998942	14.40868913857678	0.0	15.497288511267088	26.4247619047619	3.353483320403414	22.59218045112782	14.411471571906356	2.8700425985090523	4.170677290836653	20.57638888888889	26.56	22.637777777777774	12.215969797074091	13.93714285714286	4.399876087580075	16.303715846994535	4.270002458143283	18.71456310679612	21.348374384236458	16.12949597375485	10.761060747871818	13.774303257964316	9.197565511411664	35.53333333333334	24.715	13.249892933618844	12.59840897999024
33.11294117647059	0.0	40.52190476190477	30.62242152466368	0.0	33.058327759197326	29.693518948182525	32.336551724137934	18.12075362318841	34.160215246636774	0.0	35.25	43.43	32.77253012048193	0.0	0.0	42.88	0.0	47.760000000000005	33.3352380952381	35.89666666666667	29.62	37.31111111111112	24.72106960950764	0.0	46.696000000000005	44.217777777777776	29.71262086513995	34.39529411764706	30.65142857142857	0.0	47.120000000000005	32.63764705882353	35.5572	12.578161416446804	35.735	24.163203883495147	6.549487720857873	25.253333333333337	6.659776193425508	4.447890363736851	11.324730904437612	15.497288511267088	0.0	28.20759051186018	5.769426338909694	32.8007960199005	13.440468525139831	13.951461716937356	42.4	25.944362139917693	33.001643835616434	29.866968325791856	4.681865544239713	20.0662660944206	37.220000000000006	22.885897079276777	12.10333191308053	33.257435897435904	31.83703604806409	34.93200433369448	5.472041745789141	17.870224407966152	17.375209380234505	34.669411764705885	24.637944444444443	19.41510971786834	19.211996345238585
0.0	13.04	0.0	45.88	0.0	0.0	44.32000000000001	49.440000000000005	0.0	0.0	14.084	0.0	11.394947368421054	47.720000000000006	0.0	0.0	0.0	15.48	18.68	0.0	0.0	0.0	0.0	39.9	6.998183613030602	15.115087719298248	14.4775	0.0	45.18666666666668	0.0	0.0	0.0	0.0	0.0	19.908064516129038	8.365566343042072	32.87829787234043	28.08355555555556	6.92	16.396570397111915	23.96379746835444	11.059181286549707	26.4247619047619	28.20759051186018	0.0	23.785322763306908	4.507613580950479	13.525740528128589	0.0	22.32	11.942608695652176	2.9805968895995427	2.9300766232020434	26.729272030651344	16.50466666666667	17.247500000000002	17.495833333333334	25.943896103896105	4.31641466992665	4.638398553357613	7.607011744902254	26.339793814432998	9.803760198652004	18.389752066115705	5.047813070098713	9.838963730569947	30.76	4.27754772420009
22.56	0.0	30.140000000000004	19.84	0.0	28.532	24.16313725490196	26.898823529411764	12.61837837837838	28.93800000000001	0.0	23.72	43.16	27.17	0.0	0.0	0.0	0.0	0.0	31.76	0.0	0.0	38.52	20.059154929577467	0.0	0.0	0.0	24.19157894736842	31.329230769230776	0.0	0.0	0.0	0.0	34.78	9.026652719665272	25.17777777777778	26.25777777777778	7.133407127787398	15.712	5.37662606266536	14.49047923322684	9.977017728520424	3.353483320403414	5.769426338909694	23.785322763306908	1.96	28.48875471698113	13.412552785634414	2.72236746001763	0.0	25.18857142857143	28.51456310679612	26.22527777777778	4.109510999550073	17.380000000000003	19.048	28.055	3.880643359011259	28.21575757575758	29.440470588235296	30.665442020665903	8.613489113117367	12.93785777405702	14.839532163742692	29.49756097560976	19.48194285714286	16.28	15.2207453062455
