0.0	18.80444444444445	19.59861236802413	15.39931232091691	0.0	17.567157894736845	6.561634023503079	9.15145317545748	11.419139486467731	14.835054061546993	25.46863157894737	17.669367088607594	29.616410256410266	3.633314185349726	18.065	25.93	18.045598579040853	27.340936170212768	22.71326207781103	15.670039946737685	12.36793002915452	12.30721568627451	16.47775384615385	12.746278364722096	25.880000000000003	23.439264599855807	24.0602376910017	14.139102485290245	3.2672336324360254	4.711727411425666	30.72000000000001	22.26	4.300604026845639	8.81963478695906	23.473333333333336	23.81	31.228571428571428	31.040000000000003	0.0	23.68	23.675241635687733	29.591515151515157	12.468996763754046	28.988888888888887	42.74	0.0	0.0	27.62209523809524	0.0	21.38103092783505	31.08	0.0	38.64363636363637	28.9	22.2517494600432	13.030303030303031	29.54608695652174	22.03031089853092	0.0	36.99478260869565	32.07895652173913	22.81648407403928	23.46516605166052	22.77263157894737	0.0	0.0	22.50113207547169	23.48392857142857
18.80444444444445	0.0	7.023540090771559	0.0	26.640000000000004	24.860000000000003	21.535929203539823	23.76590163934426	11.82743023068237	22.53333333333334	11.586368	20.67777777777778	8.020768815961791	22.914235807860265	20.569000000000003	12.119867924528304	8.068434359805511	13.44	11.4782874617737	36.760000000000005	15.732492492492494	4.044827985270911	12.44483193277311	13.39380823564773	3.858345406023637	8.625515444733905	5.638108233312277	18.513658536585364	18.11114583333333	17.401958041958043	13.986206896551725	0.0	19.720952380952383	8.64513618677043	0.0	2.3608471454880293	12.050434782608695	0.0	0.0	0.0	27.56	33.28	28.2	0.0	18.06666666666667	0.0	16.55	33.34	0.0	16.576666666666668	11.0808	20.487272727272728	11.231363636363636	0.0	15.986666666666668	2.68962962962963	14.122608695652175	0.0	3.224	10.886571428571427	9.930910425844347	27.685714285714283	0.0	20.0	23.08	0.0	0.0	11.02
19.59861236802413	7.023540090771559	0.0	24.773030303030303	0.0	25.931181102362206	17.896592118509997	22.1466493100755	20.835121951219516	22.28472222222222	12.963115021179538	29.0648275862069	15.42290076335878	21.646690483923354	27.973333333333336	17.68842105263158	7.637908035947997	12.260231743465374	10.236271992391822	26.129122807017545	9.502254810508276	16.351666666666667	6.485713149208463	19.948510067114093	0.0	8.700045156743494	6.532350579090756	14.81013050821434	24.946490765171504	15.451531319633574	16.673684210526318	36.52	23.03333333333334	7.809555226093403	30.49411764705882	10.032099056603773	18.517660401814645	0.0	0.0	0.0	32.001290322580644	38.102222222222224	26.01142857142857	35.955	24.4	0.0	30.328000000000003	36.29365853658537	0.0	20.30785714285714	19.03888691533452	24.520000000000003	19.965357142857144	0.0	22.8928	14.153503480278422	19.597157998037293	29.39746031746032	0.0	17.80650546538589	17.259885947589147	31.258057142857144	30.982222222222227	27.192	0.0	0.0	0.0	18.398333333333333
15.39931232091691	0.0	24.773030303030303	0.0	27.48	12.509860167798644	10.547082611207395	17.38785942492013	10.920804103846054	6.648438103808793	32.47888888888889	7.481603265306123	27.97217391304348	19.311878999418266	14.744473684210528	24.0	31.006349206349206	35.114285714285714	32.760000000000005	2.9713625759054887	19.77166666666667	20.56571428571429	21.60443213296399	4.41461906701976	34.28	33.802477876106195	30.92153005464481	4.181894222945485	18.354149185626465	15.71824175824176	40.88	27.93769230769231	16.625	19.18795719844358	29.446666666666665	0.0	38.5	28.256269335759782	0.0	28.308333333333337	26.69986666666667	29.35381294964029	15.022895913646876	29.49143224975861	0.0	23.41073170731708	51.88000000000001	30.5785	0.0	29.03333333333334	0.0	0.0	43.32000000000001	27.750120861797164	31.21071428571429	20.432	34.734545454545454	23.23378575434661	0.0	45.24	37.642857142857146	28.2515846257586	32.35454545454546	30.81432835820896	0.0	0.0	29.56	34.14222222222222
0.0	26.640000000000004	0.0	27.48	0.0	4.74946812137743	23.883636363636366	6.321694185211774	9.861798365122617	24.13770992366413	11.28	15.797181571815718	8.322666666666667	8.829041095890412	3.0394973190348527	0.0	0.0	0.0	0.0	24.872903225806454	0.0	20.184000000000005	0.0	14.573333333333332	0.0	42.28	34.6	25.66555555555556	24.6	21.22	0.0	2.8448933968122545	0.0	2.447284894837476	0.0	0.0	0.0	0.0	0.0	0.0	0.0	0.0	0.0	0.0	0.0	0.0	0.0	0.0	0.0	0.0	0.0	0.0	0.0	0.0	0.0	0.0	0.0	33.36	0.0	0.0	0.0	46.08	0.0	39.56	0.0	0.0	0.0	0.0
17.567157894736845	24.860000000000003	25.931181102362206	12.509860167798644	4.74946812137743	0.0	9.695146419906337	5.903925440086999	10.70079240806643	6.226105572591546	16.911802120141342	6.662174716076552	4.955620198403819	9.536377716194869	3.385526946731992	23.095	31.547555555555554	24.45714285714286	25.078333333333337	11.531817084359457	20.011586206896556	21.504	22.094954627949186	11.85301824212272	20.41978494623656	29.645957446808517	28.269700996677734	11.110391998888735	8.996899348068057	15.919666666666668	26.055	4.099237058150848	17.845853658536587	5.027415021797532	31.144000000000005	21.44	43.760000000000005	29.03581395348837	0.0	31.973333333333336	28.07267973856209	30.706511627906973	14.293236363636364	29.86506142506143	20.96	25.50709677419355	27.686666666666667	31.98622950819672	0.0	31.411428571428576	43.64	36.16	33.160000000000004	28.90557823129252	32.20949152542373	21.933333333333337	37.635000000000005	26.75936794582393	33.440000000000005	30.66133333333333	33.526363636363634	29.257696078431373	32.136170212765954	31.68051948051948	0.0	0.0	28.98	33.544000000000004
6.561634023503079	21.535929203539823	17.896592118509997	10.547082611207395	23.883636363636366	9.695146419906337	0.0	8.630266129824218	9.832928459678566	4.333522362919075	29.16935732647815	14.108988764044945	31.452557628979143	7.451410679689832	12.422477876106196	16.005214285714285	20.99522570573696	28.676514522821577	25.05993063583815	12.05984555984556	12.320279792746115	14.906690518783543	14.610146590909093	8.156307049123216	33.93333333333334	26.2037983549149	23.361087761837407	6.481786887000209	14.18622298325723	6.763216508513277	33.434285714285714	23.93183673469388	12.795971731448764	13.680377057037864	25.632894736842104	26.625454545454545	32.10541062801933	27.775185185185187	35.86	27.913043478260867	23.583570607028754	28.03060052219321	13.712085561497329	28.552508833922264	43.56	25.104000000000003	45.68	29.2945699831366	0.0	25.04224669603524	35.16888888888889	42.82000000000001	39.15405405405406	26.52914285714286	25.872866015971606	17.595857988165683	31.35426997245179	22.70330276533732	0.0	37.69016574585636	31.21458455522972	24.192431277319088	26.517061118335494	24.97228437009932	0.0	36.68	24.881052631578942	26.339096774193557
9.15145317545748	23.76590163934426	22.1466493100755	17.38785942492013	6.321694185211774	5.903925440086999	8.630266129824218	0.0	12.387461468721668	11.142219350585131	22.38633855331842	15.19673890555498	7.385842122793383	4.13587755966514	6.992184550856345	21.139449541284403	23.605760665148967	31.40866920152091	26.836336166194524	16.235588513565347	17.368820670248148	17.92579352850539	19.44008450704225	13.13648976894054	18.831111111111117	28.960262903537604	27.736017897091727	13.896548040638606	10.196625339300123	9.5035099901736	31.69333333333334	3.822511641443539	17.392432432432436	5.026651333064995	27.97055837563452	28.676	34.90063492063492	30.437300613496934	38.24	31.00761904761905	26.11508056560342	30.04672	15.814206278026909	30.95328467153285	38.8	26.913777777777774	48.92	31.121573033707865	32.36	27.854513274336284	38.216	40.8	41.84205128205129	29.51425531914894	29.38888224745965	20.38102189781022	34.1725	25.720555356074208	0.0	42.33371428571429	34.52301624129931	26.88429023458811	29.451383812010448	27.86446601941748	0.0	41.120000000000005	27.95716535433071	29.619735682819385
11.419139486467731	11.82743023068237	20.835121951219516	10.920804103846054	9.861798365122617	10.70079240806643	9.832928459678566	12.387461468721668	0.0	12.796825335415145	25.965925925925927	5.058199315994592	22.365859872611463	13.399185115402734	4.090507469560462	11.423783783783785	22.953513513513517	25.346666666666668	25.98702702702703	10.869449600690698	16.253333333333334	4.962214655228865	22.862857142857145	5.093903529383413	19.749114754098365	22.60118393234672	16.747320797938343	10.79341290730652	14.081563536169616	9.709442661219724	29.333333333333336	26.039130434782614	12.049385640266468	12.443727735368958	14.286486486486488	0.0	23.360000000000003	15.912892892892897	20.65	14.059065420560747	13.198822479928635	16.60699228791774	2.152838987291104	16.994053137365746	31.9	9.21655462184874	33.6	17.84289592760181	9.856923076923078	15.09977011494253	0.0	0.0	30.12	15.39971156619556	17.081495327102807	5.347848101265823	19.42356164383562	10.235554942020984	37.760000000000005	32.980000000000004	29.06	14.266204037097657	15.804069264069266	13.626462882096073	0.0	0.0	13.76	15.742168674698798
14.835054061546993	22.53333333333334	22.28472222222222	6.648438103808793	24.13770992366413	6.226105572591546	4.333522362919075	11.142219350585131	12.796825335415145	3.6	30.08237918215613	4.39908856322119	25.028216432865737	19.05539020242681	15.132992700729924	18.53739130434783	29.407088607594936	33.691707317073174	33.06947368421053	4.696773256702639	17.058734177215193	17.70625	18.91339805825243	10.32853773243615	33.21641025641026	31.6275763016158	27.391388564760792	5.976558268582266	18.706887572456843	16.18351931330472	32.96	26.086184448462927	16.43116104868914	20.08997742012972	28.881290322580647	34.06	37.67428571428572	30.068379240359526	40.32000000000001	31.924102564102565	27.012282734646583	30.58331788693235	16.742213081036613	30.815360000000005	35.52	25.69922902494331	44.14	31.228121212121216	24.72	27.32897959183673	39.1	45.96	44.86857142857143	29.775749039692705	29.59675675675676	20.56615384615385	35.201	24.45102862000567	36.50666666666667	43.732	37.40731182795699	28.506750255139234	31.51559748427673	29.09063063063063	0.0	0.0	28.144	33.21674418604651
25.46863157894737	11.586368	12.963115021179538	32.47888888888889	11.28	16.911802120141342	29.16935732647815	22.38633855331842	25.965925925925927	30.08237918215613	0.0	27.55777777777778	4.602741905769165	18.211081991763383	17.098443113772454	24.17209302325582	7.150962787950384	3.348832227089272	3.524546250014984	30.284128312412832	19.932192513368985	17.683513513513514	16.810318070604684	27.80509090909091	5.322646437312821	5.488478067311688	9.082140456394836	30.650408921933085	16.029370988446725	21.97886858137511	3.49213839921165	14.56265780730897	19.28923076923077	4.655087008069759	38.16	13.014	27.048	49.38	0.0	21.520000000000003	40.08	55.16	39.28	45.08	13.65554691689008	0.0	14.798761598358746	0.0	0.0	0.0	21.92	16.43501503626393	16.815408103347036	0.0	29.77	0.0	32.696000000000005	42.620000000000005	8.723288718929256	15.890339154279118	16.710378503322737	40.21333333333334	0.0	35.245714285714286	17.22478996181124	0.0	0.0	15.467471698113206
17.669367088607594	20.67777777777778	29.0648275862069	7.481603265306123	15.797181571815718	6.662174716076552	14.108988764044945	15.19673890555498	5.058199315994592	4.39908856322119	27.55777777777778	0.0	22.32027118644068	19.442213872588344	4.098424911032029	0.0	30.820000000000004	30.60507042253521	30.76695652173913	3.5558428539286515	24.47	13.99016393442623	25.85714285714286	9.16226440677966	30.277272727272724	32.39118644067797	31.594364261168387	8.991323395193186	18.868794512376976	24.293333333333337	34.176	22.893716937354988	18.75714285714286	18.74447371754275	30.76363636363637	0.0	43.24	25.60619658119658	0.0	20.227272727272727	25.222784810126583	28.2064	11.065331695331697	26.140880382775123	34.24	6.539224219489119	37.56	25.5024	12.080000000000002	27.440000000000005	0.0	43.6	43.68	24.36075117370892	35.440000000000005	15.360000000000005	24.48	20.52901098901099	37.0	42.09142857142857	42.348	26.47970695970696	24.590545454545456	32.502500000000005	0.0	0.0	0.0	21.75636363636364
29.616410256410266	8.020768815961791	15.42290076335878	27.97217391304348	8.322666666666667	4.955620198403819	31.452557628979143	7.385842122793383	22.365859872611463	25.028216432865737	4.602741905769165	22.32027118644068	0.0	10.44557062520675	12.577292576419214	20.923982300884955	12.219426751592357	6.623622273884645	7.678179703853013	24.059232505643344	24.83183098591549	15.23354077253219	21.018671586715868	25.767040314650934	3.5621324872201656	3.1933614317483854	5.6414281183203485	29.371920251836304	12.420828828828828	28.427704918032788	2.884935647263972	7.81914844649022	31.03	8.317896396396396	0.0	10.766593406593406	21.468000000000004	34.92	0.0	0.0	39.68	37.96	27.26	0.0	13.727274820143885	0.0	14.947893626002534	0.0	0.0	30.12	20.438048780487804	16.695488089677724	17.586407766990295	0.0	36.040000000000006	0.0	32.0	37.89777777777778	7.669643705463183	15.771269667032566	16.223245047852217	34.52181818181818	34.64	30.825	17.728854961832063	0.0	0.0	16.6987012987013
3.633314185349726	22.914235807860265	21.646690483923354	19.311878999418266	8.829041095890412	9.536377716194869	7.451410679689832	4.13587755966514	13.399185115402734	19.05539020242681	18.211081991763383	19.442213872588344	10.44557062520675	0.0	8.631462122956481	24.49913043478261	21.75464034442928	29.28046109510087	26.02864414216762	20.242422395402503	17.337017726798752	15.927708333333332	19.58327755984309	14.318376471252364	17.443548387096776	27.161615879828325	26.801131264916467	17.61289310136213	4.357397046128002	8.82503870254331	22.34625	4.926208651399492	17.91341772151899	6.843425015179115	27.394634146341463	27.62823529411765	33.9242	35.962857142857146	0.0	36.63	26.712866242038217	32.47584	15.460125610607118	34.32654545454545	38.85666666666667	28.408000000000005	20.173333333333336	31.779523809523813	0.0	26.47240506329114	37.88727272727273	36.835	40.368979591836734	32.74	27.658330434782613	16.98916666666667	33.02043795620438	25.73609123082973	21.613333333333337	38.85795275590552	34.02137435897436	25.98912626858627	28.04433734939759	26.29523027280728	56.24	0.0	26.103200000000005	26.873732718894008
18.065	20.569000000000003	27.973333333333336	14.744473684210528	3.0394973190348527	3.385526946731992	12.422477876106196	6.992184550856345	4.090507469560462	15.132992700729924	17.098443113772454	4.098424911032029	12.577292576419214	8.631462122956481	0.0	0.0	0.0	20.6	20.586666666666662	13.13232558139535	21.56	14.354666666666668	21.776	6.9333182332955845	23.75076923076923	27.62526315789474	24.89579399141631	14.947735849056604	9.213944294699012	11.415323383084576	0.0	7.966948207171316	18.17066666666667	9.413727959697734	0.0	0.0	31.46	21.65230769230769	0.0	14.920000000000002	22.327619047619045	0.0	8.075471698113208	22.7215	42.32000000000001	16.145000000000003	0.0	25.53333333333334	0.0	24.546666666666667	0.0	0.0	38.28	21.134736842105266	29.2	15.560000000000002	27.872	20.473066666666668	0.0	37.260000000000005	30.184000000000005	22.21421245421245	23.76	22.683478260869567	0.0	0.0	23.32	28.24
25.93	12.119867924528304	17.68842105263158	24.0	0.0	23.095	16.005214285714285	21.139449541284403	11.423783783783785	18.53739130434783	24.17209302325582	0.0	20.923982300884955	24.49913043478261	0.0	0.0	18.84413223140496	27.640000000000004	22.405569620253164	0.0	3.69537598304756	6.037730689516503	3.068053593018761	6.495328483491886	20.041269841269845	20.170430839002268	5.311566456407414	5.294454976303317	21.222068965517245	13.545453509896058	28.040000000000003	36.0	16.54	14.09975986277873	26.22101694915254	14.06	23.1286274509804	0.0	0.0	0.0	24.66905472636816	29.386206896551727	15.641739130434782	27.98	26.87567567567568	0.0	36.2	29.42232558139535	0.0	18.05185381958939	24.5	28.816000000000003	30.098750000000003	34.440000000000005	19.94261251647731	9.87990461495301	18.455303464538364	20.634684838160137	0.0	29.117073170731707	21.36744416873449	21.93540474243663	22.76984615384616	20.414655601659756	39.08	0.0	21.253333333333337	18.589683257918555
18.045598579040853	8.068434359805511	7.637908035947997	31.006349206349206	0.0	31.547555555555554	20.99522570573696	23.605760665148967	22.953513513513517	29.407088607594936	7.150962787950384	30.820000000000004	12.219426751592357	21.75464034442928	0.0	18.84413223140496	0.0	7.615300922307332	3.483847470056221	31.41090909090909	8.27108705575481	15.535714285714288	7.918960074280409	26.26820276497696	7.713928571428572	8.105458500173018	11.334916700575482	21.270003271180894	14.735614104911246	13.526616415847268	11.9888	36.34666666666667	13.881584158415842	4.584992031872511	33.21666666666667	10.000594979857452	19.29360184119678	0.0	0.0	0.0	33.29190243902439	38.688	23.54	37.58	21.45714285714286	0.0	22.251111111111115	38.00428571428572	0.0	28.234285714285715	18.48873294346979	22.444102564102565	18.798221431747443	0.0	27.564000000000004	16.284000000000002	23.698235294117648	34.14476190476191	11.64842105263158	17.754342892007323	17.686391842426357	34.90358974358974	35.233333333333334	28.60260869565217	0.0	0.0	0.0	18.927433628318585
27.340936170212768	13.44	12.260231743465374	35.114285714285714	0.0	24.45714285714286	28.676514522821577	31.40866920152091	25.346666666666668	33.691707317073174	3.348832227089272	30.60507042253521	6.623622273884645	29.28046109510087	20.6	27.640000000000004	7.615300922307332	0.0	3.53545517472368	34.683076923076925	21.19323383084577	19.267692307692307	17.102798006899196	30.83	7.432793941809486	5.7626868614823055	9.794785508913169	29.46545454545455	22.43250585480094	23.38553293413174	7.599871589085073	17.76666666666667	25.44	8.971188589540413	38.08	13.728	24.66857142857143	0.0	0.0	0.0	37.885714285714286	0.0	0.0	0.0	15.55136136849608	33.52	16.591951530612246	43.84	0.0	0.0	22.6192	17.97218282785135	18.312839268527437	0.0	35.42	0.0	29.46	42.68	10.882564102564102	17.34478998727196	17.916434062684804	41.54666666666667	0.0	33.153333333333336	18.79	0.0	0.0	18.5936
22.71326207781103	11.4782874617737	10.236271992391822	32.760000000000005	0.0	25.078333333333337	25.05993063583815	26.836336166194524	25.98702702702703	33.06947368421053	3.524546250014984	30.76695652173913	7.678179703853013	26.02864414216762	20.586666666666662	22.405569620253164	3.483847470056221	3.53545517472368	0.0	32.85230769230769	17.881466749533875	18.504406779661014	13.853718461806158	29.96112676056338	7.2686227929374	6.929703128475803	9.004772747220976	24.755789473684214	18.4694095133953	17.40752104476438	9.259690721649486	18.76	17.940408163265307	6.3490746526943225	0.0	9.642973451327434	21.60622222222222	0.0	0.0	0.0	36.31428571428572	0.0	0.0	43.06	16.679870550161816	0.0	17.211045871559634	38.7	0.0	28.440000000000005	18.565505376344085	18.226598639455784	17.893219017926732	0.0	28.76727272727273	21.54	28.556	42.96	9.334375	16.832456379498364	16.679439521320912	35.14666666666667	36.28	29.55	19.87809523809524	0.0	0.0	18.00109090909091
15.670039946737685	36.760000000000005	26.129122807017545	2.9713625759054887	24.872903225806454	11.531817084359457	12.05984555984556	16.235588513565347	10.869449600690698	4.696773256702639	30.284128312412832	3.5558428539286515	24.059232505643344	20.242422395402503	13.13232558139535	0.0	31.41090909090909	34.683076923076925	32.85230769230769	0.0	20.631111111111117	0.0	23.014000000000003	7.243601496725913	33.31219512195122	34.45609756097561	34.95119496855346	5.770420181634712	19.564827079150525	20.06	37.0	26.28581724581725	17.753170731707318	20.411045586107093	26.895	0.0	0.0	27.82902996444896	0.0	28.795	25.41006896551724	28.2	14.223878667329686	29.074808138037604	0.0	23.866718146718146	40.68	29.65625	39.28	31.6	0.0	45.32000000000001	43.86	26.627683997299123	33.87428571428572	26.0	36.36	22.08205572755418	35.64	43.88470588235294	42.866666666666674	26.75899133175729	31.18430379746836	28.157894736842103	42.6	0.0	0.0	34.44666666666667
12.36793002915452	15.732492492492494	9.502254810508276	19.77166666666667	0.0	20.011586206896556	12.320279792746115	17.368820670248148	16.253333333333334	17.058734177215193	19.932192513368985	24.47	24.83183098591549	17.337017726798752	21.56	3.69537598304756	8.27108705575481	21.19323383084577	17.881466749533875	20.631111111111117	0.0	10.609278579356271	6.999270930521048	8.0063133640553	22.826666666666664	17.963410506147216	14.469065452405292	5.338983378946667	13.784316109422496	6.136701694990757	23.520000000000003	0.0	13.191818181818183	7.7362805020054335	26.70885572139304	18.136000000000003	24.18330708661417	33.0	0.0	0.0	26.212163265306124	31.08338983050848	18.17283018867925	31.292	30.718	0.0	40.32000000000001	30.063448275862072	0.0	19.646503213520592	29.40923076923077	34.660000000000004	32.74604651162791	0.0	22.420413364553315	12.53925925925926	20.463535239810856	21.69990963855422	0.0	32.2912	23.22056701030928	23.478157968183087	22.571679586563317	21.705461031833156	0.0	0.0	20.82264150943396	20.346382978723405
12.30721568627451	4.044827985270911	16.351666666666667	20.56571428571429	20.184000000000005	21.504	14.906690518783543	17.92579352850539	4.962214655228865	17.70625	17.683513513513514	13.99016393442623	15.23354077253219	15.927708333333332	14.354666666666668	6.037730689516503	15.535714285714288	19.267692307692307	18.504406779661014	0.0	10.609278579356271	0.0	10.628287937743192	7.1393154411352295	12.431149335418295	15.882370100273477	8.042329749925505	10.80147580495643	11.790798353909466	10.943995832247982	19.934736842105263	33.040000000000006	12.572418772563177	13.57196850393701	15.426666666666668	7.602857142857144	14.36813559322034	23.96	0.0	0.0	20.93189189189189	26.824	2.072	18.92	23.973333333333336	0.0	25.360000000000003	19.147692307692303	0.0	9.76652706843718	19.76	29.130000000000003	25.42	0.0	12.112448067315276	2.2784812672869	13.225923548292968	10.933866666666669	0.0	26.858181818181823	13.193557466770915	12.902748299319729	11.435	11.326813186813188	0.0	0.0	9.85	12.245714285714287
16.47775384615385	12.44483193277311	6.485713149208463	21.60443213296399	0.0	22.094954627949186	14.610146590909093	19.44008450704225	22.862857142857145	18.91339805825243	16.810318070604684	25.85714285714286	21.018671586715868	19.58327755984309	21.776	3.068053593018761	7.918960074280409	17.102798006899196	13.853718461806158	23.014000000000003	6.999270930521048	10.628287937743192	0.0	12.584323868428452	23.462068965517243	13.713278071382032	11.4665749393394	9.195654464439576	15.603979366249082	11.906739779234318	21.47157894736842	34.260000000000005	18.126315789473686	7.945244706699063	27.84733333333333	13.041693121693124	19.5437180441797	34.120000000000005	0.0	0.0	30.358175438596493	35.78060606060606	25.17904761904762	33.52615384615385	27.407567567567565	0.0	0.0	32.860689655172415	0.0	19.05697382357392	22.99511111111111	32.67	27.15368421052632	38.8	22.5541131171387	13.150149634613154	21.40658114891244	24.72869047619048	0.0	25.582580645161293	18.69716671480713	28.91612535612536	31.504	21.719960629921264	0.0	0.0	23.44	21.699173553719007
12.746278364722096	13.39380823564773	19.948510067114093	4.41461906701976	14.573333333333332	11.85301824212272	8.156307049123216	13.13648976894054	5.093903529383413	10.32853773243615	27.80509090909091	9.16226440677966	25.767040314650934	14.318376471252364	6.9333182332955845	6.495328483491886	26.26820276497696	30.83	29.96112676056338	7.243601496725913	8.0063133640553	7.1393154411352295	12.584323868428452	0.0	22.25097142857143	26.77414245548266	15.89313545778876	3.8352532407466073	14.56776231056244	12.070593460448734	30.0	24.45084745762712	13.177556208924248	13.172712860609328	22.989270072992703	24.185	30.127682119205296	22.898399098083427	34.38857142857143	23.696363636363635	21.62264998654829	25.579324244220512	9.459819109877316	23.89119515885023	38.8848	18.329171974522296	42.05333333333333	26.974652532391048	21.066666666666663	19.36790020790021	30.55	39.120000000000005	35.73352941176471	22.754230769230773	20.72194116598324	10.739818497779495	23.231399317406147	20.39761392214063	0.0	35.822929936305734	30.20661608497724	21.10827250075965	23.930318309141843	21.626194161097438	43.52	36.54666666666667	21.27897142857143	22.51001114827202
25.880000000000003	3.858345406023637	0.0	34.28	0.0	20.41978494623656	33.93333333333334	18.831111111111117	19.749114754098365	33.21641025641026	5.322646437312821	30.277272727272724	3.5621324872201656	17.443548387096776	23.75076923076923	20.041269841269845	7.713928571428572	7.432793941809486	7.2686227929374	33.31219512195122	22.826666666666664	12.431149335418295	23.462068965517243	22.25097142857143	0.0	7.30495268866836	5.0323233551132045	28.347169811320757	17.18967741935484	24.357333333333333	8.43337748344371	16.326666666666668	25.0	9.2756591405681	31.360000000000003	6.857099236641221	17.976	0.0	0.0	0.0	33.696000000000005	0.0	30.85333333333333	0.0	7.81356100795756	0.0	7.990184287099903	35.52	0.0	0.0	14.706285714285716	10.79179097811523	13.116706689536878	0.0	24.666666666666664	21.32	25.672	47.52	2.488092783505155	10.326998082313024	9.83820108851332	39.306666666666665	30.040000000000003	30.53142857142857	11.41992546583851	0.0	0.0	9.772352941176472
23.439264599855807	8.625515444733905	8.700045156743494	33.802477876106195	42.28	29.645957446808517	26.2037983549149	28.960262903537604	22.60118393234672	31.6275763016158	5.488478067311688	32.39118644067797	3.1933614317483854	27.161615879828325	27.62526315789474	20.170430839002268	8.105458500173018	5.7626868614823055	6.929703128475803	34.45609756097561	17.963410506147216	15.882370100273477	13.713278071382032	26.77414245548266	7.30495268866836	0.0	7.496864553095415	27.57576549978912	20.121747022121383	21.22660520250247	2.7796739384313542	23.697142857142858	25.690000000000005	10.208377442150478	33.882	9.205203872903317	19.56331034482759	41.36	0.0	0.0	32.566760563380285	41.29333333333334	26.96	0.0	15.938545239503252	0.0	16.354294175715697	36.97565217391305	0.0	33.39	17.472081541646762	17.789252446183955	18.041947764497568	0.0	27.29066666666667	24.7	25.001428571428573	36.59666666666667	9.24369942196532	17.081062126038162	16.54380420869387	35.80238095238096	30.407272727272726	28.429538461538463	19.114912280701752	0.0	0.0	17.859122807017545
24.0602376910017	5.638108233312277	6.532350579090756	30.92153005464481	34.6	28.269700996677734	23.361087761837407	27.736017897091727	16.747320797938343	27.391388564760792	9.082140456394836	31.594364261168387	5.6414281183203485	26.801131264916467	24.89579399141631	5.311566456407414	11.334916700575482	9.794785508913169	9.004772747220976	34.95119496855346	14.469065452405292	8.042329749925505	11.4665749393394	15.89313545778876	5.0323233551132045	7.496864553095415	0.0	17.35638963360143	23.16574958813839	21.542594971925745	10.03274418604651	32.51571428571428	25.69753846153846	10.793119618779446	31.379591836734697	9.450321394240817	17.829556409360812	41.09333333333333	0.0	0.0	31.769359886201997	38.41578947368421	26.907096774193548	35.10074074074074	15.520536912751677	36.760000000000005	17.1135611907387	35.910082644628105	0.0	17.861043442955747	18.85848335232308	17.569072347980473	17.712775088738304	38.2	22.85605650382578	10.464897582011398	20.159134822641136	31.02751773049645	8.937933625547902	16.785548770774703	17.061885222361536	31.5143373493976	33.69828571428572	28.30630508474577	18.67030303030303	0.0	0.0	18.0179793814433
14.139102485290245	18.513658536585364	14.81013050821434	4.181894222945485	25.66555555555556	11.110391998888735	6.481786887000209	13.896548040638606	10.79341290730652	5.976558268582266	30.650408921933085	8.991323395193186	29.371920251836304	17.61289310136213	14.947735849056604	5.294454976303317	21.270003271180894	29.46545454545455	24.755789473684214	5.770420181634712	5.338983378946667	10.80147580495643	9.195654464439576	3.8352532407466073	28.347169811320757	27.57576549978912	17.35638963360143	0.0	16.33948479028561	7.377876980885476	37.24	27.18764227642277	13.092879392849522	11.203981789246791	24.38266789328427	27.161538461538463	31.837254901960783	29.29853000674309	35.43	29.183384615384615	23.612393405343948	28.943637393767705	13.51855634095634	30.286319283106536	39.42986666666667	25.89129943502825	43.10545454545455	28.043898458748867	36.98	18.910227770768312	31.40361581920904	40.41571428571429	36.74922077922078	28.69537743190661	21.577372490985265	12.279413574660634	26.449003690036903	21.68588864901528	39.14	37.65638095238096	30.26305164319249	23.17723298534708	23.76132238365972	22.503629852456672	43.712	38.08	21.85870609981516	23.368385269121813
3.2672336324360254	18.11114583333333	24.946490765171504	18.354149185626465	24.6	8.996899348068057	14.18622298325723	10.196625339300123	14.081563536169616	18.706887572456843	16.029370988446725	18.868794512376976	12.420828828828828	4.357397046128002	9.213944294699012	21.222068965517245	14.735614104911246	22.43250585480094	18.4694095133953	19.564827079150525	13.784316109422496	11.790798353909466	15.603979366249082	14.56776231056244	17.18967741935484	20.121747022121383	23.16574958813839	16.33948479028561	0.0	6.790118329643484	20.41333333333333	2.4702998352553545	3.340012619020305	5.773981344388511	26.160000000000004	21.03714285714286	28.955454545454547	36.026666666666664	39.56	25.96	26.189009584664536	31.982	14.227514450867051	33.53142857142858	38.272000000000006	0.0	18.72	31.04108991825613	0.0	20.161807909604523	31.83	40.31	36.64	35.30833333333334	21.08987120897383	12.064304932735428	29.64155844155844	23.7141580207502	17.160000000000004	37.51822222222222	30.84493827160494	24.347037727729163	25.52326241134752	23.469754347226058	39.760000000000005	42.52	23.445882352941176	25.543636363636367
4.711727411425666	17.401958041958043	15.451531319633574	15.71824175824176	21.22	15.919666666666668	6.763216508513277	9.5035099901736	9.709442661219724	16.18351931330472	21.97886858137511	24.293333333333337	28.427704918032788	8.82503870254331	11.415323383084576	13.545453509896058	13.526616415847268	23.38553293413174	17.40752104476438	20.06	6.136701694990757	10.943995832247982	11.906739779234318	12.070593460448734	24.357333333333333	21.22660520250247	21.542594971925745	7.377876980885476	6.790118329643484	0.0	29.166666666666668	22.406666666666663	7.679336585365853	5.187862388867415	23.85503875968993	22.210434782608694	29.256533333333334	31.795000000000005	35.32000000000001	25.160000000000004	23.389319626673885	29.883192488262917	12.404440182210502	30.02902654867257	40.33128205128205	0.0	44.352	28.188997134670483	0.0	19.801412242824487	31.384646464646472	40.77538461538462	37.08953642384106	32.69333333333334	21.60040771591407	12.151825396825398	24.00386666666667	22.03597928068804	0.0	35.961733333333335	29.69752181500873	22.82013662764453	23.43060869565217	22.667265374424765	44.46666666666668	0.0	21.670463576158944	22.83912568306011
30.72000000000001	13.986206896551725	16.673684210526318	40.88	0.0	26.055	33.434285714285714	31.69333333333334	29.333333333333336	32.96	3.49213839921165	34.176	2.884935647263972	22.34625	0.0	28.040000000000003	11.9888	7.599871589085073	9.259690721649486	37.0	23.520000000000003	19.934736842105263	21.47157894736842	30.0	8.43337748344371	2.7796739384313542	10.03274418604651	37.24	20.41333333333333	29.166666666666668	0.0	0.0	0.0	12.157098445595857	0.0	14.52	0.0	0.0	0.0	0.0	0.0	0.0	0.0	0.0	16.800476190476193	0.0	17.95080745341615	0.0	0.0	0.0	0.0	19.72410256410257	20.68	0.0	0.0	0.0	0.0	0.0	10.44	19.53388888888889	19.53586206896552	0.0	0.0	0.0	20.70909090909091	0.0	0.0	0.0
22.26	0.0	36.52	27.93769230769231	2.8448933968122545	4.099237058150848	23.93183673469388	3.822511641443539	26.039130434782614	26.086184448462927	14.56265780730897	22.893716937354988	7.81914844649022	4.926208651399492	7.966948207171316	36.0	36.34666666666667	17.76666666666667	18.76	26.28581724581725	0.0	33.040000000000006	34.260000000000005	24.45084745762712	16.326666666666668	23.697142857142858	32.51571428571428	27.18764227642277	2.4702998352553545	22.406666666666663	0.0	0.0	0.0	3.4532635449114024	0.0	0.0	0.0	0.0	0.0	0.0	35.13	0.0	25.346666666666668	40.040000000000006	0.0	0.0	0.0	0.0	0.0	0.0	0.0	0.0	0.0	46.96	36.32000000000001	0.0	0.0	37.790000000000006	0.0	0.0	42.040000000000006	37.12533333333333	0.0	37.41	25.24	0.0	0.0	0.0
4.300604026845639	19.720952380952383	23.03333333333334	16.625	0.0	17.845853658536587	12.795971731448764	17.392432432432436	12.049385640266468	16.43116104868914	19.28923076923077	18.75714285714286	31.03	17.91341772151899	18.17066666666667	16.54	13.881584158415842	25.44	17.940408163265307	17.753170731707318	13.191818181818183	12.572418772563177	18.126315789473686	13.177556208924248	25.0	25.690000000000005	25.69753846153846	13.092879392849522	3.340012619020305	7.679336585365853	0.0	0.0	0.0	4.587389085198273	24.23	0.0	35.760000000000005	0.0	0.0	0.0	24.458461538461545	29.866666666666667	13.104793388429751	29.22	0.0	0.0	0.0	29.47020408163266	0.0	19.688219178082196	27.28	39.52	0.0	32.52	20.53142857142857	11.622372881355933	31.860000000000003	21.97074243813016	0.0	37.88	33.95333333333333	23.311753774680607	24.829615384615387	22.26304635761589	0.0	0.0	21.26	25.625714285714288
8.81963478695906	8.64513618677043	7.809555226093403	19.18795719844358	2.447284894837476	5.027415021797532	13.680377057037864	5.026651333064995	12.443727735368958	20.08997742012972	4.655087008069759	18.74447371754275	8.317896396396396	6.843425015179115	9.413727959697734	14.09975986277873	4.584992031872511	8.971188589540413	6.3490746526943225	20.411045586107093	7.7362805020054335	13.57196850393701	7.945244706699063	13.172712860609328	9.2756591405681	10.208377442150478	10.793119618779446	11.203981789246791	5.773981344388511	5.187862388867415	12.157098445595857	3.4532635449114024	4.587389085198273	0.0	28.272	10.069166666666666	17.47298245614035	35.980000000000004	0.0	33.2	25.339480519480524	31.509333333333338	14.436535433070867	36.79636363636364	17.887999999999998	34.24	18.511111111111116	29.05205479452055	0.0	18.20666666666667	17.973333333333336	20.96314754098361	20.83764705882353	36.34	21.49	13.13913043478261	21.323232323232325	22.005184243964425	12.290216450216452	19.386375968992247	17.78666666666667	24.598757763975154	25.832187500000003	23.24712643678161	30.56	0.0	21.017142857142854	22.74577777777778
23.473333333333336	0.0	30.49411764705882	29.446666666666665	0.0	31.144000000000005	25.632894736842104	27.97055837563452	14.286486486486488	28.881290322580647	38.16	30.76363636363637	0.0	27.394634146341463	0.0	26.22101694915254	33.21666666666667	38.08	0.0	26.895	26.70885572139304	15.426666666666668	27.84733333333333	22.989270072992703	31.360000000000003	33.882	31.379591836734697	24.38266789328427	26.160000000000004	23.85503875968993	0.0	0.0	24.23	28.272	0.0	22.520645161290325	20.295573333333333	14.459614147909967	15.401428571428571	18.280227272727277	6.552478065063544	11.29912457912458	11.974385054488843	14.003663911845733	23.99164835164835	13.9658933107536	30.279483870967745	4.231172194095228	18.28428571428572	17.55730337078652	20.421486810551563	26.795833333333334	22.63143206854345	13.849653895983712	15.46472898664572	14.03108734402852	17.32382764409625	12.013704069792428	28.745454545454542	24.15769885117952	25.40854990583804	13.189925558312655	3.688729657087161	5.885583454047963	30.4464	16.028	7.418518518518519	11.77528125833111
23.81	2.3608471454880293	10.032099056603773	0.0	0.0	21.44	26.625454545454545	28.676	0.0	34.06	13.014	0.0	10.766593406593406	27.62823529411765	0.0	14.06	10.000594979857452	13.728	9.642973451327434	0.0	18.136000000000003	7.602857142857144	13.041693121693124	24.185	6.857099236641221	9.205203872903317	9.450321394240817	27.161538461538463	21.03714285714286	22.210434782608694	14.52	0.0	0.0	10.069166666666666	22.520645161290325	0.0	8.659878950907869	28.4	29.640000000000004	25.453333333333337	23.02295327102804	27.71555555555556	12.886105940680178	30.408000000000005	9.596534954407296	21.148000000000003	6.783372021490384	26.75782608695652	22.48776119402985	11.930507246376813	8.130634132501063	11.599678284182309	8.71988202559822	0.0	16.05375358166189	4.716024708416304	11.865034987794957	14.441709553386572	4.167384697414024	7.502492036086862	5.2116912430562135	20.117974683544304	18.14357142857143	17.969498559077813	16.233846153846155	0.0	17.082580645161293	8.99633064516129
31.228571428571428	12.050434782608695	18.517660401814645	38.5	0.0	43.760000000000005	32.10541062801933	34.90063492063492	23.360000000000003	37.67428571428572	27.048	43.24	21.468000000000004	33.9242	31.46	23.1286274509804	19.29360184119678	24.66857142857143	21.60622222222222	0.0	24.18330708661417	14.36813559322034	19.5437180441797	30.127682119205296	17.976	19.56331034482759	17.829556409360812	31.837254901960783	28.955454545454547	29.256533333333334	0.0	0.0	35.760000000000005	17.47298245614035	20.295573333333333	8.659878950907869	0.0	25.98678571428572	34.21	30.72869565217392	18.19698524565229	24.314903242020613	18.72609271523179	22.92195431472081	17.047988209285187	25.69333333333333	17.79689655172414	23.293721841332022	30.540000000000003	16.94814814814815	8.612829182443603	15.39270998415214	12.25722347629797	25.45655172413793	10.441124231640249	7.731701244813278	6.3942742018098	17.839935064935066	14.691162790697676	7.975366832779623	5.790425963488843	16.546456013730584	29.237482517482515	14.238471094123266	18.48972972972973	35.160000000000004	20.68	10.772045220966085
31.040000000000003	0.0	0.0	28.256269335759782	0.0	29.03581395348837	27.775185185185187	30.437300613496934	15.912892892892897	30.068379240359526	49.38	25.60619658119658	34.92	35.962857142857146	21.65230769230769	0.0	0.0	0.0	0.0	27.82902996444896	33.0	23.96	34.120000000000005	22.898399098083427	0.0	41.36	41.09333333333333	29.29853000674309	36.026666666666664	31.795000000000005	0.0	0.0	0.0	35.980000000000004	14.459614147909967	28.4	25.98678571428572	0.0	24.938823529411767	12.742082757153494	11.393018480492811	16.032576754385964	12.382866423061309	8.154153355205363	37.42	7.70302612716763	39.24	19.86085207325173	14.17134113411341	20.12	30.253333333333337	0.0	35.160000000000004	2.940769839274436	20.586956521739133	20.17777777777778	23.39614457831325	5.181953251402803	0.0	31.93521126760563	29.2021875	4.22304552934723	18.25931998040884	17.8275	38.2	26.965714285714284	17.7865306122449	19.280969267139483
0.0	0.0	0.0	0.0	0.0	0.0	35.86	38.24	20.65	40.32000000000001	0.0	0.0	0.0	0.0	0.0	0.0	0.0	0.0	0.0	0.0	0.0	0.0	0.0	34.38857142857143	0.0	0.0	0.0	35.43	39.56	35.32000000000001	0.0	0.0	0.0	0.0	15.401428571428571	29.640000000000004	34.21	24.938823529411767	0.0	4.20835638270526	21.754904458598727	4.492171261930011	8.233831009023792	20.19681114551084	0.0	17.01167182662539	0.0	4.770431654676259	3.1314823972683388	0.0	32.2	0.0	0.0	22.735510204081635	30.653333333333336	25.6	32.720000000000006	17.694617940199336	0.0	38.040000000000006	37.152	25.04821292775665	2.794768758676116	23.662857142857145	0.0	2.7345823854403646	24.8	3.357438861716319
23.68	0.0	0.0	28.308333333333337	0.0	31.973333333333336	27.913043478260867	31.00761904761905	14.059065420560747	31.924102564102565	21.520000000000003	20.227272727272727	0.0	36.63	14.920000000000002	0.0	0.0	0.0	0.0	28.795	0.0	0.0	0.0	23.696363636363635	0.0	0.0	0.0	29.183384615384615	25.96	25.160000000000004	0.0	0.0	0.0	33.2	18.280227272727277	25.453333333333337	30.72869565217392	12.742082757153494	4.20835638270526	4.12	11.723970944309928	5.648193513236043	6.92176143651133	6.470254357434743	12.435675675675675	6.321983703975985	20.520000000000003	7.286272380815417	3.710517946241751	0.0	18.24	20.986666666666668	19.04	10.40416719328338	18.520000000000003	18.64	29.01777777777778	12.868350473056356	19.72	31.852307692307694	35.53297297297298	13.005875876218155	8.209166733685406	19.043636363636363	43.96	5.340564683362578	22.251428571428573	8.69894300908278
