1.2987627637137278	0.3789306197266731	0.1945931576544444	0.154500800987309	0.1988232576170023	0.3729751470062652	0.1971335396650388	0.2400055529474078	0.2797484239521548	0.2060136475328642	0.1611255417076025	0.1513216087346096	0.2288583631691132	0.2872243042493352	0.2229992041269799	0.2774801827808133	0.1682754676034727	0.2201664081230099	0.1976442778262894	0.3840129903927103	0.2312954479616342	0.1274922884083036	0.3616942532131837	0.4649797998317462	0.2497326656690024	0.209029869714195	0.192428267367001	0.2543242881919418	0.2217625942667762	0.1789202009413824	0.3375188326248128	0.2905036718352143	0.297257632064329	0.1376754075620612	0.2794085358161364	0.1944014373447347	0.1628702499373053	0.1484365607119988	0.1115043935520292	0.1771257608949543	0.1677116833012277	0.1746575286592611	0.2527091611486822	0.1823633047011021	0.287180478111952	0.2592125352104073	0.3670012184008042	0.2805899086475207	0.3785985051726586	0.2427017881224067	0.5352460392583511	0.225842133496803	0.2823546197294098	0.3833404538767482	0.3361371544298901	0.3715385758232754	0.4425930403170968	0.244128589093747	0.3621028629035976	0.1421655935836527	0.1552020171270909	0.1728441997245964	0.2084339978503644	0.3900829179930838	0.2574518424252501	0.3227371400027854	0.3008041224002626	0.3436801728626522	0.3311641066541808	0.4958113732257017	0.410974589189065	0.2796078265446953	0.1954457823780817	0.15208259968899	0.2717142192933712	0.1905095242090126	0.2470397995339448	0.2829276498407624	0.1922784758969706	0.3395507752160576	0.3311926489564252	0.2937101452968846	0.2225254234404623	0.3842402357511227	0.2388043346506476	0.4526640800980921	0.2416225027468668	0.2504923956000402	0.4983269826176757	0.2988615460156927	0.4482242359517085	0.3792869662704934	0.2569737853179488	0.3562960126603656	0.127588432415866	0.2393409045960819	0.1554837646623923	0.2363029125269236	0.3218624873974809	0.2589239926713995	0.2715845962801522	0.2577689465116313	0.2664342462298315	0.2649603417517996	0.5624762104714947	0.3382844107201279	0.2658843897769873	0.1833943845756538	0.2028485483301612	0.1992723510704372	0.1792013749037968	0.1775699429679313
0.3789306197266731	1.3401204153953596	0.1582714626498003	0.089303433071648	0.1756277132426591	0.2519951308875932	0.2151460082749725	0.2876682783569197	0.2919719103866027	0.1452725904654626	0.1891711816579082	0.1258869696754914	0.1230308433685083	0.2602908064411888	0.2504195799629878	0.2037758898914852	0.1866599982570589	0.2170941829078074	0.1800719148920162	0.9128714820205852	0.1864074075834034	0.1346648566056609	0.1673543926759721	0.2419343760652674	0.2530633187582491	0.2177392036489696	0.2149353940354306	0.1602796866562359	0.1727123119551974	0.2559132507854187	0.3010379644117469	0.2126935607880709	0.2093917941423031	0.1164136258230046	0.3145388035677809	0.1226520811809077	0.1517235797861662	0.1795000320777813	0.1424107646582344	0.1849384753755449	0.1367920344789839	0.191390699655912	0.1848243956984241	0.4425258401991643	0.3964802210768949	0.3341923330548697	0.4667885721381513	0.1286882217101581	0.1793158737817854	0.6081922759670624	0.2040725361882698	0.4034993695528106	0.5768520174387888	0.2863366245344778	0.5488306668023499	0.3261228219138479	0.3169436688335691	0.1518735147593748	0.754172275257746	0.3543002144121701	0.318434972346747	0.4224127927737502	0.3947835492125158	0.4539798982034257	0.4484364810133341	0.7185935400455934	0.5203789821560072	0.3860346059063646	0.4319500917852314	0.3257933719608026	0.6166361928517681	0.4518820073512088	0.4399417692551877	0.10413267324446	0.1431643654708967	0.2754999330940793	0.5113596804938858	0.1482336378804802	0.2389817851536628	0.2839568018180767	0.3783750624929274	0.5368642709404714	0.134272041231295	0.203823120437379	0.5269120419880293	0.1823376868888653	0.3479203306291065	0.5325533000830536	0.1922289208850616	0.5119705320813832	0.3399967639343488	0.2599786866303297	0.1764704027814954	0.6225763659023222	0.2880315756362313	0.2342896573740738	0.4277995825997021	0.454181701512458	0.6725472633624916	0.5785720966422989	0.5625004103019524	0.5726700075560469	0.3152370258016761	0.5640115645169317	0.4514912378576676	0.6420238768222681	0.2436989693126676	0.3907965876954336	0.2031618934941574	0.1780138200144003	0.1907116196110996	0.2765542028871319
0.1945931576544444	0.1582714626498003	1.2453471810937549	0.1978941924894695	0.2129227198358378	0.1792110952637182	0.1853882552313877	0.2069639833839982	0.1392363187947713	0.1840817971838015	0.157037217968825	0.1506271705083364	0.2097227176495293	0.1568463721093564	0.1828920792448736	0.1643198236624581	0.1416249413766976	0.1848795056523089	0.3399106426258624	0.1361897433175203	0.7589831376459957	0.1947704200904407	0.1760391936013379	0.1675541423041782	0.1641395121846374	0.1808775912953883	0.1840423561376081	0.1681528025235064	0.1441200826559132	0.1905469291776631	0.1177681780789718	0.2112483527768205	0.5242086148317417	0.1555963500419119	0.1806752883905069	0.2213249921092712	0.182912417791722	0.1639262354071524	0.1457870738074334	0.165965093756701	0.224274576211199	0.1510078330935664	0.1886314785066911	0.1625415097634723	0.2234769663343003	0.2702413810357376	0.2190216630840495	0.1668440893320495	0.1916375354280779	0.1638762216314573	0.1732954626528027	0.1568185995660886	0.1686795574149915	0.1737714218477828	0.1863980282433983	0.1853808549018785	0.1845941471084664	0.1728894072612057	0.15299456777183	0.155029374480363	0.1950948650544743	0.1607923249137108	0.2215999840312212	0.1630070196342572	0.2425088445418026	0.1929286365235354	0.2292951143277166	0.2825384957290229	0.3827507600478395	0.2066616670815877	0.1954040282875819	0.1781829278254498	0.2368716449960279	0.3156619661907349	0.1167392952355577	0.1985207986524351	0.1788785007063218	0.1817274237677892	0.1714201754322877	0.2409549301703677	0.2122798948626645	0.169270353642351	0.1612820852897574	0.1881503221804985	0.2253952603392388	0.1645438762023126	0.2485673340860623	0.167298455930922	0.1804016752301107	0.1369713248041835	0.1593771797970227	0.2107235460088832	0.207692188275792	0.1800524846419202	0.1984458090994323	0.1686251091935338	0.1968593336028279	0.1579445776198706	0.1984321222715639	0.2131145763449469	0.1746447529235677	0.1840867045985144	0.2592015873752569	0.1619655860165716	0.1772821017782009	0.1710700876235833	0.1678988871820506	0.2074871379204443	0.196409935979811	0.300534608944667	0.1889056978058638	0.1453699717407
0.154500800987309	0.089303433071648	0.1978941924894695	1.353463559311367	0.2182511383916843	0.1821329104617772	0.1559115078438608	0.1252583300023761	0.0999557123283922	0.1778179431144906	0.1243574063329644	0.1258299110654395	0.2364178282875721	0.1092032799016964	0.1411707901238275	0.1052763170826098	0.1470682882835143	0.1338568898652887	0.1670191524448796	0.130466336540886	0.1936580403173025	0.1629448722304909	0.1992037878251622	0.2025318790618335	0.1579795634378342	0.1752756607464878	0.1248572856822409	0.1598213657645395	0.1202093287817991	0.1603041347630496	0.1134571526455676	0.1198115135426896	0.1784536371364407	0.1430911198075151	0.1197156102195	0.1402692623584061	0.1584214103056984	0.1160778856690871	0.1175004984992726	0.1739580017692423	0.1728018455168811	0.142750635365453	0.1575674120944636	0.1175197983751479	0.1388383618721222	0.1468809760423823	0.1142739002397394	0.1892584838367419	0.2253353064823029	0.1480365670145778	0.1932462715476335	0.097220295899123	0.1246077030982437	0.1942239979838529	0.1190436181401004	0.1694084311820596	0.124140959847268	0.2151277672995997	0.1187003128031811	0.1271147412082767	0.0873228323381765	0.1148465805609344	0.1619596327015839	0.1274822987569734	0.1468330306922434	0.1145035827966083	0.1394437878469352	0.1174641673340666	0.1420593419533293	0.1341345560792302	0.1319729348680685	0.1202228461600869	0.1529752182768637	0.1632579283553541	0.142107756540355	0.1244153566688739	0.1087913107202371	0.213381958637016	0.1039870406891561	0.1342332202528302	0.172298098857409	0.1125740692097769	0.2068637792586178	0.2215544877086195	0.1038019564348307	0.1622095802291747	0.1497262929415752	0.1214239547250812	0.1292739341089515	0.1451257491149622	0.1079736460880091	0.18281872863498	0.2003554221384273	0.1406757434476695	0.1458509638722782	0.1351672478841941	0.1405228995147336	0.1519617029427795	0.1209885636150023	0.1299767249308558	0.1211248939563525	0.1110208726161117	0.1278286919180278	0.1156226878907746	0.1346323555430171	0.1242949293688546	0.1385152709107622	0.1123295754987179	0.1474068353868247	0.1874036253207398	0.13085261271162	0.1362241187208255
0.1988232576170023	0.1756277132426591	0.2129227198358378	0.2182511383916843	1.3396819268842863	0.5098606899325402	0.4308197825026614	0.1759209402255122	0.1842920507346264	0.2410577572287948	0.1529901577586567	0.1583499916515069	0.4794227928048578	0.2094594944166745	0.2858880573320173	0.16411699100387	0.2348994540136058	0.1288414672149738	0.1532687420239629	0.238139962286084	0.2515839618998328	0.1773826738886788	0.4704750419291805	0.4537002278244495	0.3959100103881168	0.3741695821797774	0.18974019350558	0.240212810554147	0.2180391585232914	0.1615930254708475	0.2103655990604096	0.1294573209966003	0.1563784704522328	0.1671827784542516	0.1760724895559855	0.1767819212682413	0.1538837927728051	0.1637943871951197	0.1684913648133026	0.2181215078284468	0.2445796132153059	0.2474987408018023	0.3153621472371553	0.1827166452753275	0.1517697395079968	0.1637439353566554	0.1698736020393596	0.2435533725462564	0.3077677439966049	0.1397936878390657	0.2393463146638499	0.2207422003237482	0.2164357930607687	0.4186969373744906	0.165292013833656	0.265969847368015	0.1907027445171367	0.3280600389378501	0.1781889077903544	0.2092809220706097	0.2120362940176745	0.2821912715142067	0.1886931948287609	0.1443224633844462	0.1193062345552311	0.1378869078495821	0.1667806577003272	0.1183282661524369	0.1555586194604679	0.1235122858338648	0.1471512092334181	0.1911146764458182	0.1445182749981945	0.3257325681291991	0.1521758750759048	0.169360459029269	0.1859231136741597	0.2667504472147453	0.1883070723220781	0.142732604971516	0.1506173214929633	0.192556572489428	0.264284570108968	0.3784952032209832	0.1208503574808297	0.2860333908177113	0.1359642637663443	0.2603452116657365	0.1821905045519587	0.2309066120037233	0.2743253109663364	0.4037571074897386	0.3290321007372681	0.1603393301966793	0.1342850713192636	0.214536590006813	0.2359528958128889	0.212118590724577	0.1567286128541445	0.1497086638360221	0.1454250227557869	0.1430143188107466	0.1316787722307264	0.1758455907918419	0.1646237125982734	0.1275584566270522	0.2883094058620967	0.1411007264730583	0.2075620914796374	0.419063188749158	0.1647209841225176	0.246055856454916
0.3729751470062652	0.2519951308875932	0.1792110952637182	0.1821329104617772	0.5098606899325402	1.3466324157265055	0.4171462986688512	0.2229816112680751	0.1957204262574938	0.1997108053106808	0.1682039802683386	0.1651079420921064	0.3797463608044307	0.3773320189512263	0.3272061046119416	0.2789426780315764	0.1954539625319897	0.1294407332030687	0.1575977119707419	0.3278945721758903	0.1820808398022446	0.1396584093016448	0.4025706400629145	0.9898928457828164	0.439971639613514	0.3520244104895003	0.196657306878623	0.2061377331866394	0.2751681982604976	0.1943321005014775	0.2659483140346736	0.1449929718943483	0.1745980393794477	0.1438035540814093	0.2864778829556673	0.1338290350695778	0.1779004846689993	0.1801725892113461	0.1512809422524723	0.1966864494113496	0.2076820890434785	0.1612871894992302	0.3679067809270311	0.1660192215687717	0.2254547464698779	0.2083771849999127	0.2227797498545438	0.2410900471183872	0.3352656250484971	0.183639972726155	0.2576131313781946	0.246416511404778	0.3030628319915278	0.3628471564727036	0.2216740290453431	0.2720987443253655	0.2837057075542404	0.3179752581720469	0.3003613919909522	0.1474871994700253	0.2163139459905751	0.2338133004265215	0.2004340543514153	0.1983046616286561	0.1453742540390434	0.1662870013477384	0.2054164334423536	0.1672644017668521	0.181248226220446	0.1614219929475213	0.2185511604164762	0.2504308434941151	0.1347509708747623	0.1792955309410366	0.1601251025621994	0.174639574162029	0.1940441223227855	0.2803051728667602	0.1849918264220171	0.1639127019849837	0.162891136589403	0.255112101699523	0.2013658946043479	0.3998830239134028	0.1673185025748607	0.2768018104032341	0.1616186130388248	0.3971449801352493	0.2071486550151311	0.3268940300403349	0.3133211433602678	0.4949732053745777	0.3212758456806108	0.2263002550010773	0.1532950150519196	0.194389294724754	0.191427383183143	0.2352107419018683	0.2314899203373936	0.1535137782607325	0.1853763388986369	0.2225368553218434	0.1451836064784313	0.16807313105922	0.2320571123470047	0.2059700650933793	0.319942484793855	0.1457516067061801	0.2026035297495809	0.3005553030639243	0.1599016485112567	0.2014059450677079
0.1971335396650388	0.2151460082749725	0.1853882552313877	0.1559115078438608	0.4308197825026614	0.4171462986688512	1.337069654481604	0.2680901537548399	0.2410625844818819	0.2342611988436802	0.1822479521420863	0.135326274256351	0.3559008833384922	0.3207052092398381	0.3158172199592304	0.3210138694475066	0.3259587444703333	0.1383240511955321	0.2093723947873389	0.2941658207351443	0.1869718119419152	0.1373285888257385	0.3097645258602588	0.3796163693019521	0.8665557624854596	0.5181940035032824	0.2025555138041896	0.2411280083131943	0.1875661244333084	0.154932443485376	0.2990742882657153	0.1463939203280393	0.1392820781615773	0.1144919242119977	0.2028697325397717	0.1238028388434875	0.1401584168591449	0.2119848845729199	0.1533888329168675	0.2526333220804932	0.2196388148285493	0.148440803534152	0.3743869629958825	0.1664849419595517	0.2312598798555285	0.1260891162860815	0.1903044885548812	0.2265774709957018	0.2820417737188734	0.1999828369710403	0.2069108536174555	0.2868762835633989	0.1714225131443889	0.2983797240423316	0.1634987354318235	0.157481191538058	0.17242294410193	0.3213131539431693	0.205766789272185	0.2512169287900931	0.2085352810204357	0.2756603172812664	0.1676863528748109	0.1342480172845599	0.1562121170752286	0.1327539132517952	0.1692996034159977	0.1608573471272905	0.184538084157138	0.1359953654568322	0.1550755736087437	0.2488516998272363	0.1543309333606357	0.2104674623933871	0.1404604924424948	0.1298880195864615	0.18388868197255	0.3095370647827113	0.2060214648977441	0.1937748701566244	0.1413251201787071	0.1972953421672301	0.2365168605264864	0.343501577297868	0.1461676702491052	0.2475844294218196	0.1444195403659423	0.239472209374429	0.1664926455358282	0.2014617084048025	0.2458426864909846	0.4105155530359292	0.3556668726392518	0.1475438945234959	0.146451671014649	0.1661546913386633	0.1976468340917003	0.1878192014809583	0.1459346311851428	0.1610747384662438	0.145077025253574	0.1655331969809461	0.1488587699266759	0.1701810211318859	0.1414121859716655	0.1592271687880249	0.3339443590005944	0.1600848284274914	0.2064882175965401	0.2837839677801792	0.1525793609535997	0.2279296940043158
0.2400055529474078	0.2876682783569197	0.2069639833839982	0.1252583300023761	0.1759209402255122	0.2229816112680751	0.2680901537548399	1.3165368508835162	0.1698853820687995	0.1630824660359788	0.2267464556445988	0.1244784100855618	0.1707918681607951	0.1730503468871456	0.1734192990433625	0.3111052147614499	0.3339801988976081	0.1673298870626887	0.2129203102120485	0.257253269714699	0.2744930499078926	0.1412998433238401	0.1496458900152184	0.241847579359808	0.2278634132968049	0.4335652482162668	0.1537145643879105	0.1630029386191998	0.1525352747559756	0.193160642663674	0.3347081764583723	0.1522967850041343	0.1628946481442339	0.1263479596475099	0.3311503276928764	0.1907695623654355	0.137886799746945	0.223753176804597	0.1213430376642836	0.1683163506172666	0.1362394234069883	0.1607236578442261	0.2272474258091827	0.1695542420229978	0.1993362174633492	0.1627087701241265	0.232316835067202	0.1389115826539591	0.1631155104084145	0.2117922408335966	0.1888939093726165	0.2165769063430547	0.2425290542826816	0.2410713707046854	0.192242916680521	0.1886733462551459	0.1849735861563521	0.1553130874820816	0.2057801044672054	0.1631693086806471	0.1542997749338877	0.1728380516831196	0.1861880539446971	0.1484093382310272	0.2022155818558753	0.1946537719765269	0.2457949534773806	0.2112231991093773	0.2527727461796116	0.1700064636206306	0.220958259789529	0.1847242058067939	0.1904663907924266	0.1150397157025162	0.1096835289130329	0.158415696756335	0.2006325650148168	0.1475306854906675	0.1599085155091328	0.1720695268069345	0.1533523894797896	0.2133352858315857	0.1301883163320356	0.1769400536317986	0.1917635928237882	0.1727050450555225	0.2175996745445392	0.2291501539838707	0.1524629726474025	0.2074147832992228	0.1808270037600747	0.2001339049230992	0.1796814803756383	0.2000958746172099	0.1451732898569435	0.1489566826660189	0.147803932057152	0.2003192601864354	0.1864685295010915	0.1973839952721929	0.1677357629277409	0.1977348783540655	0.2105847108282939	0.2439928398536777	0.1798216741275125	0.1955112789393034	0.1521228133884129	0.1848354462094645	0.1880438411184162	0.1247338082442288	0.1748476540146901	0.1193496586026148
0.2797484239521548	0.2919719103866027	0.1392363187947713	0.0999557123283922	0.1842920507346264	0.1957204262574938	0.2410625844818819	0.1698853820687995	1.3452480794470425	0.2618601676359686	0.1408637020213143	0.123962402300207	0.1880918740060364	0.2204934271392398	0.2203307116507176	0.1641906886251769	0.1683581474805775	0.2350124616826647	0.2069159410581731	0.2903232440964594	0.137803584395356	0.1360182988672296	0.1924781569107949	0.2422450818586696	0.2612262719415064	0.1505690835012894	0.3497796692383064	0.2459983565910066	0.1595998937678846	0.1877969705448672	0.1621784133579256	0.2020161266041622	0.1747302126010277	0.1252551939721407	0.1349353288737322	0.1183468623080417	0.1420201802069307	0.1361830737751672	0.0952311570290351	0.1566295345654582	0.1226821122730195	0.1278882441096884	0.1695292388915081	0.2585207297415293	0.3083094990105115	0.1565487881520706	0.276808374594589	0.1600347736903273	0.1848643546343122	0.2425477558156572	0.2116659508071414	0.2644244853724995	0.2016904427583377	0.2433740524600267	0.2617756115084155	0.2196120893140341	0.3456356055539302	0.1755395563575073	0.234670301029797	0.2165704949337543	0.2177872325360175	0.2844240613595721	0.2218380358918139	0.1963114207284775	0.1809059142605411	0.2179234269476451	0.2468243283671691	0.3203227678152496	0.2383325272984242	0.2033549585333096	0.191887231858991	0.3375204533963263	0.1597444127719081	0.0968294660870014	0.2125738950200553	0.2120612757799991	0.3502473640217758	0.1708637114312816	0.2713134551044716	0.3624997258990046	0.183924831083484	0.2564139394310878	0.1563282082718817	0.2317473547390465	0.2148735620890738	0.2094703312805661	0.1778835403339638	0.2558850326048896	0.2064541702305975	0.2487552800883463	0.241098506762003	0.2567920272271387	0.1978958323119073	0.2308449938502921	0.1824058613864121	0.1661740144708448	0.2194131361971036	0.2240090192712127	0.2073982073811775	0.2308840220426011	0.1828069513243955	0.2209502203513738	0.1973564823643485	0.1879316736626917	0.2190757647832324	0.1881976079888412	0.2395311914941595	0.1634510612538964	0.1265988451809496	0.1641543720557399	0.1493247344413824	0.3059513102607702
0.2060136475328642	0.1452725904654626	0.1840817971838015	0.1778179431144906	0.2410577572287948	0.1997108053106808	0.2342611988436802	0.1630824660359788	0.2618601676359686	1.344411778031244	0.1135287596182097	0.1282974306108544	0.2783825739245538	0.1731859573159786	0.1661532431386421	0.1682936716883798	0.1888694220727496	0.1706908282386781	0.1708136803641133	0.1706606487365611	0.2187427235477139	0.176336409486665	0.2736951647287116	0.2062964795193673	0.2361963636552593	0.2123131211337288	0.1972484461618604	0.283007595626966	0.1256931189979857	0.1142048237372419	0.1913078807177868	0.1419562925636475	0.1996082963851071	0.1365255538173437	0.12373532398313	0.1236355969361184	0.1747851427129765	0.1171045961348777	0.1585973926214974	0.1965580334004517	0.1575562950370619	0.1507094081510391	0.2201475903765981	0.1375157431812921	0.195153698953594	0.1727881010124319	0.1392340776737572	0.2600568728899688	0.2856950717877939	0.1035268559707889	0.2808307405030898	0.1552532023658779	0.1193055546913468	0.2544963039086818	0.1459607329903205	0.1803538756044362	0.202161363771137	0.1957206482332552	0.1559896363343824	0.1256817308962841	0.1641022599388737	0.1721946439578214	0.1445194780163712	0.1619603349053768	0.1363553654584173	0.1472664599005249	0.1439203395342945	0.1482458467740812	0.1597407800621013	0.1926676819613497	0.1540119450589072	0.1512738916541254	0.1467946033452563	0.212012218491326	0.2344656272159122	0.1519478080706129	0.1704373704374928	0.2949566734966193	0.1906450540717772	0.1998917393494732	0.1363111608332827	0.1111097551111255	0.2746559457164919	0.2873732419871082	0.1303897405053105	0.2658360022058055	0.143045442261636	0.1222141299590635	0.2517587803904968	0.1789288654160055	0.1914563822321353	0.278623537486161	0.2592282774745387	0.1463884357264628	0.1498808955038839	0.1446838392534895	0.1414555780594533	0.1476608936347192	0.1236826627492595	0.1502467984399693	0.1482441825946487	0.1393112783791661	0.155341613533178	0.126647435815344	0.1697193788946824	0.1316940259836112	0.2328368054229619	0.1236227334587667	0.1425713898766174	0.2161478034716735	0.1326638011098815	0.1803002608631256
0.1611255417076025	0.1891711816579082	0.157037217968825	0.1243574063329644	0.1529901577586567	0.1682039802683386	0.1822479521420863	0.2267464556445988	0.1408637020213143	0.1135287596182097	1.3515327252471163	0.1309376648981288	0.1465062563643178	0.1738678547245662	0.145851599218787	0.1611692491801379	0.1191359788145485	0.1717057643720219	0.1692165149545719	0.1715533971640548	0.1702291044649699	0.1276933243909956	0.1382853418900085	0.1887201236588556	0.1687867199904698	0.2434459820561283	0.1286592533840442	0.1218648856318136	0.1503119155716659	0.1522058833837283	0.1947948384196376	0.1178713895726657	0.1729530338747844	0.1239994089072862	0.2996522227497227	0.1207657878666363	0.1735918469780601	0.1762166835264871	0.1701328672528772	0.1408289174277524	0.1361564497881122	0.170242448254771	0.1312830281941392	0.1627282198910817	0.1411683486524966	0.1611089278248956	0.210601866573767	0.1540803716506875	0.1500040664882931	0.1587378373945727	0.1492012618865308	0.1890502138662633	0.2246432750674092	0.1697233304999859	0.1625087406574525	0.166543339318486	0.1449377230698223	0.1197002000173714	0.1787288531365618	0.1415370164657616	0.1754894754329612	0.1584138683252032	0.1889580136658795	0.1415762464965446	0.1630495660386204	0.1446975130659016	0.1876447716439537	0.2164461523249592	0.1764887389838705	0.1713777406414722	0.173649055746285	0.1386979201710518	0.1464169937202548	0.1128494655363363	0.116750534903284	0.2353149938394851	0.1436921042847423	0.1641580620031524	0.1379289837172397	0.1451605850872628	0.1413280202004818	0.2001438304331655	0.1332004526088752	0.1258034742776503	0.1686411397385523	0.1313958836654292	0.1914523692975542	0.2022859651134032	0.1115580396765336	0.2033019372207452	0.1400828431389378	0.1319992175677544	0.1477611607041451	0.1916334182132049	0.154667041575327	0.1307020269191046	0.1396195736029559	0.2011773158720915	0.1458484951175593	0.1821541033036169	0.1584307687112565	0.1630806648078584	0.2369243447769076	0.1678650433259667	0.1535985725544817	0.1781291423846589	0.1504366867159552	0.1708662038525554	0.1518174514244297	0.1304981221127157	0.2493672561409896	0.1402185060382015
0.1513216087346096	0.1258869696754914	0.1506271705083364	0.1258299110654395	0.1583499916515069	0.1651079420921064	0.135326274256351	0.1244784100855618	0.123962402300207	0.1282974306108544	0.1309376648981288	1.3556522899617636	0.1960925608253489	0.148795648453234	0.1608054371040941	0.166196421805278	0.1087576265999166	0.1387379518353677	0.1352106119564826	0.1379125030427594	0.1484824061108467	0.1220680189057104	0.1397696789801417	0.182306535780234	0.1305658078309832	0.1085487442810508	0.119535625675585	0.1105287204539449	0.1347829892800778	0.1923238172909993	0.1486702014849275	0.1645991583021722	0.1569002466910598	0.1582175044854512	0.1795628382597138	0.1179631878148601	0.1380355204067749	0.1315977169370414	0.1291981494850853	0.1757586621285849	0.175205210268099	0.2126827113731133	0.1505866275021148	0.1136400298006314	0.112516740859065	0.1352635625332938	0.1400174890860466	0.124471449161394	0.1185339814910966	0.1454741084408386	0.1516338222661213	0.1428409417603768	0.1582006232033048	0.1354988666960315	0.1103049646804468	0.1201410485003835	0.1243858311384107	0.1658270011618645	0.1312168778660307	0.1397207737720363	0.1636091395986092	0.1347542828174175	0.1373129888283744	0.12534186378541	0.1348943174463741	0.1432064028150188	0.1399014027752576	0.1293415237619797	0.1481002725716464	0.1361658519123736	0.1264443030480135	0.1155224452276577	0.1112885150257119	0.1432080519459209	0.1337809878429503	0.1258216012315678	0.1193338253684475	0.126282814561053	0.1226063245523336	0.1625476854703968	0.1311518991879756	0.1568599022240127	0.1198143958623587	0.1240067129344737	0.1087059580111065	0.1534331156999746	0.1655084056176594	0.1359572310994687	0.1637100253028123	0.140554081349979	0.1353338670767154	0.1407522013580706	0.1210378278754626	0.128299844969713	0.1061681159203375	0.1165180237362637	0.1518715406241648	0.1293397556034108	0.1307396763064714	0.1268140132925781	0.119179585304308	0.1291621763656065	0.1332199321341214	0.0996974335445211	0.1104042720323645	0.1336101137767462	0.1214787439791802	0.1199147098995023	0.143440478016207	0.1776142562658087	0.2068054071177218	0.1338609895836366
0.2288583631691132	0.1230308433685083	0.2097227176495293	0.2364178282875721	0.4794227928048578	0.3797463608044307	0.3559008833384922	0.1707918681607951	0.1880918740060364	0.2783825739245538	0.1465062563643178	0.1960925608253489	1.341045154220402	0.2259007175869429	0.2268792212787502	0.188830068462332	0.1738529032933442	0.1329181394455298	0.2058124256273714	0.1725423777509984	0.2234324326604735	0.1516423524629191	0.4867444698923906	0.3838555244052184	0.3915479027110962	0.2943444668483508	0.2070622700512174	0.3035691661150288	0.2026920356798909	0.2312098968824552	0.181228489327319	0.1369185720754098	0.1918158703759687	0.1591378411809136	0.1761506996727018	0.1584517013028072	0.1971893548616297	0.1668541690274141	0.1655188856297975	0.3331415162983049	0.2620026055301991	0.1860816203006861	0.3086839382395254	0.1064783593793681	0.1490190484417484	0.1872576982154834	0.1354338534732617	0.4094586461070104	0.4407175357706183	0.1231874050715591	0.3282768775739058	0.1529296067415169	0.1454943895430132	0.3947543362984298	0.1606691098135488	0.2132198753966747	0.186640156439763	0.4218743783333822	0.1445657100875763	0.1575326361076099	0.1735083811879221	0.1623054424665788	0.1826536772240992	0.1259239514024805	0.1373135231149831	0.1410231186321677	0.1408990967648993	0.1290390513449315	0.1768306254945875	0.1328583237848244	0.149413128767299	0.1896467885286616	0.1709541529385534	0.2754276775832407	0.1616997199042513	0.1413413243262615	0.1541684808317232	0.4287350424685492	0.2019719878052255	0.1535412576043047	0.1442202909677536	0.1414518266214788	0.4719269451280361	0.5040935716054005	0.1190800075866924	0.3967424211945332	0.1440312251390683	0.1590196197721702	0.2607839542395433	0.1836163463145688	0.2594130463106605	0.4929494675147463	0.3727763270466537	0.1278785202168624	0.1498539970478862	0.1759860027695881	0.1364152031761598	0.1576966636991379	0.1358809466184185	0.1454968462546322	0.1642203015190642	0.1412416223026769	0.1478135952960269	0.1446734135227005	0.1301831168123266	0.1374243346430743	0.3714722824752359	0.1159391696348883	0.2098275900173254	0.3596523862266219	0.1801277875384785	0.2142145727937849
0.2872243042493352	0.2602908064411888	0.1568463721093564	0.1092032799016964	0.2094594944166745	0.3773320189512263	0.3207052092398381	0.1730503468871456	0.2204934271392398	0.1731859573159786	0.1738678547245662	0.148795648453234	0.2259007175869429	1.3488392910923737	0.2805409783223904	0.3510225756201031	0.1860625155082296	0.1442998652111633	0.1877246672430121	0.3284026063293126	0.174099261658335	0.139017595539812	0.2432148667596996	0.3561315130773765	0.4043846764966732	0.2265072815106039	0.1962295646332581	0.2383155090909783	0.3259960324368665	0.2584268927191528	0.2126796793379881	0.170619758614591	0.1535451007688042	0.1401340229581178	0.2152767687199022	0.1268080555548829	0.1833785467566642	0.1699409346096638	0.1573440492651912	0.2326475743804525	0.2306430997336859	0.1480173165744034	0.3083538628264763	0.1858736757742072	0.2344310907735147	0.1455958283804239	0.2272345008319867	0.2466785108890272	0.2829544934840831	0.2078640658520818	0.2200291442692767	0.2296390717419445	0.2216319304025784	0.2343849224925067	0.2397853432157068	0.1954825913810296	0.2812336270327638	0.2857619014714645	0.2449760914192076	0.1954184847020101	0.2192950552047818	0.2463092112461344	0.1664501417377861	0.1709937761372071	0.1344285767371813	0.211624773350687	0.1930813300898588	0.1977115033876337	0.1740035343034192	0.1653141137852936	0.2102463729808112	0.3257826230435068	0.1499324730912432	0.1241492662089793	0.1683618261941335	0.1913189282167389	0.2384223649921608	0.2178689078848457	0.1911689737309618	0.2013121699217483	0.1759136894604376	0.2075265264054993	0.1794991450260639	0.2866900539197239	0.1494541999408696	0.2124009125665038	0.1709866892313902	0.282462276434007	0.1633418756417901	0.2675585670473506	0.2521557046615594	0.3203088609594022	0.3014041894741259	0.1970219799969994	0.1809622314986043	0.184659826144184	0.2179886405772837	0.2161774722653087	0.2305148749839949	0.1838590179916703	0.2058585935062682	0.216046965466492	0.1329088986357431	0.1743407463935833	0.2064005436017639	0.1756055363375317	0.3788975396347611	0.162868490043353	0.1725521871871747	0.2427551151711799	0.1668041976378163	0.2383858151971507
0.2229992041269799	0.2504195799629878	0.1828920792448736	0.1411707901238275	0.2858880573320173	0.3272061046119416	0.3158172199592304	0.1734192990433625	0.2203307116507176	0.1661532431386421	0.145851599218787	0.1608054371040941	0.2268792212787502	0.2805409783223904	1.3477175987878909	0.2129646295278977	0.2329200575358401	0.1484770244733591	0.1691563636515907	0.2869339288749284	0.167743099058133	0.1462048707100471	0.2021205715415552	0.3193894486893418	0.3248628326745448	0.243572933713323	0.2133303456976536	0.1348325724407004	0.2622609243214295	0.2320312684774954	0.1914946089002729	0.1337980622192862	0.1895571792181085	0.1149887412337342	0.2022780278841063	0.2061744496684685	0.1680966352040709	0.1834413553046321	0.1751029921967637	0.1711270168043359	0.2035551772548407	0.160445303900417	0.2666863934802599	0.2008300701346463	0.1913351950985511	0.1502199954052958	0.1875821226809328	0.1933946538389728	0.1781706131978451	0.2111242927441612	0.1624635209908351	0.2423595350552734	0.2269745567213048	0.2007671300006812	0.1996192057544865	0.1737037731920132	0.1940651941569227	0.213372494806701	0.2213383489073876	0.2778901596634897	0.2672949041468326	0.3352962428459971	0.1973994061165269	0.1607139483722974	0.1715845999368968	0.1715305087104255	0.2099238657696354	0.1495793975422676	0.1471658812577114	0.1453576541434413	0.1754001531175752	0.314721919037356	0.1385367113100839	0.183953383680981	0.1669900090198908	0.1524806725660141	0.2697356313624617	0.1931636924926554	0.2046666760818025	0.2042096396748194	0.1715227852297181	0.2359285040877381	0.1444115208080951	0.2303157894878094	0.176794249065578	0.1721350950921483	0.1447229314615175	0.2767009028576588	0.1806964390943308	0.2419373598839662	0.2043392241136139	0.2871767505422848	0.2304491871676814	0.1907599529034414	0.1981458179058659	0.1940847972270409	0.3185971118505621	0.1825007239459646	0.2075128983773533	0.1784373826572327	0.2143806298159107	0.2190395219029035	0.1471109188173285	0.1998550414252804	0.2169623317414331	0.1897402883078598	0.3120917946115584	0.2115361440103234	0.1556439197441284	0.2468933552628991	0.1574064225340077	0.268397181518428
0.2774801827808133	0.2037758898914852	0.1643198236624581	0.1052763170826098	0.16411699100387	0.2789426780315764	0.3210138694475066	0.3111052147614499	0.1641906886251769	0.1682936716883798	0.1611692491801379	0.166196421805278	0.188830068462332	0.3510225756201031	0.2129646295278977	1.339100257436184	0.2500695188877131	0.1237351440159262	0.2259313188891356	0.2321901537948445	0.2205240852393153	0.1201520341514195	0.2403313596650953	0.2854079236230538	0.3093017316499233	0.3068012669451896	0.1470882492567033	0.1659207785401104	0.2010799791295507	0.2041278318747013	0.2689309061206044	0.1823640269996991	0.1739544886808959	0.1233606165643355	0.2248801060057887	0.1108449418225205	0.1428767482141193	0.1473771564878045	0.1381955072233349	0.1631575589893348	0.1794637393115721	0.1538193678246191	0.2534889751848732	0.1404080311111615	0.2355758600888666	0.1532715656862953	0.1838305197695504	0.2004487238550441	0.2315037976638141	0.1724314893448726	0.246338977767464	0.1812673047196815	0.1405009972025714	0.2454412192039949	0.1676873373524321	0.1870127782385831	0.1662491008318509	0.2188374476903387	0.199973807382122	0.1588808713077325	0.1699037542234851	0.1621799069520424	0.1240389623998146	0.1861403115575299	0.1497064770407083	0.1860390459530858	0.1613821643309574	0.1349671750183434	0.1605654527542164	0.2011364655613343	0.2279549654567061	0.2160724032788268	0.1560104408018157	0.1438545375450859	0.1914106010583189	0.1654355507148013	0.1539214841683041	0.2586583497099157	0.1547537458141947	0.1601314086844905	0.2052384476785	0.1569815722264023	0.1607184441709916	0.2412343991461778	0.1449520911702198	0.2500002638128968	0.1241884995833721	0.1640749274920141	0.1971795845894073	0.1870934124216923	0.2271594728467691	0.257907292366978	0.22127654636654	0.1995446484335383	0.1282689080368522	0.1561794818626545	0.152387899992517	0.1458277497365232	0.1733253390284463	0.1663663825155845	0.1961224929965279	0.1642445774086889	0.1148855566320303	0.1619275639023758	0.2671433571577521	0.184777883666201	0.2341824035562973	0.1606166789867904	0.169115961835728	0.1611925841268036	0.13066462087688	0.156752443003814
0.1682754676034727	0.1866599982570589	0.1416249413766976	0.1470682882835143	0.2348994540136058	0.1954539625319897	0.3259587444703333	0.3339801988976081	0.1683581474805775	0.1888694220727496	0.1191359788145485	0.1087576265999166	0.1738529032933442	0.1860625155082296	0.2329200575358401	0.2500695188877131	1.3411337000802417	0.1376205976552285	0.1381799984455041	0.2314586652891801	0.1497462220157466	0.136557211834952	0.186704640336571	0.2122659516613403	0.2536541603303091	0.3261375566338707	0.1556851688371852	0.140357666654773	0.1227307361859519	0.1391515575410187	0.3095799460832023	0.1718782519613926	0.1117770001847606	0.115596582772266	0.1433335886758566	0.143848425810253	0.1197236498731539	0.1268078077436358	0.1502395849853535	0.182733079437404	0.1865435818558696	0.147625232326229	0.2248153019044991	0.1563539826877775	0.1411081751788447	0.103680196084551	0.1793625194700592	0.1748871505285398	0.156665070777481	0.1895962189403306	0.1281204204446986	0.2012781974987456	0.150137745903649	0.1879928640269232	0.1282224364462454	0.1389979663813747	0.134813866885719	0.1532130461687479	0.1935574147188568	0.2184435321867228	0.1442759200268968	0.189019465002973	0.1090567415192254	0.1319897217039578	0.1542486809695402	0.1231939759699383	0.1492363931275058	0.1215321317450035	0.1160928489554882	0.1476153922808523	0.1410391328090119	0.1757397624281678	0.1377567368900543	0.1233275057024529	0.1351046017222881	0.1302971351161881	0.1637125095619191	0.1823671186330617	0.1301756255581905	0.213229913117332	0.1060233914962074	0.1890845197852355	0.1109781035846015	0.1893478801271593	0.1331953019751326	0.1548066866649069	0.1301442672449022	0.1820707130172563	0.1258859999610919	0.1732087542225802	0.1498581740057849	0.2084511334971228	0.1784294697490542	0.1637246113254038	0.1213971378237435	0.1456360981159985	0.175061349795099	0.1842399211140453	0.1385685698516914	0.1562077293297239	0.1534447504058276	0.1150451786193373	0.1436753340262395	0.1499628542130997	0.1496072927008489	0.1345380534180069	0.1959846340272344	0.1221383742151633	0.1825656509123163	0.148918544298592	0.1201145701859927	0.1756530012851254
0.2201664081230099	0.2170941829078074	0.1848795056523089	0.1338568898652887	0.1288414672149738	0.1294407332030687	0.1383240511955321	0.1673298870626887	0.2350124616826647	0.1706908282386781	0.1717057643720219	0.1387379518353677	0.1329181394455298	0.1442998652111633	0.1484770244733591	0.1237351440159262	0.1376205976552285	1.3490582311245565	0.1849775858799383	0.1946825668238521	0.2091447942555326	0.1426900321044897	0.1545150980907719	0.1502428237812783	0.1539841406429927	0.1308990626232695	0.1879974061584501	0.1779061634369494	0.1307742045012307	0.1579438728059585	0.1889064159788596	0.3366993835907541	0.1983943649392996	0.1689525368604059	0.1298157537118793	0.1748642058363474	0.1455334994593107	0.1491977614962607	0.1256906383859251	0.1410921229872066	0.1605372255188939	0.1425329364323042	0.1678847768218903	0.2003395714760598	0.2387802985591962	0.2559675603901405	0.2466100114940728	0.1393972797380041	0.1463954410035279	0.1769746512686572	0.1909730295249057	0.1374120416259572	0.1614124547593327	0.1548260272075481	0.2433808142098232	0.1652027326158585	0.2484985781513335	0.1341711703371935	0.195313642554348	0.1501517127620433	0.1411282579060904	0.1607315443965253	0.2181300264202716	0.2744926853698901	0.2521679865484847	0.2590645206640944	0.1925074075404511	0.2723837203016552	0.2742862123113347	0.3245374481547172	0.2362656380221981	0.2195877092897875	0.1991231489289457	0.1533208829717987	0.1870366890857884	0.2178047422777593	0.2390966485198058	0.149545642361911	0.1536948392237747	0.2472954768247337	0.2360748089576514	0.2016479665951616	0.094737208458782	0.1610386924035616	0.2070669116047927	0.1625103394419369	0.1812601490845997	0.1389351993286638	0.22496599360821	0.1737806280449731	0.1791631672510822	0.1561957296403875	0.1666401774207102	0.2517955027690872	0.1277720609574917	0.1493488348624509	0.16633433238355	0.1375839926086	0.2284082821979547	0.2476582131744313	0.2217072346471384	0.199906151619456	0.2435440728885938	0.1484905265681071	0.2721270231596753	0.203294511323171	0.1785020604617324	0.1632746530829703	0.1573561859762726	0.1435281181709191	0.1671721402889856	0.1604593602803898
