 0.00000000e+00 0.00000000e+00 1.84000000e-03 0.00000000e+00 0.00000000e+00 1.13333333e-03 3.92533333e-02 2.23066667e-02 0.00000000e+00 8.00000000e-05 6.13333333e-04 0.00000000e+00 8.00000000e-05 8.29600000e-02 0.00000000e+00 0.00000000e+00 3.70666667e-03 1.06666667e-04 1.26666667e-03 0.00000000e+00 2.40000000e-04 0.00000000e+00 3.09333333e-03 0.00000000e+00 0.00000000e+00 1.69333333e-03 7.46666667e-04 2.80000000e-04 7.75466667e-02 3.68800000e-02 0.00000000e+00 7.06666667e-04 0.00000000e+00 8.00000000e-04 0.00000000e+00 0.00000000e+00 0.00000000e+00 0.00000000e+00 0.00000000e+00 0.00000000e+00 0.00000000e+00 0.00000000e+00 0.00000000e+00 0.00000000e+00 0.00000000e+00 0.00000000e+00 0.00000000e+00 0.00000000e+00 0.00000000e+00 0.00000000e+00 0.00000000e+00 0.00000000e+00 0.00000000e+00 0.00000000e+00 0.00000000e+00 0.00000000e+00 0.00000000e+00 0.00000000e+00 0.00000000e+00 0.00000000e+00 0.00000000e+00 0.00000000e+00 0.00000000e+00 0.00000000e+00 0.00000000e+00 0.00000000e+00 0.00000000e+00 0.00000000e+00
 0.00000000e+00 0.00000000e+00 6.66666667e-05 0.00000000e+00 2.66666667e-04 0.00000000e+00 0.00000000e+00 0.00000000e+00 1.22666667e-03 0.00000000e+00 2.73333333e-03 0.00000000e+00 1.43333333e-02 6.66666667e-05 1.60000000e-04 7.20000000e-04 2.53333333e-04 1.20000000e-04 2.53333333e-04 0.00000000e+00 0.00000000e+00 5.20000000e-04 0.00000000e+00 1.42666667e-03 4.33333333e-03 2.05333333e-03 1.28933333e-02 0.00000000e+00 6.66666667e-05 0.00000000e+00 6.80000000e-04 1.60000000e-04 0.00000000e+00 1.20000000e-04 0.00000000e+00 0.00000000e+00 0.00000000e+00 0.00000000e+00 0.00000000e+00 0.00000000e+00 0.00000000e+00 0.00000000e+00 0.00000000e+00 0.00000000e+00 8.93333333e-04 0.00000000e+00 6.93333333e-04 0.00000000e+00 0.00000000e+00 0.00000000e+00 0.00000000e+00 0.00000000e+00 0.00000000e+00 0.00000000e+00 0.00000000e+00 0.00000000e+00 0.00000000e+00 6.66666667e-05 0.00000000e+00 6.66666667e-05 2.53333333e-04 0.00000000e+00 0.00000000e+00 0.00000000e+00 0.00000000e+00 0.00000000e+00 0.00000000e+00 6.66666667e-05
 1.84000000e-03 6.66666667e-05 0.00000000e+00 0.00000000e+00 0.00000000e+00 3.89333333e-03 2.91333333e-02 8.56000000e-03 0.00000000e+00 1.37333333e-03 3.60000000e-04 0.00000000e+00 0.00000000e+00 8.50666667e-03 0.00000000e+00 2.13333333e-04 3.59600000e-02 2.26666667e-04 1.60000000e-03 0.00000000e+00 1.60400000e-02 0.00000000e+00 8.24933333e-02 8.40000000e-04 0.00000000e+00 8.49866667e-02 2.72400000e-02 6.60000000e-03 2.29333333e-03 5.57333333e-03 0.00000000e+00 2.53333333e-04 0.00000000e+00 1.13333333e-03 0.00000000e+00 2.48000000e-03 1.55733333e-02 0.00000000e+00 0.00000000e+00 0.00000000e+00 0.00000000e+00 0.00000000e+00 0.00000000e+00 0.00000000e+00 0.00000000e+00 0.00000000e+00 0.00000000e+00 0.00000000e+00 0.00000000e+00 2.13333333e-04 2.37333333e-03 0.00000000e+00 2.00000000e-04 0.00000000e+00 2.93333333e-04 0.00000000e+00 5.50666667e-03 6.00000000e-04 0.00000000e+00 6.98666667e-03 2.11333333e-02 5.20000000e-04 0.00000000e+00 0.00000000e+00 0.00000000e+00 0.00000000e+00 0.00000000e+00 0.00000000e+00
 0.00000000e+00 0.00000000e+00 0.00000000e+00 0.00000000e+00 5.33333333e-04 1.38666667e-03 4.44000000e-03 4.00000000e-04 7.17333333e-03 8.84400000e-02 0.00000000e+00 7.18666667e-03 6.66666667e-05 1.10666667e-03 3.46666667e-04 0.00000000e+00 0.00000000e+00 0.00000000e+00 0.00000000e+00 1.84386667e-01 0.00000000e+00 0.00000000e+00 0.00000000e+00 1.63066667e-02 0.00000000e+00 0.00000000e+00 9.33333333e-05 1.61226667e-01 8.26666667e-04 0.00000000e+00 0.00000000e+00 2.26666667e-04 0.00000000e+00 1.20000000e-04 0.00000000e+00 0.00000000e+00 0.00000000e+00 7.60000000e-04 0.00000000e+00 2.00000000e-04 2.13333333e-04 1.86666667e-04 0.00000000e+00 1.58666667e-03 0.00000000e+00 8.40000000e-04 0.00000000e+00 2.00000000e-04 0.00000000e+00 0.00000000e+00 0.00000000e+00 0.00000000e+00 0.00000000e+00 5.20000000e-04 0.00000000e+00 0.00000000e+00 0.00000000e+00 9.70666667e-03 0.00000000e+00 0.00000000e+00 0.00000000e+00 7.46666667e-03 8.00000000e-05 0.00000000e+00 0.00000000e+00 0.00000000e+00 0.00000000e+00 6.66666667e-05
 0.00000000e+00 2.66666667e-04 0.00000000e+00 5.33333333e-04 0.00000000e+00 1.09333333e-03 0.00000000e+00 0.00000000e+00 1.86666667e-03 8.00000000e-05 1.60000000e-04 9.73333333e-04 2.13333333e-04 0.00000000e+00 1.12133333e-02 0.00000000e+00 0.00000000e+00 0.00000000e+00 0.00000000e+00 2.66666667e-04 0.00000000e+00 5.73333333e-04 0.00000000e+00 2.17333333e-03 2.00000000e-04 3.33333333e-04 2.36000000e-03 4.66666667e-04 0.00000000e+00 0.00000000e+00 0.00000000e+00 1.98533333e-02 0.00000000e+00 1.21333333e-03 0.00000000e+00 0.00000000e+00 0.00000000e+00 0.00000000e+00 0.00000000e+00 0.00000000e+00 0.00000000e+00 0.00000000e+00 0.00000000e+00 0.00000000e+00 0.00000000e+00 0.00000000e+00 0.00000000e+00 0.00000000e+00 0.00000000e+00 0.00000000e+00 0.00000000e+00 0.00000000e+00 0.00000000e+00 0.00000000e+00 0.00000000e+00 0.00000000e+00 0.00000000e+00 0.00000000e+00 0.00000000e+00 0.00000000e+00 0.00000000e+00 0.00000000e+00 0.00000000e+00 0.00000000e+00 0.00000000e+00 0.00000000e+00 0.00000000e+00 0.00000000e+00
 1.13333333e-03 0.00000000e+00 3.89333333e-03 1.38666667e-03 1.09333333e-03 0.00000000e+00 5.80400000e-02 1.26893333e-01 3.73333333e-04 1.27426667e-01 1.28000000e-03 7.73600000e-02 4.13333333e-04 7.09333333e-03 5.32000000e-03 0.00000000e+00 1.20000000e-03 2.80000000e-04 6.13333333e-04 2.38666667e-03 2.80000000e-04 0.00000000e+00 3.38666667e-03 2.90666667e-03 0.00000000e+00 4.24000000e-03 1.25333333e-03 1.93200000e-02 1.24000000e-03 1.26666667e-03 0.00000000e+00 1.98400000e-02 0.00000000e+00 1.22666667e-03 0.00000000e+00 0.00000000e+00 0.00000000e+00 9.33333333e-05 0.00000000e+00 0.00000000e+00 9.33333333e-05 1.60000000e-04 0.00000000e+00 3.46666667e-04 6.66666667e-05 0.00000000e+00 0.00000000e+00 2.40000000e-04 0.00000000e+00 0.00000000e+00 0.00000000e+00 0.00000000e+00 0.00000000e+00 8.00000000e-05 0.00000000e+00 0.00000000e+00 0.00000000e+00 5.86666667e-04 0.00000000e+00 0.00000000e+00 8.00000000e-05 1.28000000e-03 8.00000000e-05 0.00000000e+00 0.00000000e+00 0.00000000e+00 0.00000000e+00 0.00000000e+00
 3.92533333e-02 0.00000000e+00 2.91333333e-02 4.44000000e-03 0.00000000e+00 5.80400000e-02 0.00000000e+00 3.83866667e-02 3.06666667e-04 1.94520000e-01 7.73333333e-04 5.30666667e-03 5.86666667e-04 7.04400000e-02 8.00000000e-05 0.00000000e+00 9.86666667e-04 1.46666667e-04 3.33333333e-04 4.26666667e-04 4.17333333e-03 0.00000000e+00 2.57600000e-02 1.07466667e-02 0.00000000e+00 1.12266667e-02 3.13333333e-03 2.37026667e-01 1.19333333e-02 6.32000000e-02 0.00000000e+00 6.13333333e-04 6.66666667e-04 1.54666667e-03 0.00000000e+00 0.00000000e+00 0.00000000e+00 1.20000000e-04 0.00000000e+00 0.00000000e+00 2.13333333e-04 8.00000000e-05 0.00000000e+00 4.00000000e-04 0.00000000e+00 0.00000000e+00 0.00000000e+00 1.20000000e-04 0.00000000e+00 0.00000000e+00 0.00000000e+00 0.00000000e+00 0.00000000e+00 8.00000000e-05 2.80000000e-04 0.00000000e+00 1.33333333e-04 7.46666667e-04 0.00000000e+00 6.66666667e-05 9.33333333e-05 1.65333333e-03 0.00000000e+00 2.53333333e-04 0.00000000e+00 0.00000000e+00 0.00000000e+00 9.33333333e-05
 2.23066667e-02 0.00000000e+00 8.56000000e-03 4.00000000e-04 0.00000000e+00 1.26893333e-01 3.83866667e-02 0.00000000e+00 1.73333333e-04 1.75200000e-02 4.34666667e-03 1.16666667e-02 1.28000000e-03 1.75000000e-01 0.00000000e+00 0.00000000e+00 4.88000000e-03 5.33333333e-04 2.09333333e-03 2.32000000e-03 6.00000000e-04 0.00000000e+00 8.94666667e-03 1.66666667e-03 0.00000000e+00 6.92000000e-03 1.46666667e-03 5.05333333e-03 1.14400000e-02 1.03733333e-02 9.33333333e-05 5.71333333e-02 0.00000000e+00 2.61333333e-03 0.00000000e+00 0.00000000e+00 0.00000000e+00 0.00000000e+00 0.00000000e+00 0.00000000e+00 1.20000000e-04 9.33333333e-05 0.00000000e+00 2.13333333e-04 0.00000000e+00 0.00000000e+00 0.00000000e+00 1.46666667e-04 0.00000000e+00 0.00000000e+00 0.00000000e+00 0.00000000e+00 0.00000000e+00 6.66666667e-05 2.93333333e-04 0.00000000e+00 0.00000000e+00 4.13333333e-04 0.00000000e+00 1.20000000e-04 6.66666667e-05 7.73333333e-04 9.33333333e-05 2.93333333e-04 0.00000000e+00 0.00000000e+00 0.00000000e+00 1.20000000e-04
 0.00000000e+00 1.22666667e-03 0.00000000e+00 7.17333333e-03 1.86666667e-03 3.73333333e-04 3.06666667e-04 1.73333333e-04 0.00000000e+00 2.10666667e-03 9.60000000e-04 1.14666667e-03 2.69333333e-03 4.26666667e-04 1.22666667e-03 0.00000000e+00 0.00000000e+00 0.00000000e+00 8.00000000e-05 9.73333333e-04 0.00000000e+00 7.64000000e-03 0.00000000e+00 2.75200000e-02 1.48000000e-03 1.54666667e-03 1.34000000e-02 6.84000000e-03 3.60000000e-04 0.00000000e+00 2.80000000e-04 6.53333333e-04 1.33333333e-04 1.46666667e-04 0.00000000e+00 0.00000000e+00 0.00000000e+00 1.06666667e-04 0.00000000e+00 0.00000000e+00 0.00000000e+00 8.00000000e-05 1.33333333e-04 1.60000000e-04 1.86666667e-04 1.46666667e-04 2.13333333e-04 1.46666667e-04 0.00000000e+00 0.00000000e+00 0.00000000e+00 0.00000000e+00 0.00000000e+00 8.00000000e-05 1.33333333e-04 1.33333333e-04 0.00000000e+00 1.41333333e-03 0.00000000e+00 0.00000000e+00 0.00000000e+00 1.10666667e-03 6.66666667e-05 1.33333333e-04 0.00000000e+00 0.00000000e+00 0.00000000e+00 0.00000000e+00
 8.00000000e-05 0.00000000e+00 1.37333333e-03 8.84400000e-02 8.00000000e-05 1.27426667e-01 1.94520000e-01 1.75200000e-02 2.10666667e-03 0.00000000e+00 7.33333333e-04 7.99200000e-02 5.46666667e-04 1.15866667e-02 9.33333333e-05 0.00000000e+00 8.00000000e-05 1.20000000e-04 1.60000000e-04 1.15226667e-01 8.00000000e-05 0.00000000e+00 4.53333333e-04 7.25333333e-03 0.00000000e+00 1.61333333e-03 1.00000000e-03 2.39906667e-01 3.82666667e-03 9.33333333e-05 0.00000000e+00 1.08000000e-03 6.66666667e-05 1.20000000e-03 0.00000000e+00 0.00000000e+00 0.00000000e+00 3.46666667e-04 0.00000000e+00 1.86666667e-04 1.60000000e-04 1.86666667e-04 0.00000000e+00 1.82666667e-03 6.66666667e-05 2.93333333e-04 0.00000000e+00 5.20000000e-04 0.00000000e+00 0.00000000e+00 0.00000000e+00 0.00000000e+00 0.00000000e+00 2.93333333e-04 0.00000000e+00 0.00000000e+00 0.00000000e+00 4.20000000e-03 0.00000000e+00 0.00000000e+00 0.00000000e+00 6.04000000e-03 1.86666667e-04 0.00000000e+00 0.00000000e+00 0.00000000e+00 0.00000000e+00 8.00000000e-05
 6.13333333e-04 2.73333333e-03 3.60000000e-04 0.00000000e+00 1.60000000e-04 1.28000000e-03 7.73333333e-04 4.34666667e-03 9.60000000e-04 7.33333333e-04 0.00000000e+00 1.32000000e-03 5.41866667e-02 7.14666667e-03 1.73333333e-04 0.00000000e+00 2.81333333e-03 5.52133333e-02 6.47333333e-02 2.00000000e-04 1.46666667e-04 6.40000000e-04 2.66666667e-04 7.60000000e-04 6.01333333e-03 5.98533333e-02 1.90666667e-02 1.02666667e-03 2.20000000e-03 4.66666667e-04 6.76000000e-03 5.28000000e-03 0.00000000e+00 4.61200000e-02 0.00000000e+00 4.93333333e-04 0.00000000e+00 0.00000000e+00 0.00000000e+00 0.00000000e+00 1.46666667e-04 2.26666667e-04 0.00000000e+00 9.33333333e-05 1.72800000e-02 0.00000000e+00 2.24400000e-02 1.46666667e-04 0.00000000e+00 0.00000000e+00 0.00000000e+00 2.33333333e-03 1.20000000e-04 0.00000000e+00 1.33333333e-04 0.00000000e+00 0.00000000e+00 3.06666667e-04 5.33333333e-04 5.60000000e-03 1.92000000e-03 4.26666667e-04 6.66666667e-05 2.00000000e-04 6.93333333e-04 9.33333333e-05 0.00000000e+00 5.46666667e-04
 0.00000000e+00 0.00000000e+00 0.00000000e+00 7.18666667e-03 9.73333333e-04 7.73600000e-02 5.30666667e-03 1.16666667e-02 1.14666667e-03 7.99200000e-02 1.32000000e-03 0.00000000e+00 5.33333333e-04 1.04266667e-02 8.13333333e-04 0.00000000e+00 1.20000000e-04 2.40000000e-04 4.93333333e-04 1.13906667e-01 0.00000000e+00 0.00000000e+00 0.00000000e+00 4.73333333e-03 0.00000000e+00 4.80000000e-04 1.30666667e-03 1.24666667e-02 1.90666667e-03 0.00000000e+00 0.00000000e+00 3.02666667e-03 0.00000000e+00 5.73333333e-04 0.00000000e+00 0.00000000e+00 0.00000000e+00 9.33333333e-05 0.00000000e+00 0.00000000e+00 0.00000000e+00 6.66666667e-05 0.00000000e+00 2.80000000e-04 0.00000000e+00 3.06666667e-04 0.00000000e+00 0.00000000e+00 0.00000000e+00 0.00000000e+00 0.00000000e+00 0.00000000e+00 0.00000000e+00 1.08000000e-03 0.00000000e+00 0.00000000e+00 0.00000000e+00 1.13333333e-03 0.00000000e+00 6.66666667e-05 8.00000000e-05 1.32000000e-03 0.00000000e+00 0.00000000e+00 0.00000000e+00 0.00000000e+00 0.00000000e+00 0.00000000e+00
 8.00000000e-05 1.43333333e-02 0.00000000e+00 6.66666667e-05 2.13333333e-04 4.13333333e-04 5.86666667e-04 1.28000000e-03 2.69333333e-03 5.46666667e-04 5.41866667e-02 5.33333333e-04 0.00000000e+00 5.86666667e-04 6.93333333e-04 0.00000000e+00 0.00000000e+00 4.66666667e-04 2.80000000e-04 1.86666667e-04 0.00000000e+00 2.20000000e-03 0.00000000e+00 1.42666667e-03 2.73733333e-02 1.39600000e-02 3.86133333e-02 6.66666667e-04 2.13333333e-04 2.53333333e-04 1.09466667e-02 1.06666667e-03 0.00000000e+00 5.24000000e-03 0.00000000e+00 2.26666667e-04 0.00000000e+00 0.00000000e+00 0.00000000e+00 0.00000000e+00 0.00000000e+00 1.60000000e-04 0.00000000e+00 0.00000000e+00 1.55066667e-02 0.00000000e+00 2.06800000e-02 1.33333333e-04 0.00000000e+00 0.00000000e+00 6.66666667e-05 1.90666667e-03 1.60000000e-04 0.00000000e+00 0.00000000e+00 0.00000000e+00 0.00000000e+00 1.33333333e-04 6.13333333e-04 4.72000000e-03 2.21333333e-03 2.66666667e-04 1.73333333e-04 6.66666667e-05 8.40000000e-04 0.00000000e+00 0.00000000e+00 4.13333333e-04
 8.29600000e-02 6.66666667e-05 8.50666667e-03 1.10666667e-03 0.00000000e+00 7.09333333e-03 7.04400000e-02 1.75000000e-01 4.26666667e-04 1.15866667e-02 7.14666667e-03 1.04266667e-02 5.86666667e-04 0.00000000e+00 0.00000000e+00 8.00000000e-05 1.31333333e-02 1.25333333e-03 7.45333333e-03 3.49333333e-03 2.04000000e-03 0.00000000e+00 1.00533333e-02 2.26666667e-03 0.00000000e+00 9.04000000e-03 5.62666667e-03 9.54666667e-03 1.13640000e-01 5.73066667e-02 1.73333333e-04 6.83466667e-02 0.00000000e+00 6.64000000e-03 0.00000000e+00 0.00000000e+00 0.00000000e+00 0.00000000e+00 0.00000000e+00 0.00000000e+00 1.86666667e-04 8.00000000e-05 0.00000000e+00 3.06666667e-04 9.33333333e-05 0.00000000e+00 8.00000000e-05 1.73333333e-04 0.00000000e+00 0.00000000e+00 0.00000000e+00 0.00000000e+00 6.66666667e-05 6.66666667e-05 4.26666667e-04 0.00000000e+00 0.00000000e+00 7.20000000e-04 0.00000000e+00 2.40000000e-04 2.40000000e-04 1.42666667e-03 1.60000000e-04 5.60000000e-04 0.00000000e+00 0.00000000e+00 0.00000000e+00 0.00000000e+00
 0.00000000e+00 1.60000000e-04 0.00000000e+00 3.46666667e-04 1.12133333e-02 5.32000000e-03 8.00000000e-05 0.00000000e+00 1.22666667e-03 9.33333333e-05 1.73333333e-04 8.13333333e-04 6.93333333e-04 0.00000000e+00 0.00000000e+00 0.00000000e+00 0.00000000e+00 0.00000000e+00 0.00000000e+00 2.26666667e-04 0.00000000e+00 6.80000000e-04 0.00000000e+00 3.44000000e-03 2.13333333e-04 2.26666667e-04 3.02666667e-03 5.86666667e-04 9.33333333e-05 0.00000000e+00 9.33333333e-05 8.40000000e-03 0.00000000e+00 6.66666667e-05 0.00000000e+00 0.00000000e+00 0.00000000e+00 0.00000000e+00 0.00000000e+00 0.00000000e+00 0.00000000e+00 0.00000000e+00 0.00000000e+00 0.00000000e+00 0.00000000e+00 0.00000000e+00 0.00000000e+00 0.00000000e+00 0.00000000e+00 0.00000000e+00 0.00000000e+00 0.00000000e+00 0.00000000e+00 0.00000000e+00 0.00000000e+00 0.00000000e+00 0.00000000e+00 0.00000000e+00 0.00000000e+00 0.00000000e+00 0.00000000e+00 0.00000000e+00 0.00000000e+00 0.00000000e+00 0.00000000e+00 0.00000000e+00 0.00000000e+00 0.00000000e+00
 0.00000000e+00 7.20000000e-04 2.13333333e-04 0.00000000e+00 0.00000000e+00 0.00000000e+00 0.00000000e+00 0.00000000e+00 0.00000000e+00 0.00000000e+00 0.00000000e+00 0.00000000e+00 0.00000000e+00 8.00000000e-05 0.00000000e+00 0.00000000e+00 2.40000000e-04 0.00000000e+00 1.33333333e-04 0.00000000e+00 2.44266667e-02 2.48266667e-02 1.11453333e-01 4.14666667e-03 0.00000000e+00 1.76000000e-03 4.44933333e-02 1.11466667e-02 0.00000000e+00 2.00000000e-04 0.00000000e+00 0.00000000e+00 0.00000000e+00 4.00000000e-04 0.00000000e+00 0.00000000e+00 7.86666667e-04 0.00000000e+00 0.00000000e+00 0.00000000e+00 3.73333333e-04 0.00000000e+00 0.00000000e+00 0.00000000e+00 0.00000000e+00 0.00000000e+00 0.00000000e+00 1.46666667e-04 0.00000000e+00 2.18800000e-02 0.00000000e+00 0.00000000e+00 0.00000000e+00 0.00000000e+00 1.56266667e-02 1.80000000e-03 3.50000000e-02 1.14666667e-03 0.00000000e+00 2.26666667e-04 1.09866667e-02 1.06666667e-03 1.33333333e-04 4.21333333e-03 0.00000000e+00 0.00000000e+00 0.00000000e+00 0.00000000e+00
 3.70666667e-03 2.53333333e-04 3.59600000e-02 0.00000000e+00 0.00000000e+00 1.20000000e-03 9.86666667e-04 4.88000000e-03 0.00000000e+00 8.00000000e-05 2.81333333e-03 1.20000000e-04 0.00000000e+00 1.31333333e-02 0.00000000e+00 2.40000000e-04 0.00000000e+00 7.18666667e-03 5.18000000e-02 0.00000000e+00 1.28266667e-02 0.00000000e+00 2.39066667e-02 2.80000000e-04 0.00000000e+00 4.85200000e-02 4.84933333e-02 6.13333333e-04 1.93466667e-02 3.30800000e-02 0.00000000e+00 3.06666667e-04 3.73333333e-04 3.78666667e-03 0.00000000e+00 3.60000000e-04 2.08000000e-03 0.00000000e+00 0.00000000e+00 0.00000000e+00 0.00000000e+00 0.00000000e+00 0.00000000e+00 0.00000000e+00 0.00000000e+00 0.00000000e+00 0.00000000e+00 0.00000000e+00 0.00000000e+00 0.00000000e+00 2.80000000e-04 0.00000000e+00 1.33333333e-04 0.00000000e+00 0.00000000e+00 0.00000000e+00 8.53333333e-04 0.00000000e+00 0.00000000e+00 1.40000000e-03 3.20000000e-03 0.00000000e+00 0.00000000e+00 0.00000000e+00 0.00000000e+00 0.00000000e+00 0.00000000e+00 0.00000000e+00
 1.06666667e-04 1.20000000e-04 2.26666667e-04 0.00000000e+00 0.00000000e+00 2.80000000e-04 1.46666667e-04 5.33333333e-04 0.00000000e+00 1.20000000e-04 5.52133333e-02 2.40000000e-04 4.66666667e-04 1.25333333e-03 0.00000000e+00 0.00000000e+00 7.18666667e-03 0.00000000e+00 7.00133333e-02 0.00000000e+00 1.86666667e-04 0.00000000e+00 1.73333333e-04 1.06666667e-04 0.00000000e+00 3.47066667e-02 4.37333333e-03 1.46666667e-04 8.66666667e-04 4.93333333e-04 3.60000000e-04 5.60000000e-04 0.00000000e+00 3.02666667e-03 0.00000000e+00 0.00000000e+00 0.00000000e+00 0.00000000e+00 0.00000000e+00 0.00000000e+00 0.00000000e+00 0.00000000e+00 0.00000000e+00 0.00000000e+00 1.61333333e-03 0.00000000e+00 1.53333333e-03 0.00000000e+00 0.00000000e+00 0.00000000e+00 0.00000000e+00 9.46666667e-04 9.33333333e-05 0.00000000e+00 0.00000000e+00 0.00000000e+00 0.00000000e+00 0.00000000e+00 0.00000000e+00 1.65333333e-03 7.73333333e-04 0.00000000e+00 0.00000000e+00 0.00000000e+00 1.46666667e-04 0.00000000e+00 0.00000000e+00 0.00000000e+00
 1.26666667e-03 2.53333333e-04 1.60000000e-03 0.00000000e+00 0.00000000e+00 6.13333333e-04 3.33333333e-04 2.09333333e-03 8.00000000e-05 1.60000000e-04 6.47333333e-02 4.93333333e-04 2.80000000e-04 7.45333333e-03 0.00000000e+00 1.33333333e-04 5.18000000e-02 7.00133333e-02 0.00000000e+00 0.00000000e+00 1.22666667e-03 6.66666667e-05 2.24000000e-03 1.86666667e-04 0.00000000e+00 1.03413333e-01 1.49600000e-02 1.73333333e-04 8.64000000e-03 3.60000000e-03 3.46666667e-04 9.60000000e-04 6.93333333e-04 2.08133333e-02 0.00000000e+00 0.00000000e+00 1.06666667e-04 0.00000000e+00 0.00000000e+00 0.00000000e+00 0.00000000e+00 0.00000000e+00 0.00000000e+00 0.00000000e+00 5.60000000e-04 0.00000000e+00 5.33333333e-04 1.06666667e-04 0.00000000e+00 0.00000000e+00 1.06666667e-04 3.06666667e-04 4.93333333e-04 0.00000000e+00 0.00000000e+00 0.00000000e+00 0.00000000e+00 1.33333333e-04 8.00000000e-05 2.52000000e-03 1.45333333e-03 6.66666667e-05 0.00000000e+00 9.33333333e-05 0.00000000e+00 0.00000000e+00 0.00000000e+00 0.00000000e+00
 0.00000000e+00 0.00000000e+00 0.00000000e+00 1.84386667e-01 2.66666667e-04 2.38666667e-03 4.26666667e-04 2.32000000e-03 9.73333333e-04 1.15226667e-01 2.00000000e-04 1.13906667e-01 1.86666667e-04 3.49333333e-03 2.26666667e-04 0.00000000e+00 0.00000000e+00 0.00000000e+00 0.00000000e+00 0.00000000e+00 0.00000000e+00 0.00000000e+00 0.00000000e+00 6.60000000e-03 0.00000000e+00 9.33333333e-05 3.06666667e-04 6.24133333e-02 1.00000000e-03 0.00000000e+00 0.00000000e+00 4.53333333e-04 0.00000000e+00 1.33333333e-04 0.00000000e+00 0.00000000e+00 0.00000000e+00 2.80000000e-04 0.00000000e+00 1.46666667e-04 8.00000000e-05 9.33333333e-05 0.00000000e+00 1.29333333e-03 0.00000000e+00 5.60000000e-04 0.00000000e+00 2.00000000e-04 0.00000000e+00 0.00000000e+00 0.00000000e+00 0.00000000e+00 0.00000000e+00 9.46666667e-04 0.00000000e+00 0.00000000e+00 0.00000000e+00 4.61333333e-03 0.00000000e+00 0.00000000e+00 0.00000000e+00 4.96000000e-03 8.00000000e-05 0.00000000e+00 0.00000000e+00 0.00000000e+00 0.00000000e+00 0.00000000e+00
 2.40000000e-04 0.00000000e+00 1.60400000e-02 0.00000000e+00 0.00000000e+00 2.80000000e-04 4.17333333e-03 6.00000000e-04 0.00000000e+00 8.00000000e-05 1.46666667e-04 0.00000000e+00 0.00000000e+00 2.04000000e-03 0.00000000e+00 2.44266667e-02 1.28266667e-02 1.86666667e-04 1.22666667e-03 0.00000000e+00 0.00000000e+00 7.20000000e-04 1.15480000e-01 1.33333333e-04 0.00000000e+00 1.09866667e-02 8.22666667e-03 4.88000000e-02 2.34666667e-03 8.48933333e-02 0.00000000e+00 0.00000000e+00 0.00000000e+00 2.38666667e-02 6.66666667e-05 0.00000000e+00 1.33333333e-04 0.00000000e+00 0.00000000e+00 0.00000000e+00 4.40000000e-04 8.00000000e-05 0.00000000e+00 0.00000000e+00 0.00000000e+00 0.00000000e+00 0.00000000e+00 9.33333333e-05 0.00000000e+00 4.10666667e-03 0.00000000e+00 0.00000000e+00 0.00000000e+00 0.00000000e+00 8.42666667e-03 2.53333333e-04 1.10400000e-02 3.73333333e-04 0.00000000e+00 0.00000000e+00 7.60000000e-04 5.06666667e-04 1.46666667e-04 5.46666667e-03 0.00000000e+00 0.00000000e+00 0.00000000e+00 0.00000000e+00
 0.00000000e+00 5.20000000e-04 0.00000000e+00 0.00000000e+00 5.73333333e-04 0.00000000e+00 0.00000000e+00 0.00000000e+00 7.64000000e-03 0.00000000e+00 6.40000000e-04 0.00000000e+00 2.20000000e-03 0.00000000e+00 6.80000000e-04 2.48266667e-02 0.00000000e+00 0.00000000e+00 6.66666667e-05 0.00000000e+00 7.20000000e-04 0.00000000e+00 5.20000000e-04 9.17333333e-03 8.93333333e-04 6.26666667e-04 1.13733333e-02 8.26666667e-04 0.00000000e+00 0.00000000e+00 1.73333333e-04 2.00000000e-04 0.00000000e+00 0.00000000e+00 0.00000000e+00 0.00000000e+00 0.00000000e+00 0.00000000e+00 0.00000000e+00 0.00000000e+00 9.33333333e-05 0.00000000e+00 0.00000000e+00 0.00000000e+00 8.00000000e-05 0.00000000e+00 1.46666667e-04 0.00000000e+00 0.00000000e+00 1.77333333e-03 0.00000000e+00 0.00000000e+00 0.00000000e+00 0.00000000e+00 8.66666667e-04 2.13333333e-04 1.38666667e-03 4.26666667e-04 0.00000000e+00 0.00000000e+00 1.24000000e-03 3.06666667e-04 0.00000000e+00 1.20000000e-04 0.00000000e+00 0.00000000e+00 0.00000000e+00 0.00000000e+00
 3.09333333e-03 0.00000000e+00 8.24933333e-02 0.00000000e+00 0.00000000e+00 3.38666667e-03 2.57600000e-02 8.94666667e-03 0.00000000e+00 4.53333333e-04 2.66666667e-04 0.00000000e+00 0.00000000e+00 1.00533333e-02 0.00000000e+00 1.11453333e-01 2.39066667e-02 1.73333333e-04 2.24000000e-03 0.00000000e+00 1.15480000e-01 5.20000000e-04 0.00000000e+00 1.13333333e-03 0.00000000e+00 1.92933333e-02 9.76133333e-02 5.07600000e-02 5.45333333e-03 5.34533333e-02 0.00000000e+00 2.53333333e-04 0.00000000e+00 1.48400000e-02 0.00000000e+00 0.00000000e+00 8.20000000e-03 0.00000000e+00 0.00000000e+00 0.00000000e+00 0.00000000e+00 0.00000000e+00 0.00000000e+00 0.00000000e+00 0.00000000e+00 0.00000000e+00 0.00000000e+00 0.00000000e+00 0.00000000e+00 5.85333333e-03 2.80000000e-04 0.00000000e+00 0.00000000e+00 0.00000000e+00 3.53333333e-03 2.53333333e-04 5.23066667e-02 3.06666667e-04 0.00000000e+00 2.13333333e-04 2.82933333e-02 3.60000000e-04 0.00000000e+00 2.40000000e-04 0.00000000e+00 0.00000000e+00 0.00000000e+00 0.00000000e+00
 0.00000000e+00 1.42666667e-03 8.40000000e-04 1.63066667e-02 2.17333333e-03 2.90666667e-03 1.07466667e-02 1.66666667e-03 2.75200000e-02 7.25333333e-03 7.60000000e-04 4.73333333e-03 1.42666667e-03 2.26666667e-03 3.44000000e-03 4.14666667e-03 2.80000000e-04 1.06666667e-04 1.86666667e-04 6.60000000e-03 1.33333333e-04 9.17333333e-03 1.13333333e-03 0.00000000e+00 6.26666667e-04 2.61333333e-03 4.04400000e-02 1.00693333e-01 2.42666667e-03 1.20000000e-04 1.46666667e-04 1.42666667e-03 7.46666667e-04 1.16000000e-03 1.20000000e-04 0.00000000e+00 4.26666667e-04 3.33333333e-04 0.00000000e+00 2.00000000e-04 2.13333333e-03 1.04000000e-03 4.00000000e-04 2.36000000e-03 5.46666667e-04 2.40000000e-04 1.46666667e-04 1.42666667e-03 0.00000000e+00 6.53333333e-04 0.00000000e+00 1.86666667e-04 1.06666667e-04 3.46666667e-04 4.37333333e-03 5.73333333e-04 1.25333333e-03 1.29866667e-02 0.00000000e+00 3.20000000e-04 1.21333333e-03 1.85466667e-02 8.93333333e-04 4.13333333e-03 0.00000000e+00 9.33333333e-05 0.00000000e+00 3.60000000e-04
 0.00000000e+00 4.33333333e-03 0.00000000e+00 0.00000000e+00 2.00000000e-04 0.00000000e+00 0.00000000e+00 0.00000000e+00 1.48000000e-03 0.00000000e+00 6.01333333e-03 0.00000000e+00 2.73733333e-02 0.00000000e+00 2.13333333e-04 0.00000000e+00 0.00000000e+00 0.00000000e+00 0.00000000e+00 0.00000000e+00 0.00000000e+00 8.93333333e-04 0.00000000e+00 6.26666667e-04 0.00000000e+00 7.33333333e-04 8.57333333e-03 0.00000000e+00 0.00000000e+00 0.00000000e+00 5.06666667e-04 8.00000000e-05 0.00000000e+00 8.00000000e-05 0.00000000e+00 2.00000000e-04 0.00000000e+00 0.00000000e+00 0.00000000e+00 0.00000000e+00 0.00000000e+00 0.00000000e+00 0.00000000e+00 0.00000000e+00 1.29333333e-03 0.00000000e+00 1.18666667e-03 0.00000000e+00 0.00000000e+00 0.00000000e+00 0.00000000e+00 2.40000000e-04 6.66666667e-05 0.00000000e+00 0.00000000e+00 0.00000000e+00 0.00000000e+00 0.00000000e+00 1.46666667e-04 1.18666667e-03 1.12000000e-03 0.00000000e+00 0.00000000e+00 0.00000000e+00 8.00000000e-05 0.00000000e+00 0.00000000e+00 0.00000000e+00
 1.69333333e-03 2.05333333e-03 8.49866667e-02 0.00000000e+00 3.33333333e-04 4.24000000e-03 1.12266667e-02 6.92000000e-03 1.54666667e-03 1.61333333e-03 5.98533333e-02 4.80000000e-04 1.39600000e-02 9.04000000e-03 2.26666667e-04 1.76000000e-03 4.85200000e-02 3.47066667e-02 1.03413333e-01 9.33333333e-05 1.09866667e-02 6.26666667e-04 1.92933333e-02 2.61333333e-03 7.33333333e-04 0.00000000e+00 2.17786667e-01 2.44000000e-03 5.76000000e-03 3.81333333e-03 6.14666667e-03 1.18666667e-03 1.46666667e-04 5.44000000e-03 1.20000000e-04 9.20000000e-04 1.24000000e-03 1.06666667e-04 0.00000000e+00 0.00000000e+00 1.06666667e-04 4.53333333e-04 0.00000000e+00 6.66666667e-05 8.82666667e-03 0.00000000e+00 8.62666667e-03 9.20000000e-04 0.00000000e+00 0.00000000e+00 6.30666667e-03 8.21333333e-03 1.08800000e-02 8.00000000e-05 1.06666667e-04 0.00000000e+00 3.73333333e-04 3.20000000e-04 8.66666667e-04 5.85866667e-02 3.66400000e-02 2.93333333e-04 4.40000000e-04 5.06666667e-04 9.06666667e-04 0.00000000e+00 0.00000000e+00 1.22666667e-03
 7.46666667e-04 1.28933333e-02 2.72400000e-02 9.33333333e-05 2.36000000e-03 1.25333333e-03 3.13333333e-03 1.46666667e-03 1.34000000e-02 1.00000000e-03 1.90666667e-02 1.30666667e-03 3.86133333e-02 5.62666667e-03 3.02666667e-03 4.44933333e-02 4.84933333e-02 4.37333333e-03 1.49600000e-02 3.06666667e-04 8.22666667e-03 1.13733333e-02 9.76133333e-02 4.04400000e-02 8.57333333e-03 2.17786667e-01 0.00000000e+00 3.88133333e-02 3.09333333e-03 5.33333333e-04 1.16400000e-02 3.65333333e-03 1.86666667e-04 2.09733333e-02 6.66666667e-05 9.76000000e-03 1.96133333e-02 0.00000000e+00 0.00000000e+00 0.00000000e+00 1.06666667e-04 1.60000000e-04 0.00000000e+00 9.33333333e-05 3.36000000e-03 0.00000000e+00 3.70666667e-03 3.86666667e-04 0.00000000e+00 2.33333333e-03 7.45333333e-03 3.90666667e-03 7.65333333e-03 0.00000000e+00 1.00000000e-03 5.20000000e-04 2.35733333e-02 1.26666667e-03 4.40000000e-04 4.43066667e-02 8.87866667e-02 1.28000000e-03 2.93333333e-04 3.60000000e-04 4.66666667e-04 0.00000000e+00 0.00000000e+00 6.93333333e-04
 2.80000000e-04 0.00000000e+00 6.60000000e-03 1.61226667e-01 4.66666667e-04 1.93200000e-02 2.37026667e-01 5.05333333e-03 6.84000000e-03 2.39906667e-01 1.02666667e-03 1.24666667e-02 6.66666667e-04 9.54666667e-03 5.86666667e-04 1.11466667e-02 6.13333333e-04 1.46666667e-04 1.73333333e-04 6.24133333e-02 4.88000000e-02 8.26666667e-04 5.07600000e-02 1.00693333e-01 0.00000000e+00 2.44000000e-03 3.88133333e-02 0.00000000e+00 1.22400000e-02 1.20293333e-01 0.00000000e+00 9.20000000e-04 3.77333333e-03 6.02666667e-03 1.86666667e-04 0.00000000e+00 4.53333333e-04 8.00000000e-04 0.00000000e+00 4.13333333e-04 5.44000000e-03 1.28000000e-03 2.26666667e-04 3.32000000e-03 4.93333333e-04 7.73333333e-04 8.00000000e-05 2.08000000e-03 0.00000000e+00 1.45333333e-03 0.00000000e+00 2.00000000e-04 6.66666667e-05 4.93333333e-04 8.90666667e-03 2.66666667e-04 3.10666667e-03 1.40800000e-02 0.00000000e+00 3.20000000e-04 1.62666667e-03 2.26000000e-02 1.08000000e-03 1.20933333e-02 0.00000000e+00 6.66666667e-05 0.00000000e+00 3.33333333e-04
 7.75466667e-02 6.66666667e-05 2.29333333e-03 8.26666667e-04 0.00000000e+00 1.24000000e-03 1.19333333e-02 1.14400000e-02 3.60000000e-04 3.82666667e-03 2.20000000e-03 1.90666667e-03 2.13333333e-04 1.13640000e-01 9.33333333e-05 0.00000000e+00 1.93466667e-02 8.66666667e-04 8.64000000e-03 1.00000000e-03 2.34666667e-03 0.00000000e+00 5.45333333e-03 2.42666667e-03 0.00000000e+00 5.76000000e-03 3.09333333e-03 1.22400000e-02 0.00000000e+00 6.42400000e-02 0.00000000e+00 2.56000000e-02 4.02000000e-02 1.67733333e-02 0.00000000e+00 0.00000000e+00 0.00000000e+00 0.00000000e+00 0.00000000e+00 0.00000000e+00 1.06666667e-04 0.00000000e+00 0.00000000e+00 1.46666667e-04 0.00000000e+00 0.00000000e+00 0.00000000e+00 0.00000000e+00 0.00000000e+00 0.00000000e+00 0.00000000e+00 0.00000000e+00 0.00000000e+00 0.00000000e+00 1.73333333e-04 0.00000000e+00 0.00000000e+00 3.73333333e-04 0.00000000e+00 1.73333333e-04 9.33333333e-05 4.53333333e-04 0.00000000e+00 1.46666667e-04 0.00000000e+00 0.00000000e+00 0.00000000e+00 0.00000000e+00
 3.68800000e-02 0.00000000e+00 5.57333333e-03 0.00000000e+00 0.00000000e+00 1.26666667e-03 6.32000000e-02 1.03733333e-02 0.00000000e+00 9.33333333e-05 4.66666667e-04 0.00000000e+00 2.53333333e-04 5.73066667e-02 0.00000000e+00 2.00000000e-04 3.30800000e-02 4.93333333e-04 3.60000000e-03 0.00000000e+00 8.48933333e-02 0.00000000e+00 5.34533333e-02 1.20000000e-04 0.00000000e+00 3.81333333e-03 5.33333333e-04 1.20293333e-01 6.42400000e-02 0.00000000e+00 0.00000000e+00 4.40000000e-04 2.17333333e-03 1.90666667e-02 0.00000000e+00 0.00000000e+00 0.00000000e+00 0.00000000e+00 0.00000000e+00 0.00000000e+00 4.13333333e-04 0.00000000e+00 0.00000000e+00 0.00000000e+00 0.00000000e+00 0.00000000e+00 0.00000000e+00 8.00000000e-05 0.00000000e+00 1.46666667e-04 0.00000000e+00 0.00000000e+00 0.00000000e+00 0.00000000e+00 1.58666667e-03 0.00000000e+00 7.46666667e-04 6.66666667e-05 0.00000000e+00 0.00000000e+00 0.00000000e+00 4.93333333e-04 9.33333333e-05 2.22666667e-03 0.00000000e+00 0.00000000e+00 0.00000000e+00 0.00000000e+00
 0.00000000e+00 6.80000000e-04 0.00000000e+00 0.00000000e+00 0.00000000e+00 0.00000000e+00 0.00000000e+00 9.33333333e-05 2.80000000e-04 0.00000000e+00 6.76000000e-03 0.00000000e+00 1.09466667e-02 1.73333333e-04 9.33333333e-05 0.00000000e+00 0.00000000e+00 3.60000000e-04 3.46666667e-04 0.00000000e+00 0.00000000e+00 1.73333333e-04 0.00000000e+00 1.46666667e-04 5.06666667e-04 6.14666667e-03 1.16400000e-02 0.00000000e+00 0.00000000e+00 0.00000000e+00 0.00000000e+00 8.00000000e-05 0.00000000e+00 2.00000000e-04 0.00000000e+00 0.00000000e+00 0.00000000e+00 0.00000000e+00 0.00000000e+00 0.00000000e+00 0.00000000e+00 0.00000000e+00 0.00000000e+00 0.00000000e+00 8.13333333e-04 0.00000000e+00 1.00000000e-03 0.00000000e+00 0.00000000e+00 0.00000000e+00 0.00000000e+00 3.86666667e-04 0.00000000e+00 0.00000000e+00 0.00000000e+00 0.00000000e+00 0.00000000e+00 0.00000000e+00 0.00000000e+00 1.01333333e-03 4.93333333e-04 0.00000000e+00 0.00000000e+00 0.00000000e+00 0.00000000e+00 0.00000000e+00 0.00000000e+00 0.00000000e+00
 7.06666667e-04 1.60000000e-04 2.53333333e-04 2.26666667e-04 1.98533333e-02 1.98400000e-02 6.13333333e-04 5.71333333e-02 6.53333333e-04 1.08000000e-03 5.28000000e-03 3.02666667e-03 1.06666667e-03 6.83466667e-02 8.40000000e-03 0.00000000e+00 3.06666667e-04 5.60000000e-04 9.60000000e-04 4.53333333e-04 0.00000000e+00 2.00000000e-04 2.53333333e-04 1.42666667e-03 8.00000000e-05 1.18666667e-03 3.65333333e-03 9.20000000e-04 2.56000000e-02 4.40000000e-04 8.00000000e-05 0.00000000e+00 0.00000000e+00 4.80800000e-02 0.00000000e+00 0.00000000e+00 0.00000000e+00 0.00000000e+00 0.00000000e+00 0.00000000e+00 8.00000000e-05 6.66666667e-05 0.00000000e+00 9.33333333e-05 0.00000000e+00 0.00000000e+00 0.00000000e+00 1.06666667e-04 0.00000000e+00 0.00000000e+00 0.00000000e+00 0.00000000e+00 0.00000000e+00 0.00000000e+00 0.00000000e+00 0.00000000e+00 0.00000000e+00 2.13333333e-04 0.00000000e+00 9.33333333e-05 1.20000000e-04 3.06666667e-04 0.00000000e+00 6.66666667e-05 0.00000000e+00 0.00000000e+00 0.00000000e+00 0.00000000e+00
 0.00000000e+00 0.00000000e+00 0.00000000e+00 0.00000000e+00 0.00000000e+00 0.00000000e+00 6.66666667e-04 0.00000000e+00 1.33333333e-04 6.66666667e-05 0.00000000e+00 0.00000000e+00 0.00000000e+00 0.00000000e+00 0.00000000e+00 0.00000000e+00 3.73333333e-04 0.00000000e+00 6.93333333e-04 0.00000000e+00 0.00000000e+00 0.00000000e+00 0.00000000e+00 7.46666667e-04 0.00000000e+00 1.46666667e-04 1.86666667e-04 3.77333333e-03 4.02000000e-02 2.17333333e-03 0.00000000e+00 0.00000000e+00 0.00000000e+00 7.12000000e-03 0.00000000e+00 0.00000000e+00 0.00000000e+00 0.00000000e+00 0.00000000e+00 0.00000000e+00 0.00000000e+00 0.00000000e+00 0.00000000e+00 0.00000000e+00 0.00000000e+00 0.00000000e+00 0.00000000e+00 0.00000000e+00 0.00000000e+00 0.00000000e+00 0.00000000e+00 0.00000000e+00 0.00000000e+00 0.00000000e+00 0.00000000e+00 0.00000000e+00 0.00000000e+00 0.00000000e+00 0.00000000e+00 0.00000000e+00 0.00000000e+00 9.33333333e-05 0.00000000e+00 0.00000000e+00 0.00000000e+00 0.00000000e+00 0.00000000e+00 0.00000000e+00
 8.00000000e-04 1.20000000e-04 1.13333333e-03 1.20000000e-04 1.21333333e-03 1.22666667e-03 1.54666667e-03 2.61333333e-03 1.46666667e-04 1.20000000e-03 4.61200000e-02 5.73333333e-04 5.24000000e-03 6.64000000e-03 6.66666667e-05 4.00000000e-04 3.78666667e-03 3.02666667e-03 2.08133333e-02 1.33333333e-04 2.38666667e-02 0.00000000e+00 1.48400000e-02 1.16000000e-03 8.00000000e-05 5.44000000e-03 2.09733333e-02 6.02666667e-03 1.67733333e-02 1.90666667e-02 2.00000000e-04 4.80800000e-02 7.12000000e-03 0.00000000e+00 0.00000000e+00 0.00000000e+00 0.00000000e+00 0.00000000e+00 0.00000000e+00 0.00000000e+00 1.06666667e-04 0.00000000e+00 0.00000000e+00 0.00000000e+00 1.46666667e-04 0.00000000e+00 6.66666667e-05 8.00000000e-05 0.00000000e+00 0.00000000e+00 0.00000000e+00 0.00000000e+00 0.00000000e+00 0.00000000e+00 1.20000000e-04 0.00000000e+00 0.00000000e+00 3.20000000e-04 0.00000000e+00 3.73333333e-04 2.40000000e-04 4.53333333e-04 6.66666667e-05 1.46666667e-04 0.00000000e+00 0.00000000e+00 0.00000000e+00 0.00000000e+00
 0.00000000e+00 0.00000000e+00 0.00000000e+00 0.00000000e+00 0.00000000e+00 0.00000000e+00 0.00000000e+00 0.00000000e+00 0.00000000e+00 0.00000000e+00 0.00000000e+00 0.00000000e+00 0.00000000e+00 0.00000000e+00 0.00000000e+00 0.00000000e+00 0.00000000e+00 0.00000000e+00 0.00000000e+00 0.00000000e+00 6.66666667e-05 0.00000000e+00 0.00000000e+00 1.20000000e-04 0.00000000e+00 1.20000000e-04 6.66666667e-05 1.86666667e-04 0.00000000e+00 0.00000000e+00 0.00000000e+00 0.00000000e+00 0.00000000e+00 0.00000000e+00 0.00000000e+00 0.00000000e+00 5.60000000e-04 9.33333333e-05 0.00000000e+00 4.13333333e-04 1.10106667e-01 1.31866667e-02 0.00000000e+00 7.06666667e-04 1.45333333e-03 0.00000000e+00 9.33333333e-05 1.48880000e-01 0.00000000e+00 0.00000000e+00 4.13333333e-04 7.20000000e-04 1.01333333e-03 8.00000000e-05 1.86666667e-04 0.00000000e+00 3.86666667e-04 3.33333333e-04 0.00000000e+00 2.56000000e-03 4.53333333e-04 2.77333333e-03 3.64400000e-02 4.73466667e-02 0.00000000e+00 2.26666667e-04 0.00000000e+00 5.46666667e-04
 0.00000000e+00 0.00000000e+00 2.48000000e-03 0.00000000e+00 0.00000000e+00 0.00000000e+00 0.00000000e+00 0.00000000e+00 0.00000000e+00 0.00000000e+00 4.93333333e-04 0.00000000e+00 2.26666667e-04 0.00000000e+00 0.00000000e+00 0.00000000e+00 3.60000000e-04 0.00000000e+00 0.00000000e+00 0.00000000e+00 0.00000000e+00 0.00000000e+00 0.00000000e+00 0.00000000e+00 2.00000000e-04 9.20000000e-04 9.76000000e-03 0.00000000e+00 0.00000000e+00 0.00000000e+00 0.00000000e+00 0.00000000e+00 0.00000000e+00 0.00000000e+00 0.00000000e+00 0.00000000e+00 1.46666667e-04 0.00000000e+00 6.66666667e-05 0.00000000e+00 0.00000000e+00 8.00000000e-05 2.89333333e-03 8.00000000e-05 1.68000000e-03 0.00000000e+00 1.09333333e-02 2.80000000e-04 1.20000000e-04 1.33333333e-04 6.13333333e-04 7.86666667e-04 2.26666667e-03 0.00000000e+00 1.06666667e-04 3.94666667e-03 3.20000000e-04 5.14666667e-03 9.13333333e-03 3.38666667e-03 3.56666667e-02 1.60000000e-04 1.20000000e-04 1.33333333e-04 9.33333333e-04 0.00000000e+00 0.00000000e+00 8.13333333e-04
 0.00000000e+00 0.00000000e+00 1.55733333e-02 0.00000000e+00 0.00000000e+00 0.00000000e+00 0.00000000e+00 0.00000000e+00 0.00000000e+00 0.00000000e+00 0.00000000e+00 0.00000000e+00 0.00000000e+00 0.00000000e+00 0.00000000e+00 7.86666667e-04 2.08000000e-03 0.00000000e+00 1.06666667e-04 0.00000000e+00 1.33333333e-04 0.00000000e+00 8.20000000e-03 4.26666667e-04 0.00000000e+00 1.24000000e-03 1.96133333e-02 4.53333333e-04 0.00000000e+00 0.00000000e+00 0.00000000e+00 0.00000000e+00 0.00000000e+00 0.00000000e+00 5.60000000e-04 1.46666667e-04 0.00000000e+00 0.00000000e+00 0.00000000e+00 7.20000000e-04 6.65333333e-02 7.32000000e-03 0.00000000e+00 4.00000000e-03 2.53333333e-04 0.00000000e+00 0.00000000e+00 2.20000000e-03 0.00000000e+00 2.26666667e-04 1.79866667e-02 2.80000000e-04 1.81333333e-03 0.00000000e+00 1.23466667e-02 8.00000000e-05 9.12800000e-02 1.42666667e-03 0.00000000e+00 8.02266667e-02 3.03200000e-02 9.86666667e-03 2.53333333e-04 3.69333333e-03 0.00000000e+00 0.00000000e+00 0.00000000e+00 2.53333333e-04
 0.00000000e+00 0.00000000e+00 0.00000000e+00 7.60000000e-04 0.00000000e+00 9.33333333e-05 1.20000000e-04 0.00000000e+00 1.06666667e-04 3.46666667e-04 0.00000000e+00 9.33333333e-05 0.00000000e+00 0.00000000e+00 0.00000000e+00 0.00000000e+00 0.00000000e+00 0.00000000e+00 0.00000000e+00 2.80000000e-04 0.00000000e+00 0.00000000e+00 0.00000000e+00 3.33333333e-04 0.00000000e+00 1.06666667e-04 0.00000000e+00 8.00000000e-04 0.00000000e+00 0.00000000e+00 0.00000000e+00 0.00000000e+00 0.00000000e+00 0.00000000e+00 9.33333333e-05 0.00000000e+00 0.00000000e+00 0.00000000e+00 0.00000000e+00 5.38666667e-03 1.33333333e-03 3.82666667e-03 4.13333333e-04 1.18026667e-01 2.66666667e-04 2.51066667e-02 0.00000000e+00 1.98666667e-03 0.00000000e+00 0.00000000e+00 0.00000000e+00 9.33333333e-05 0.00000000e+00 1.72146667e-01 0.00000000e+00 0.00000000e+00 0.00000000e+00 1.00400000e-02 0.00000000e+00 0.00000000e+00 1.06666667e-04 1.53920000e-01 8.00000000e-04 0.00000000e+00 0.00000000e+00 1.20000000e-04 0.00000000e+00 2.26666667e-04
 0.00000000e+00 0.00000000e+00 0.00000000e+00 0.00000000e+00 0.00000000e+00 0.00000000e+00 0.00000000e+00 0.00000000e+00 0.00000000e+00 0.00000000e+00 0.00000000e+00 0.00000000e+00 0.00000000e+00 0.00000000e+00 0.00000000e+00 0.00000000e+00 0.00000000e+00 0.00000000e+00 0.00000000e+00 0.00000000e+00 0.00000000e+00 0.00000000e+00 0.00000000e+00 0.00000000e+00 0.00000000e+00 0.00000000e+00 0.00000000e+00 0.00000000e+00 0.00000000e+00 0.00000000e+00 0.00000000e+00 0.00000000e+00 0.00000000e+00 0.00000000e+00 0.00000000e+00 6.66666667e-05 0.00000000e+00 0.00000000e+00 0.00000000e+00 3.41866667e-02 6.66666667e-05 2.06666667e-03 1.18666667e-03 1.73333333e-04 8.93333333e-04 1.60000000e-04 6.66666667e-05 2.26666667e-04 3.73200000e-02 0.00000000e+00 0.00000000e+00 0.00000000e+00 0.00000000e+00 1.06666667e-04 0.00000000e+00 1.33333333e-04 0.00000000e+00 2.16000000e-03 0.00000000e+00 1.73333333e-04 3.73333333e-04 8.26666667e-04 0.00000000e+00 0.00000000e+00 0.00000000e+00 4.20000000e-03 0.00000000e+00 1.96000000e-02
