0.0	0.0	19.189573033707862	15.169676025917928	0.0	18.82722371967655	6.276430315858027	9.473875258646173	10.690846343467545	15.627428571428572	20.92225352112676	17.357857142857142	27.883636363636366	4.84911846946284	18.05	16.054545454545455	18.231823722456635	26.197755102040816	20.03966733200266	14.874666666666666	12.57195205479452	13.245714285714287	17.471045022717885	12.604942782152232	30.040000000000003	25.82748002904865	25.05263358778626	12.856577304880224	4.301688787403074	6.665289911181963	24.5	17.84375	6.871914893617022	10.587689977278464	25.53052631578948	0.0	0.0	30.880000000000003	0.0	31.160000000000004	25.65543859649123	32.67473684210527	13.326875	30.457142857142863	46.68	0.0	0.0	29.96761904761905	0.0	34.480000000000004	0.0	0.0	0.0	27.6	27.666666666666668	18.42666666666667	0.0	22.36729044834308	0.0	36.48	34.040000000000006	24.62762376237624	27.6625	26.37333333333333	0.0	0.0	24.82	29.440000000000005
0.0	0.0	6.864672897196262	0.0	0.0	28.413333333333338	20.1	29.76	11.365736975422744	27.668571428571425	9.571898734177216	0.0	8.467774548211803	29.380000000000003	17.95315789473684	11.887098976109217	9.685581395348835	12.649411764705883	11.58716049382716	0.0	18.887272727272727	5.064407002646175	9.55326797385621	12.88754126846221	4.676739031028852	9.877755511022045	4.657665820072911	18.31290322580645	23.645714285714284	16.796	11.831111111111111	0.0	0.0	14.546666666666669	24.8	2.4399273167777107	10.426875	0.0	0.0	0.0	23.933333333333337	46.440000000000005	0.0	0.0	17.82	0.0	11.615714285714288	0.0	0.0	10.546666666666669	11.682376237623762	13.11826086956522	10.319304347826089	0.0	18.92	3.133809523809524	10.217607223476298	18.26	7.401764705882353	9.778705560619873	9.258034315553898	22.45	0.0	20.40571428571429	17.668571428571433	0.0	0.0	12.464615384615389
19.189573033707862	6.864672897196262	0.0	22.524776119402983	0.0	26.30550024642681	18.6245319105274	23.588839403878243	18.416774193548388	24.65524541186513	20.12226993865031	24.754150197628466	15.658201058201058	23.04574119757793	30.890000000000004	10.76367816091954	7.549298169842897	13.214476260853502	9.292214053684392	23.98	11.457231972687648	7.84238159675237	6.72217486642577	15.851791730474734	13.243636363636364	8.939455968667316	7.448684788169861	14.924875571356017	29.661540453074437	16.281528849687618	19.152	36.52555555555556	26.086666666666662	9.413915523079666	35.230000000000004	11.305122883670126	18.67508917664305	36.120000000000005	0.0	0.0	31.10714285714286	41.21	20.59428571428572	0.0	49.720000000000006	0.0	23.129411764705885	36.21333333333334	0.0	20.88421052631579	20.2869758812616	25.96	22.160000000000004	40.41333333333334	26.641538461538467	13.504166666666668	19.600550403828898	30.380000000000003	19.684000000000005	18.86836363636364	17.529157039411864	31.867027027027028	38.6	29.75692307692308	31.040000000000003	0.0	31.840000000000003	20.3
15.169676025917928	0.0	22.524776119402983	0.0	0.0	11.346145845196068	6.614522072461976	18.055541151050875	11.869732485535888	6.514183216834942	30.34172084130019	8.431214021546873	24.68875	19.30327343686479	15.336372093023256	18.76	32.08	33.75272727272728	31.895000000000003	3.1714398483665964	17.50608695652174	15.04	21.115275590551185	5.312030108250022	0.0	34.85111111111112	33.059259259259264	3.414094647284324	18.49891990126672	16.47304347826087	35.724000000000004	26.419191919191924	15.58042642432716	17.209315732758622	26.875	0.0	0.0	30.59611650485437	0.0	32.74806629834254	27.73861635220125	33.213150684931506	15.395317073170734	31.34483412322275	43.32000000000001	14.670909090909092	22.24	37.42086956521739	24.160000000000004	29.040000000000003	0.0	55.64	0.0	28.98719512195122	37.88	0.0	39.81333333333334	23.86531976185904	0.0	58.24	0.0	28.988692264885923	37.35047619047619	34.544000000000004	0.0	0.0	0.0	36.656666666666666
0.0	0.0	0.0	0.0	0.0	2.357779011660189	22.53333333333334	3.764166666666667	8.986613226452906	24.12	0.0	8.011008	0.0	0.0	3.170765462503179	0.0	0.0	0.0	0.0	0.0	0.0	0.0	0.0	17.384000000000004	0.0	0.0	19.32	21.973333333333336	3.51	0.0	0.0	2.155749296068412	0.0	2.2938177556401995	0.0	0.0	0.0	0.0	0.0	0.0	0.0	0.0	15.84	0.0	0.0	0.0	0.0	0.0	0.0	0.0	0.0	0.0	0.0	0.0	0.0	0.0	0.0	0.0	0.0	0.0	0.0	0.0	0.0	0.0	0.0	0.0	0.0	0.0
18.82722371967655	28.413333333333338	26.30550024642681	11.346145845196068	2.357779011660189	0.0	9.52591298001671	5.645359735973598	16.355729592830706	5.758617128020277	15.092622866011382	6.555468146839916	11.455986565911	11.02023138753459	4.408536400404449	21.73933774834437	27.68633744855967	21.854600760456275	25.82005780346821	8.49422515584892	19.42285605772883	21.36783216783217	23.515305536568697	13.871845355863323	32.96	24.655747652299542	27.514124890061566	13.510545767445796	12.925130923354184	19.54445459528595	21.17692307692308	5.947688576601718	19.800868217054266	7.565220803525612	34.2752	0.0	0.0	34.29908713692946	0.0	37.875402298850574	31.803478260869564	37.96889830508475	20.020259419394687	35.075377777777774	52.92	31.409612403100777	26.340000000000003	40.642376237623765	0.0	33.040000000000006	0.0	58.4	0.0	33.52181818181818	37.29466666666667	28.308000000000003	43.54666666666667	28.04517215962936	0.0	54.96	40.14333333333334	32.52266934942991	39.93132743362832	37.7175	0.0	49.940000000000005	34.160000000000004	43.00695652173913
6.276430315858027	20.1	18.6245319105274	6.614522072461976	22.53333333333334	9.52591298001671	0.0	9.53820040467181	10.083952116000676	4.685803926117088	26.81699582753825	9.8696875	25.41821782178218	7.620632265381344	13.256144578313254	13.31902777777778	19.825277471517825	27.64129509713229	22.173365596128463	6.007263123142951	12.578108543101784	15.24983606557377	16.04009046499005	7.612250912439881	27.302857142857142	25.365988525635192	22.01735277621985	6.0727102742907535	14.819763480943504	6.082956644907009	33.66857142857143	22.961479915433408	12.357895295366117	13.858402720338203	25.752500000000005	28.440000000000005	35.14	28.197349397590365	0.0	30.14054794520548	24.990729613733908	30.675698924731183	13.334597701149423	28.742295081967217	46.67	24.993333333333336	21.24	32.10736842105264	0.0	26.109333333333336	0.0	37.32000000000001	0.0	26.94170212765957	29.14523076923077	20.474285714285717	32.872727272727275	22.044024002823864	33.24	44.32000000000001	30.191578947368424	26.057427609427613	29.661851851851857	28.2743661971831	0.0	0.0	27.133333333333336	31.33384615384616
9.473875258646173	29.76	23.588839403878243	18.055541151050875	3.764166666666667	5.645359735973598	9.53820040467181	0.0	18.429203373945644	10.203983203815245	16.277744550531438	15.427650366879115	15.559586776859504	4.20052904042034	8.54480700616283	21.34428571428572	24.20845596310125	29.166932832315645	25.80434825220517	17.225274357441723	17.562251096766982	21.510877192982456	21.254946751927328	16.900280838445212	31.24	28.637013777635374	28.965702882483374	15.872285243130136	8.313382923262765	12.964323724154742	20.795789473684216	4.871482258346443	19.062814814814818	10.82013005295971	35.24	35.36	52.44	36.98247191011236	0.0	39.06358974358975	33.12732394366198	38.589615384615385	23.114847775175644	37.14742857142858	52.44	32.177777777777784	0.0	38.32869565217392	0.0	31.851764705882356	0.0	0.0	0.0	36.67238095238096	37.77358490566038	24.72888888888889	45.4	29.608911651728555	38.52	43.55	37.46153846153847	34.12274967574579	37.37735849056604	34.1903448275862	0.0	0.0	38.120000000000005	42.02909090909091
10.690846343467545	11.365736975422744	18.416774193548388	11.869732485535888	8.986613226452906	16.355729592830706	10.083952116000676	18.429203373945644	0.0	14.500111050626025	32.30779922779923	6.699926618071524	22.45029810298103	18.05828285634899	3.692080097393057	6.639716981132077	22.068888888888885	29.754	26.564705882352943	12.718562040974104	14.391891891891891	4.5981002683477445	19.341253731343283	4.98656523747964	17.832438228438228	29.3728	15.83080827394403	9.90846008583691	16.447793472966392	10.16142237155257	37.2	28.96524590163935	12.574956245027844	13.263513405362149	14.288311688311689	26.5	32.32000000000001	17.010502645502648	0.0	19.122930402930404	13.886122448979595	19.98709976798144	2.2736860526162284	17.949522240527184	34.847142857142856	11.638064516129033	12.013953488372092	21.49579937304076	15.12	18.312421052631574	44.8	40.38	30.160000000000004	15.934802494802495	20.4975	8.042307692307693	21.471666666666668	10.543981745579009	11.2	38.385000000000005	30.841904761904765	14.178050063309636	18.221642764015648	14.917360000000002	34.8	31.3	17.01125	18.301775147929
15.627428571428572	27.668571428571425	24.65524541186513	6.514183216834942	24.12	5.758617128020277	4.685803926117088	10.203983203815245	14.500111050626025	0.0	27.69101545253863	4.83564008134997	30.670263157894738	14.614956016463562	13.8112269446672	18.482137404580158	29.15446153846154	31.63534246575343	30.13693693693694	4.1576941224741	19.204857496902108	18.62813559322034	22.656088775695835	10.454608892937555	32.88	32.86810894941634	27.200234466588512	8.110905065641898	18.71114488791689	19.02767472527473	33.98382978723405	23.280495049504957	17.266829527349977	18.174496255833304	31.990769230769228	0.0	40.84	33.15211940298508	0.0	34.88072727272727	29.98330708661417	36.14039603960397	18.11486146095718	33.77227722772277	52.52	27.221234567901234	0.0	38.572903225806456	0.0	31.11636363636364	0.0	0.0	0.0	31.316257309941523	32.92545454545454	26.22769230769231	47.6	26.38414271555996	0.0	0.0	37.464000000000006	30.992803347280336	37.750243902439024	32.76347826086957	0.0	48.36	0.0	40.806666666666665
20.92225352112676	9.571898734177216	20.12226993865031	30.34172084130019	0.0	15.092622866011382	26.81699582753825	16.277744550531438	32.30779922779923	27.69101545253863	0.0	24.91184974958264	4.144304010208369	13.700931025724756	14.25510600071865	21.776	8.975089392133492	3.3707873987655645	4.317078199907212	28.26786529060293	21.210607734806636	16.56923076923077	21.79682572614108	30.93607160616609	2.731428918590523	4.773401672368925	10.473367486338798	31.30021172638437	12.542123060294912	19.23456635318704	7.537641586867305	13.49812097812098	29.286153846153848	4.931342516562211	0.0	9.64	0.0	52.38666666666667	0.0	55.48	46.693333333333335	50.024	37.18857142857143	50.64	11.9275	45.68	12.258965307364576	0.0	0.0	51.32000000000001	0.0	16.042985074626866	16.220000000000002	49.28666666666668	40.92	0.0	0.0	45.20972972972974	6.482000000000001	15.995029585798818	16.018	47.66	0.0	0.0	16.965045045045045	0.0	0.0	0.0
17.357857142857142	0.0	24.754150197628466	8.431214021546873	8.011008	6.555468146839916	9.8696875	15.427650366879115	6.699926618071524	4.83564008134997	24.91184974958264	0.0	28.50114942528736	18.380808709175746	5.754824889154586	18.78857142857143	29.3575	27.146940253470127	26.343050847457626	3.626839069297701	19.062	20.56	24.13182724252492	10.545186786786788	0.0	29.230131619222533	30.527198838896958	9.928441517717152	18.13553086927701	21.663673469387756	29.48129449838188	19.999099715099717	19.074193548387097	16.05190072778199	33.66666666666667	0.0	43.36	32.33287356321839	0.0	33.410158730158734	28.427586206896557	34.090947368421055	16.36299401197605	30.899230769230776	53.720000000000006	22.521052631578947	0.0	40.77	0.0	38.16	0.0	32.160000000000004	0.0	29.714285714285715	32.36	0.0	0.0	24.66373205741627	0.0	55.080000000000005	42.21333333333333	30.332932330827067	36.805	32.720000000000006	0.0	0.0	0.0	30.453333333333337
27.883636363636366	8.467774548211803	15.658201058201058	24.68875	0.0	11.455986565911	25.41821782178218	15.559586776859504	22.45029810298103	30.670263157894738	4.144304010208369	28.50114942528736	0.0	17.270076869322153	18.52348993288591	19.33257142857143	12.073488372093022	6.538260743741861	7.359421119592876	31.498604651162797	20.887079646017703	14.880167890870936	19.24546031746032	23.65735567970205	3.7221683571333246	3.4293983071638863	3.2491169016648227	24.506356589147288	15.247464114832535	24.77928571428572	2.977319746331342	12.653282442748091	38.040000000000006	6.470802464861872	30.640000000000004	10.36164383561644	17.18	43.28	0.0	31.68	36.392	36.168000000000006	27.340000000000003	37.88	12.583238168231464	31.934545454545457	11.347589130270231	25.856	0.0	0.0	24.64	14.966127415891195	15.60516129032258	39.766666666666666	0.0	14.91076923076923	0.0	28.674666666666667	6.827458256029685	14.205447392890353	14.73825285043595	35.38666666666667	27.24	0.0	15.598256372367937	0.0	0.0	19.89675675675676
4.84911846946284	29.380000000000003	23.04574119757793	19.30327343686479	0.0	11.02023138753459	7.620632265381344	4.20052904042034	18.05828285634899	14.614956016463562	13.700931025724756	18.380808709175746	17.270076869322153	0.0	9.049768600925598	20.338181818181816	22.11433951813902	22.370740188772977	23.034206500956024	19.0655201713423	16.891771998382968	19.303414634146343	20.792415020908376	18.705534362700572	32.05	24.55856161908204	27.006104240282685	18.599255865752102	4.845552173609982	10.415763955039058	20.053013972055886	4.967534799011318	24.322142857142858	7.725239881379572	32.861935483870965	33.32000000000001	48.120000000000005	41.38476190476191	0.0	40.604	32.42	42.33260273972603	24.62945736434109	41.26888888888889	49.040000000000006	37.49142857142858	0.0	38.894000000000005	0.0	30.39428571428572	0.0	42.52	37.96	42.07692307692308	36.008	20.645714285714284	38.260000000000005	30.742214411247808	0.0	41.68	38.50750000000001	34.015577557755776	35.58724637681159	32.71692307692308	0.0	0.0	0.0	36.03111111111112
18.05	17.95315789473684	30.890000000000004	15.336372093023256	3.170765462503179	4.408536400404449	13.256144578313254	8.54480700616283	3.692080097393057	13.8112269446672	14.25510600071865	5.754824889154586	18.52348993288591	9.049768600925598	0.0	18.56	12.84	18.120144927536234	16.862985074626867	12.498340011448198	20.92	11.885289256198348	26.858181818181823	9.77453642384106	23.929230769230774	19.12801054018445	21.659399141630903	16.31552894211577	8.42025382174791	21.69333333333333	20.486206896551728	10.776962925342817	21.05454545454545	7.007222521068675	26.24	0.0	0.0	42.220000000000006	0.0	42.36	28.0	28.48	15.568888888888887	37.56	0.0	0.0	0.0	0.0	0.0	29.58	0.0	0.0	0.0	0.0	23.088	15.64	24.733333333333334	28.794	0.0	0.0	0.0	28.39428571428572	32.260000000000005	0.0	0.0	0.0	0.0	0.0
16.054545454545455	11.887098976109217	10.76367816091954	18.76	0.0	21.73933774834437	13.31902777777778	21.34428571428572	6.639716981132077	18.482137404580158	21.776	18.78857142857143	19.33257142857143	20.338181818181816	18.56	0.0	18.90102189781022	25.736	19.68	22.520000000000003	3.716621416740428	5.013914359861593	4.650313000238412	4.516398933017191	19.204071856287428	21.921935483870968	5.816112162322565	3.886260796292396	15.24	11.895004964346963	0.0	34.120000000000005	15.393333333333334	12.135945485519592	24.988571428571426	14.0	18.360000000000003	40.760000000000005	0.0	33.07333333333334	25.12184615384616	30.11178082191781	11.38909090909091	27.540000000000003	0.0	0.0	0.0	27.82292682926829	0.0	16.07522277227723	0.0	0.0	0.0	0.0	19.897822203317737	10.346340895869693	16.661099324975893	20.18487462387161	0.0	0.0	18.925031055900625	20.260202839756595	25.435454545454547	21.47161403508772	0.0	0.0	0.0	21.346666666666668
18.231823722456635	9.685581395348835	7.549298169842897	32.08	0.0	27.68633744855967	19.825277471517825	24.20845596310125	22.068888888888885	29.15446153846154	8.975089392133492	29.3575	12.073488372093022	22.11433951813902	12.84	18.90102189781022	0.0	9.158164165931158	4.189625271773885	33.14	12.904528301886794	15.432727272727274	7.457952771465271	22.574440433212995	11.265	7.419755968169762	10.469258499826044	19.67024673439768	20.00198060941829	13.663408176508762	16.62	33.160909090909094	18.587200000000003	6.199455936525928	34.7	12.742260869565218	20.983777777777775	0.0	0.0	0.0	0.0	0.0	20.28	0.0	0.0	0.0	24.04	37.2	0.0	0.0	20.657391304347826	0.0	19.22857142857143	0.0	30.2	18.585454545454542	25.46322580645161	31.440000000000005	18.3	18.38681222707424	18.5497233201581	31.706666666666667	0.0	30.68	26.74	0.0	0.0	22.62
26.197755102040816	12.649411764705883	13.214476260853502	33.75272727272728	0.0	21.854600760456275	27.64129509713229	29.166932832315645	29.754	31.63534246575343	3.3707873987655645	27.146940253470127	6.538260743741861	22.370740188772977	18.120144927536234	25.736	9.158164165931158	0.0	4.860208178438662	31.723789473684214	21.820544105523496	19.18074074074074	16.584744608399546	30.3712	6.912006294256491	6.054448270658125	9.328667168428286	26.781914191419144	18.090394234845277	22.3656338028169	9.430200803212852	18.09130044843049	32.32000000000001	9.805605095541402	0.0	14.080000000000002	27.140000000000004	56.68000000000001	0.0	0.0	50.28	0.0	32.6	42.4	16.705384615384617	0.0	14.603848964677224	28.6	0.0	0.0	19.360000000000003	18.206632653061227	18.21666666666667	43.73333333333333	40.4	0.0	31.0	47.15	10.934153846153848	17.531148936170215	17.179618257261414	49.013333333333335	28.12	53.96	18.98263157894737	0.0	0.0	24.24
20.03966733200266	11.58716049382716	9.292214053684392	31.895000000000003	0.0	25.82005780346821	22.173365596128463	25.80434825220517	26.564705882352943	30.13693693693694	4.317078199907212	26.343050847457626	7.359421119592876	23.034206500956024	16.862985074626867	19.68	4.189625271773885	4.860208178438662	0.0	29.184380952380952	15.886655246252678	17.787428571428574	13.463165586788133	26.011657142857143	7.385743305632502	6.441994818088789	8.961866425777064	21.551904287138587	20.578922214094124	15.288266411727216	10.697173144876327	26.82038461538461	21.125517241379317	6.654044876795301	0.0	10.3376	22.55428571428572	0.0	0.0	31.866666666666667	40.38666666666667	0.0	0.0	42.24	16.64592592592593	36.8	15.51469387755102	29.2	0.0	0.0	23.115	18.301538461538463	18.11532467532468	42.48	0.0	20.04	29.07	44.36	11.679402985074628	16.95003891050584	17.02502579218865	44.56	28.840000000000003	0.0	19.25787234042553	0.0	0.0	22.837894736842102
14.874666666666666	0.0	23.98	3.1714398483665964	0.0	8.49422515584892	6.007263123142951	17.225274357441723	12.718562040974104	4.1576941224741	28.26786529060293	3.626839069297701	31.498604651162797	19.0655201713423	12.498340011448198	22.520000000000003	33.14	31.723789473684214	29.184380952380952	0.0	27.590000000000003	0.0	24.31777777777778	7.793936208338311	32.92	33.35269662921348	34.080446927374304	4.74914730269219	18.60959009287926	22.31	34.59263157894737	24.8576833976834	16.250057142857145	17.857695733708393	28.68	0.0	0.0	31.231372549019607	0.0	33.86938775510204	28.01538461538461	34.99475409836066	16.51301343570058	32.513000000000005	47.36	24.603428571428573	0.0	39.18857142857143	0.0	0.0	0.0	0.0	0.0	29.898390804597703	0.0	0.0	50.440000000000005	25.06027397260274	0.0	0.0	0.0	30.13813504823151	36.976	0.0	0.0	0.0	0.0	43.18
12.57195205479452	18.887272727272727	11.457231972687648	17.50608695652174	0.0	19.42285605772883	12.578108543101784	17.562251096766982	14.391891891891891	19.204857496902108	21.210607734806636	19.062	20.887079646017703	16.891771998382968	20.92	3.716621416740428	12.904528301886794	21.820544105523496	15.886655246252678	27.590000000000003	0.0	9.99407478122514	6.525846393352055	9.156629431762992	22.770322580645164	20.09377629002716	13.14304296875	7.265399908511911	18.591150895140665	6.434857733857757	29.590000000000003	29.654285714285717	18.365714285714287	7.808020096313117	26.44909090909091	0.0	27.73777777777778	34.08	0.0	39.7	26.855686274509804	32.7888	19.910769230769237	0.0	45.24	0.0	50.96	29.96344370860927	0.0	19.049308525409607	50.52	0.0	35.2	0.0	23.28934306569343	13.085794340151304	23.166783625731	22.179144144144143	0.0	31.973333333333336	26.01636363636364	23.52911525029104	28.17037037037037	23.767690288713915	0.0	0.0	0.0	27.248
13.245714285714287	5.064407002646175	7.84238159675237	15.04	0.0	21.36783216783217	15.24983606557377	21.510877192982456	4.5981002683477445	18.62813559322034	16.56923076923077	20.56	14.880167890870936	19.303414634146343	11.885289256198348	5.013914359861593	15.432727272727274	19.18074074074074	17.787428571428574	0.0	9.99407478122514	0.0	9.481108317512444	5.705528838598146	11.14507892819558	17.177714285714284	6.638629538857894	9.207805809354973	12.51607629427793	9.702779661016953	18.380000000000003	33.4	13.37111111111111	10.313150684931507	16.902222222222225	2.0696296296296297	9.778053097345133	31.72000000000001	0.0	22.56	18.35483870967742	24.103703703703708	2.569702127659575	0.0	27.392000000000003	0.0	21.342222222222222	19.346206896551724	0.0	8.885648281836557	22.6	0.0	0.0	0.0	13.7447308319739	2.3038256895707527	11.828704732281716	12.12404181184669	15.2	24.592	9.270297981416212	13.972945326278658	18.59692307692308	14.168397790055248	19.160000000000004	0.0	18.866666666666667	18.18
17.471045022717885	9.55326797385621	6.72217486642577	21.115275590551185	0.0	23.515305536568697	16.04009046499005	21.254946751927328	19.341253731343283	22.656088775695835	21.79682572614108	24.13182724252492	19.24546031746032	20.792415020908376	26.858181818181823	4.650313000238412	7.457952771465271	16.584744608399546	13.463165586788133	24.31777777777778	6.525846393352055	9.481108317512444	0.0	13.431924902616064	18.2575	13.829159688004063	11.175025444498909	10.845244659529744	26.586228349240013	12.085982167115372	28.36705882352941	33.189480519480526	23.727631578947367	9.052735266949934	33.4	12.853225806451611	20.18203007518797	38.065000000000005	0.0	40.008	31.894545454545455	37.28666666666667	21.7824	37.24	0.0	30.640000000000004	28.56	34.99368421052632	0.0	17.737574411372727	21.946666666666665	0.0	28.96	36.540000000000006	25.355	12.87605810055866	20.942139198553782	29.922073170731704	22.424	30.742857142857144	18.73616531067752	30.019473684210528	36.96333333333334	26.538181818181823	0.0	0.0	32.480000000000004	27.392000000000003
12.604942782152232	12.88754126846221	15.851791730474734	5.312030108250022	17.384000000000004	13.871845355863323	7.612250912439881	16.900280838445212	4.98656523747964	10.454608892937555	30.93607160616609	10.545186786786788	23.65735567970205	18.705534362700572	9.77453642384106	4.516398933017191	22.574440433212995	30.3712	26.011657142857143	7.793936208338311	9.156629431762992	5.705528838598146	13.431924902616064	0.0	19.48731068358576	27.49296416938111	14.682043563793226	4.416296025144214	16.962178588976037	11.950828990999526	34.440000000000005	27.112614555256062	13.326536412078152	12.697673938002298	22.771744680851064	0.0	35.32727272727273	26.061531565184914	0.0	26.97979094076656	22.39370774263904	27.63405143875732	10.341453100610188	25.928920056100985	43.81304347826087	18.009737470167067	30.733333333333334	29.28978670012547	18.48	18.71743059335874	48.52	43.50666666666668	36.02	24.25310943833237	21.07584095063985	11.055333333333332	22.49914040114613	19.686490708497413	0.0	46.28	29.15390476190476	22.03511016924551	26.09140946010511	22.86827268067658	45.28	40.876	25.03792207792208	27.119111111111117
30.040000000000003	4.676739031028852	13.243636363636364	0.0	0.0	32.96	27.302857142857142	31.24	17.832438228438228	32.88	2.731428918590523	0.0	3.7221683571333246	32.05	23.929230769230774	19.204071856287428	11.265	6.912006294256491	7.385743305632502	32.92	22.770322580645164	11.14507892819558	18.2575	19.48731068358576	0.0	6.441504780627291	5.973101686254472	22.324528301886797	24.92	22.99764705882353	7.081591650358773	0.0	0.0	5.914666666666667	0.0	5.811593794076164	15.7	0.0	0.0	0.0	0.0	0.0	0.0	0.0	10.761283851554666	0.0	8.830888208269526	28.440000000000005	0.0	0.0	12.893333333333334	12.236390977443609	13.495272727272727	0.0	0.0	11.176119402985076	0.0	21.224	5.274909090909091	12.345597269624571	11.847822390174777	0.0	0.0	0.0	13.238181818181818	0.0	0.0	17.488
25.82748002904865	9.877755511022045	8.939455968667316	34.85111111111112	0.0	24.655747652299542	25.365988525635192	28.637013777635374	29.3728	32.86810894941634	4.773401672368925	29.230131619222533	3.4293983071638863	24.55856161908204	19.12801054018445	21.921935483870968	7.419755968169762	6.054448270658125	6.441994818088789	33.35269662921348	20.09377629002716	17.177714285714284	13.829159688004063	27.49296416938111	6.441504780627291	0.0	8.02242281038683	23.954832570905765	21.691520979020986	22.359644874899114	5.080238069933043	20.613364705882358	34.513103448275864	10.144251626898049	32.45	11.16701421800948	19.071978891820585	51.4	0.0	35.8	33.76148148148148	42.71	38.720000000000006	45.24	16.12937238493724	42.120000000000005	14.249223424570337	34.25	0.0	32.56	18.62419512195122	17.771296414173563	17.57047451669596	42.33333333333333	29.965000000000003	14.744000000000003	27.975238095238097	43.72166666666667	11.134589963280296	17.146340782122905	16.23464673691089	42.96833333333333	33.620000000000005	28.926666666666662	18.564036697247708	0.0	0.0	22.65405405405405
25.05263358778626	4.657665820072911	7.448684788169861	33.059259259259264	19.32	27.514124890061566	22.01735277621985	28.965702882483374	15.83080827394403	27.200234466588512	10.473367486338798	30.527198838896958	3.2491169016648227	27.006104240282685	21.659399141630903	5.816112162322565	10.469258499826044	9.328667168428286	8.961866425777064	34.080446927374304	13.14304296875	6.638629538857894	11.175025444498909	14.682043563793226	5.973101686254472	8.02242281038683	0.0	14.59113871635611	26.524110275689225	20.608794178794177	5.436926238867321	32.720000000000006	26.608717948717956	10.67479258155057	34.324	9.569361963190186	17.385272425249173	41.5	0.0	32.58	32.48921212121213	37.572	22.92	41.5875	15.743876923076924	37.8	14.715274776890558	33.86707692307693	40.36	16.87862011637573	18.801027237354084	17.72889667250438	16.849206607094505	40.88173913043479	26.292151898734183	9.878504875406284	18.270493526470965	31.10535947712419	13.365790378006873	16.060640944012903	16.20156086052215	29.073962264150943	32.2	29.3675	17.96263157894737	0.0	0.0	19.699401197604796
12.856577304880224	18.31290322580645	14.924875571356017	3.414094647284324	21.973333333333336	13.510545767445796	6.0727102742907535	15.872285243130136	9.90846008583691	8.110905065641898	31.30021172638437	9.928441517717152	24.506356589147288	18.599255865752102	16.31552894211577	3.886260796292396	19.67024673439768	26.781914191419144	21.551904287138587	4.74914730269219	7.265399908511911	9.207805809354973	10.845244659529744	4.416296025144214	22.324528301886797	23.954832570905765	14.59113871635611	0.0	17.47746086802637	8.671621879301199	36.78333333333334	27.77530506721821	13.462613850282375	11.515269101484307	24.422490842490845	22.6	32.095000000000006	29.98698412698413	0.0	31.657643097643103	25.282623539982037	31.74690831556504	13.273244125326372	30.326434782608697	43.24666666666667	20.494693877551025	22.28	29.551586452762923	23.0	18.509662815373737	37.48	44.0	42.0	28.47631578947368	23.22278207109737	12.76693944353519	25.4716	21.07326714637035	0.0	50.65333333333333	28.712413793103444	23.372719791089654	26.9524819908317	23.812564880350525	0.0	41.86	25.76727272727273	26.8752688172043
4.301688787403074	23.645714285714284	29.661540453074437	18.49891990126672	3.51	12.925130923354184	14.819763480943504	8.313382923262765	16.447793472966392	18.71114488791689	12.542123060294912	18.13553086927701	15.247464114832535	4.845552173609982	8.42025382174791	15.24	20.00198060941829	18.090394234845277	20.578922214094124	18.60959009287926	18.591150895140665	12.51607629427793	26.586228349240013	16.962178588976037	24.92	21.691520979020986	26.524110275689225	17.47746086802637	0.0	7.170455386893744	17.84107784431138	2.983576751117735	3.442306154142856	5.765206285392102	30.654901960784315	0.0	40.053333333333335	37.945641025641024	0.0	37.98746268656716	30.983125	37.6170403587444	20.97344632768361	36.71909090909092	50.120000000000005	34.30526315789474	0.0	37.760000000000005	0.0	30.93913043478261	0.0	0.0	56.96	38.00888888888889	32.34127659574468	20.53142857142857	42.73	27.658487161693277	0.0	42.88	42.33666666666667	30.698840772818123	33.97793721973095	31.01408	0.0	0.0	31.822857142857146	33.875
6.665289911181963	16.796	16.281528849687618	16.47304347826087	0.0	19.54445459528595	6.082956644907009	12.964323724154742	10.16142237155257	19.02767472527473	19.23456635318704	21.663673469387756	24.77928571428572	10.415763955039058	21.69333333333333	11.895004964346963	13.663408176508762	22.3656338028169	15.288266411727216	22.31	6.434857733857757	9.702779661016953	12.085982167115372	11.950828990999526	22.99764705882353	22.359644874899114	20.608794178794177	8.671621879301199	7.170455386893744	0.0	33.026666666666664	23.730731707317076	6.325221674876849	4.915330755222721	26.21090909090909	0.0	0.0	32.88	0.0	29.640000000000004	24.909019607843145	31.67230769230769	13.727195767195768	0.0	45.0	17.84	0.0	31.46666666666667	0.0	20.191685393258428	0.0	0.0	0.0	32.93333333333334	23.455270270270272	13.208961748633882	23.64181818181818	22.47859375	0.0	32.760000000000005	30.47	23.69248425472358	28.92157894736842	25.152402234636877	0.0	0.0	28.890000000000004	28.667272727272728
24.5	11.831111111111111	19.152	35.724000000000004	0.0	21.17692307692308	33.66857142857143	20.795789473684216	37.2	33.98382978723405	7.537641586867305	29.48129449838188	2.977319746331342	20.053013972055886	20.486206896551728	0.0	16.62	9.430200803212852	10.697173144876327	34.59263157894737	29.590000000000003	18.380000000000003	28.36705882352941	34.440000000000005	7.081591650358773	5.080238069933043	5.436926238867321	36.78333333333334	17.84107784431138	33.026666666666664	0.0	18.9184	42.36	12.48445019404916	0.0	0.0	0.0	0.0	0.0	0.0	0.0	0.0	42.36	0.0	16.87087719298246	52.24	15.487815315315316	0.0	0.0	0.0	0.0	18.55333333333333	19.95142857142857	43.8	0.0	0.0	0.0	0.0	10.89245033112583	18.05230057803468	17.29367088607595	54.720000000000006	0.0	0.0	19.313818181818185	0.0	0.0	22.160000000000004
17.84375	0.0	36.52555555555556	26.419191919191924	2.155749296068412	5.947688576601718	22.961479915433408	4.871482258346443	28.96524590163935	23.280495049504957	13.49812097812098	19.999099715099717	12.653282442748091	4.967534799011318	10.776962925342817	34.120000000000005	33.160909090909094	18.09130044843049	26.82038461538461	24.8576833976834	29.654285714285717	33.4	33.189480519480526	27.112614555256062	0.0	20.613364705882358	32.720000000000006	27.77530506721821	2.983576751117735	23.730731707317076	18.9184	0.0	32.52571428571429	3.601197835628528	41.1	0.0	0.0	48.324444444444445	0.0	48.78	37.120000000000005	53.05	32.88	46.0	0.0	45.08	0.0	44.940000000000005	0.0	47.88	0.0	0.0	0.0	48.94666666666667	0.0	0.0	0.0	40.49906976744187	0.0	0.0	0.0	45.05538461538463	0.0	0.0	0.0	0.0	0.0	0.0
6.871914893617022	0.0	26.086666666666662	15.58042642432716	0.0	19.800868217054266	12.357895295366117	19.062814814814818	12.574956245027844	17.266829527349977	29.286153846153848	19.074193548387097	38.040000000000006	24.322142857142858	21.05454545454545	15.393333333333334	18.587200000000003	32.32000000000001	21.125517241379317	16.250057142857145	18.365714285714287	13.37111111111111	23.727631578947367	13.326536412078152	0.0	34.513103448275864	26.608717948717956	13.462613850282375	3.442306154142856	6.325221674876849	42.36	32.52571428571429	0.0	4.080655313645183	26.92	0.0	0.0	31.475	0.0	32.26285714285714	26.850625	33.843	15.05265536723164	30.824	0.0	36.6	0.0	32.8	0.0	25.640000000000004	0.0	0.0	0.0	30.52	34.216	23.520000000000003	0.0	23.745917721518985	0.0	53.32000000000001	35.440000000000005	26.66386363636364	29.434929577464796	27.789787234042556	0.0	0.0	26.69333333333333	30.69333333333333
10.587689977278464	14.546666666666669	9.413915523079666	17.209315732758622	2.2938177556401995	7.565220803525612	13.858402720338203	10.82013005295971	13.263513405362149	18.174496255833304	4.931342516562211	16.05190072778199	6.470802464861872	7.725239881379572	7.007222521068675	12.135945485519592	6.199455936525928	9.805605095541402	6.654044876795301	17.857695733708393	7.808020096313117	10.313150684931507	9.052735266949934	12.697673938002298	5.914666666666667	10.144251626898049	10.67479258155057	11.515269101484307	5.765206285392102	4.915330755222721	12.48445019404916	3.601197835628528	4.080655313645183	0.0	26.19025641025641	12.653333333333332	20.282758620689656	35.025454545454544	0.0	36.71	27.69818181818182	35.57980952380952	15.697625754527165	34.72857142857143	50.21333333333333	37.96	0.0	34.517288135593226	0.0	17.820833333333333	21.380000000000003	0.0	0.0	34.276	23.367692307692312	13.463272727272727	20.51555555555556	24.10927774515561	21.880000000000003	21.07076923076923	18.92857142857143	26.628852459016397	29.593939393939397	26.693448275862075	0.0	0.0	0.0	33.60333333333334
25.53052631578948	24.8	35.230000000000004	26.875	0.0	34.2752	25.752500000000005	35.24	14.288311688311689	31.990769230769228	0.0	33.66666666666667	30.640000000000004	32.861935483870965	26.24	24.988571428571426	34.7	0.0	0.0	28.68	26.44909090909091	16.902222222222225	33.4	22.771744680851064	0.0	32.45	34.324	24.422490842490845	30.654901960784315	26.21090909090909	0.0	41.1	26.92	26.19025641025641	0.0	22.907692307692308	21.012108108108112	14.734077642391616	0.0	17.931313131313132	6.657907557212883	13.028901220865706	11.418425760286226	14.297529330572807	18.80380281690141	14.476751740139212	32.82000000000001	3.7053619458109326	18.051428571428573	14.947312775330396	19.68842696629213	25.930657439446367	22.935381882770876	13.130785931393834	13.805217391304348	13.664782608695656	18.205897294312532	12.764696682464455	27.068571428571424	24.919537830786435	24.96207228915663	13.48149609358139	3.486701391853813	5.907510716777988	28.72888888888889	18.695	4.976867469879519	9.321824486529742
0.0	2.4399273167777107	11.305122883670126	0.0	0.0	0.0	28.440000000000005	35.36	26.5	0.0	9.64	0.0	10.36164383561644	33.32000000000001	0.0	14.0	12.742260869565218	14.080000000000002	10.3376	0.0	0.0	2.0696296296296297	12.853225806451611	0.0	5.811593794076164	11.16701421800948	9.569361963190186	22.6	0.0	0.0	0.0	0.0	0.0	12.653333333333332	22.907692307692308	0.0	8.214739583333335	31.3	25.004	25.104000000000003	21.87198847262248	29.68244897959184	13.31219512195122	34.59	9.602857142857143	17.338426966292136	7.672256981900995	25.57665071770335	19.352846347607056	10.245134328358208	8.003566519823789	10.974021739130436	6.53924684159378	31.306666666666665	17.2368281938326	6.3357989942849295	10.962751322751323	14.90857650868912	4.998939674495664	6.484004690706539	5.385388463711541	18.33464949928469	23.08324324324324	19.544128113879005	11.858133333333331	0.0	21.37538461538461	10.723803278688523
0.0	10.426875	18.67508917664305	0.0	0.0	0.0	35.14	52.44	32.32000000000001	40.84	0.0	43.36	17.18	48.120000000000005	0.0	18.360000000000003	20.983777777777775	27.140000000000004	22.55428571428572	0.0	27.73777777777778	9.778053097345133	20.18203007518797	35.32727272727273	15.7	19.071978891820585	17.385272425249173	32.095000000000006	40.053333333333335	0.0	0.0	0.0	0.0	20.282758620689656	21.012108108108112	8.214739583333335	0.0	23.524736842105263	0.0	25.031037974683542	17.49448696129564	23.74051504809184	24.332631578947368	23.513196850393705	31.423768115942032	29.372857142857143	25.78666666666667	22.706248200403117	22.520000000000003	11.5296	6.7308946579725415	14.911537807986406	10.378620983187911	23.949230769230773	11.518990391510112	8.311811023622047	7.183513567696972	17.521683168316834	12.487272727272728	7.781304444149055	6.728659001787287	15.831107937301391	28.033691886964448	12.860623545835272	16.175327102803738	35.38153846153846	28.92	11.048584842387658
30.880000000000003	0.0	36.120000000000005	30.59611650485437	0.0	34.29908713692946	28.197349397590365	36.98247191011236	17.010502645502648	33.15211940298508	52.38666666666667	32.33287356321839	43.28	41.38476190476191	42.220000000000006	40.760000000000005	0.0	56.68000000000001	0.0	31.231372549019607	34.08	31.72000000000001	38.065000000000005	26.061531565184914	0.0	51.4	41.5	29.98698412698413	37.945641025641024	32.88	0.0	48.324444444444445	31.475	35.025454545454544	14.734077642391616	31.3	23.524736842105263	0.0	0.0	11.291489529830107	9.550078988941548	17.751321009310484	12.583077417282365	6.363533121826203	29.81731773177318	8.475920418169295	31.906666666666663	20.39482237201676	14.817272727272728	12.45	29.06	32.78436781609196	31.490769230769228	2.9172761030379237	19.82	12.52	21.882512077294688	5.498545464395027	35.626666666666665	33.128806584362145	31.718373983739845	4.60361256914205	18.24910283315845	18.85784172661871	36.097142857142856	27.89454545454545	18.59762376237624	18.415915250061595
0.0	0.0	0.0	0.0	0.0	0.0	0.0	0.0	0.0	0.0	0.0	0.0	0.0	0.0	0.0	0.0	0.0	0.0	0.0	0.0	0.0	0.0	0.0	0.0	0.0	0.0	0.0	0.0	0.0	0.0	0.0	0.0	0.0	0.0	0.0	25.004	0.0	0.0	0.0	2.5670138932944235	23.388571428571428	2.9799681832643974	8.790949720670392	24.01142857142857	14.52	10.32943231441048	0.0	11.2	3.092022778389243	0.0	0.0	0.0	0.0	23.57333333333333	0.0	19.38857142857143	36.36	13.878666666666666	0.0	0.0	27.5075	25.592	4.745	0.0	0.0	2.7793731958762886	0.0	2.724874048037493
31.160000000000004	0.0	0.0	32.74806629834254	0.0	37.875402298850574	30.14054794520548	39.06358974358975	19.122930402930404	34.88072727272727	55.48	33.410158730158734	31.68	40.604	42.36	33.07333333333334	0.0	0.0	31.866666666666667	33.86938775510204	39.7	22.56	40.008	26.97979094076656	0.0	35.8	32.58	31.657643097643103	37.98746268656716	29.640000000000004	0.0	48.78	32.26285714285714	36.71	17.931313131313132	25.104000000000003	25.031037974683542	11.291489529830107	2.5670138932944235	0.0	8.77768093385214	4.470865299907554	15.201629032258063	5.909278851757497	16.1442499722006	6.356591092906155	21.448098159509208	7.141499733944579	3.225652657327108	19.63118644067797	25.3105723905724	22.487590987868284	25.92414507772021	10.672852201442224	21.215362318840583	20.54133333333333	21.88500261096606	12.827268798617112	20.58	25.07263447585689	24.79020114942529	12.128265895322818	10.805345983293805	22.55786910197869	24.623703703703704	5.9306960514233245	21.473333333333336	7.690015151515152
25.65543859649123	23.933333333333337	31.10714285714286	27.73861635220125	0.0	31.803478260869564	24.990729613733908	33.12732394366198	13.886122448979595	29.98330708661417	46.693333333333335	28.427586206896557	36.392	32.42	28.0	25.12184615384616	0.0	50.28	40.38666666666667	28.01538461538461	26.855686274509804	18.35483870967742	31.894545454545455	22.39370774263904	0.0	33.76148148148148	32.48921212121213	25.282623539982037	30.983125	24.909019607843145	0.0	37.120000000000005	26.850625	27.69818181818182	6.657907557212883	21.87198847262248	17.49448696129564	9.550078988941548	23.388571428571428	8.77768093385214	0.0	7.863406352073492	10.685028355387525	3.733502218290509	25.23608355091384	10.253256704980844	32.09163636363637	7.568179774758816	15.625	13.763753846153849	17.928362755278645	26.20263539921832	20.35636269430052	9.37360824742268	9.058370322580648	13.933333333333334	14.193462372478766	9.130043480096248	26.26344827586207	22.61221088484464	22.66345215462611	6.916639175363683	13.409783867913934	5.089316939545805	29.916818181818183	22.76672	14.662222222222224	13.65858977913317
32.67473684210527	46.440000000000005	41.21	33.213150684931506	0.0	37.96889830508475	30.675698924731183	38.589615384615385	19.98709976798144	36.14039603960397	50.024	34.090947368421055	36.168000000000006	42.33260273972603	28.48	30.11178082191781	0.0	0.0	0.0	34.99475409836066	32.7888	24.103703703703708	37.28666666666667	27.63405143875732	0.0	42.71	37.572	31.74690831556504	37.6170403587444	31.67230769230769	0.0	53.05	33.843	35.57980952380952	13.028901220865706	29.68244897959184	23.74051504809184	17.751321009310484	2.9799681832643974	4.470865299907554	7.863406352073492	0.0	16.972710280373832	11.498017276087992	15.462695123851068	15.102921831102297	20.31384615384616	5.500044105797369	6.308017118402282	20.61182879377432	25.037599738391105	25.67597571552472	28.613804889627342	16.710712877583468	19.59192290041303	20.11914438502674	21.484086783131456	15.080456553755525	21.978947368421053	28.01243057020319	28.06356343792633	13.29277882144631	9.531856054191364	14.899597633136096	26.780765027322406	4.2472153799939925	21.40329411764706	5.314637622619735
