1.0	0.3780745205733584	0.183642736338439	0.6093996586515326	-0.0872367806262268	0.288784267236375	0.5391778449504951	0.1149352056298988	0.3495497000628065	0.7092726838198874	0.3463473924728975	0.6389656601298485	0.0098380272274711	0.5394469260533843	0.1516428987312878	0.3473613454684532	0.5368285934449787	0.3541499328036981	0.5462578351527846	0.4156264411226461	0.4015268373325665	0.5677511508981834	0.4426068373875714	0.5813123814514098	0.2786136202474772	0.4382864178150435	0.2018123757515152	0.4906746796879504	0.6318487959632821	0.5073363839739389	0.243973912099933	0.0820889045795251	0.4491465506176347	0.577595959385754	0.4365452936935987	0.4791365038769924	0.3365109694740947	0.6451123565813607	-0.1314139306969779	0.3484562648914611	0.5493904412150705	0.0435602220134352	0.4149817451767197	0.7198153490663108	0.2786810921998847	0.5619821287506446	0.0920412375230268	0.5983886621489486	0.190023910683897	0.4346706547138265	0.3749322712803499	0.3182273088309925	0.545851877362074	0.5958970437361705	0.5463847772560603	0.5320590455881586	0.3668048181928501	0.6154202256822209	0.3479748190480508	0.5660670499739087	0.2110736143027554	0.444622986996336	0.5285559674915882	0.5439557092746797	0.0305886142003681	0.0232089023486434	0.2905439427448866	0.6046317492040834
0.3780745205733584	1.0	0.4751461384785788	0.4837425101350098	0.2277715543333859	0.2669782596839343	0.4867036135775108	0.2564082995171323	0.4033894013384235	0.3056783884365303	0.4265751930221604	0.261987943509808	0.1613741582417859	0.3670315564773372	0.3514605005776342	0.3265501564727464	0.3746962169811162	0.0086898473891639	0.4761354140876641	0.2038805940760118	0.3447193263986671	0.4297547634063342	0.3965311083555483	0.5116677723149781	0.6155573097315756	0.6687317426669487	0.5495869208122454	0.472418127817258	0.5116856377866018	0.4456710119315129	0.1271196541887204	0.2164153144021406	0.4343239545392063	0.5203052543781574	0.1962675720514473	0.7111554082079596	0.5113952775114022	0.4391590493173779	0.1259490270773803	0.4054434278533627	0.3755374080593711	0.2906590320818611	0.36435936067653	0.2584770393284684	0.4220571003086718	0.3621011153474816	0.238699637879781	0.3340370442316065	0.3504942024771567	0.3434395748494212	0.2940931829366956	0.2499763034145951	0.1982908508694549	0.3224634293040682	0.3378792985286665	0.4434953795372185	0.4076520007129377	0.4543660971414693	0.4736562800759175	0.4930455767504354	0.5108141652430718	0.3385955253548103	0.3902574746061201	0.3028175847271069	0.1625256321845753	0.2174051607109642	0.3229272174997504	0.5220387491272572
0.183642736338439	0.4751461384785788	1.0	0.2739873894930426	0.2068173102312073	0.1019974118920208	0.3588962421143563	0.2404523332942284	0.0069601834441324	0.0862628665290416	0.2566010873827064	0.0133116929745062	0.3141781255636745	0.2338826135109586	0.0568108576127356	0.611140467728902	0.1704867995782563	0.0243946320829488	0.3182763145518308	-0.0296860278600345	0.6988822788648722	0.4748945855680212	0.700108216319314	0.4136229795283122	0.3214189951164816	0.5531272751898971	0.6929644112895381	0.6347025513550905	0.2852989505431768	0.3668923698700611	0.036489843788955	0.1469932571379837	0.4106355317798021	0.1655527901099913	0.382877324541651	0.3110917062535231	0.8620677798654796	0.2534804432407159	0.0554339561962988	0.3346401426050626	0.2107828871661586	0.2955156982953154	0.0526800768512034	0.1655636731121612	0.3075590021614796	-0.0448289059032735	0.2738286602978296	0.1806895139008776	0.3739317316428904	0.5849622679353994	-0.0467339449323551	0.0723131065110395	-0.0719398201199452	0.0892846178702771	0.4401558124902465	0.5648195282927062	0.7417741097768857	0.3149990869158672	0.3383098893602195	0.2686642763797108	0.7193015849156051	0.5101990629687738	0.2280136251748752	0.1421987725653877	-0.1116913947817121	0.0755010927874318	0.1594949211679097	0.1689194911002117
0.6093996586515326	0.4837425101350098	0.2739873894930426	1.0	-0.0923279064794391	0.2655452742632775	0.763794536711976	0.1227882031906	0.4297829892228099	0.6782497881784879	0.3488990892629977	0.5738355855921745	-0.045741405196554	0.4622629444478717	0.2503600272930485	0.4281288048706652	0.5228587491935984	0.2223591423552287	0.4576269999096308	0.5053599899508157	0.4296409964185016	0.6591612539138301	0.5311283524148828	0.7703517397878056	0.3751998804124444	0.6081539634511809	0.2748423068417079	0.6527833328627249	0.6152457193894928	0.5937568015670506	0.3012374350906429	0.1087826344426454	0.3878974941407177	0.6000141948366355	0.3738599275241783	0.6202416883393658	0.4524088410419272	0.873077435258879	-0.0857484507177217	0.3259813278872316	0.7209706796022219	0.0788590416235331	0.4915645798434779	0.6706609004533843	0.2956445823107934	0.600445003713038	0.1087000168232432	0.5292006758652488	0.293088609190977	0.5027046030312251	0.4118514041274257	0.3184042436779936	0.5095176280915502	0.6016450199620361	0.5486288923768645	0.6271610330212446	0.4537963439402228	0.7180488585126839	0.4391507387799822	0.6702583218242885	0.3209053537673376	0.6246213043729604	0.5081755710377258	0.5822235360044961	0.0389564717367564	0.1198994605680003	0.3670065393202134	0.5768906562781165
-0.0872367806262268	0.2277715543333859	0.2068173102312073	-0.0923279064794391	1.0	0.4429935829009349	-0.0920797579814437	0.7216845076089063	-0.008470241807895	-0.0866924546283031	0.4363243425333937	-0.0914714757643491	0.5532684804142685	0.3759746227749071	0.2634749998053917	0.1514192028808097	-0.1098058646222861	0.044070048516692	-0.1454549671527386	-0.1382953323586918	0.1736043209946991	-0.2129341217785081	0.133011077440294	-0.1691212370557928	0.288196580712497	0.0070741587510669	0.6377475741565074	0.0060372011596016	0.1411067355561207	-0.2798644096609217	-0.1372770310392122	0.7272079344630089	0.0429476325642113	-0.0393406304726534	-0.031988627701458	0.1243694694067893	0.1547794830323999	-0.1470174506066401	0.797022789023528	0.5782350080972092	-0.3273099071856097	0.7491590916640001	-0.1817931432749899	-0.1370407547590826	0.5357803798626602	0.0495150116142719	0.499567423377529	0.3236298785783979	0.3103954081657353	0.2243060479148884	-0.2054776597865747	0.1490367615057459	-0.1855829071785803	-0.1485085247065342	0.0764396075505353	-0.1933408304854511	0.1448379138328593	-0.2409468802483385	0.07510138150708	-0.1027738604500173	0.5379346336584659	-0.1983200909433077	0.2415060847203436	-0.4233594776372124	0.2712340304722593	0.3960456989848085	0.139464555393427	0.0251986497595689
0.288784267236375	0.2669782596839343	0.1019974118920208	0.2655452742632775	0.4429935829009349	1.0	0.1609288383353417	0.5798959264613067	0.2360949223707635	0.3898144194928823	0.5924066009535944	0.3999468591668537	0.5059049381283242	0.6200151937636844	0.466731353218713	0.1545072880858109	0.0930005670217642	0.2774018849957327	0.0973083478851687	0.2353458956711836	0.1802861210251672	0.0897554816671263	0.2149856357442209	0.225184960305748	0.2915195739774719	0.1183033029181387	0.4099828533445001	0.1491576121681186	0.3866121470406181	0.0079926115577042	-0.0685259855587697	0.439535003551273	0.1014197116061203	0.1989753896325168	0.0835130971164509	0.3219554761800792	0.1513645335454354	0.2496608394289684	0.4758178525068547	0.6654402324077925	0.0419931540296038	0.5303330476235406	0.1395404208366669	0.3542019195531797	0.629225874678201	0.4635846648566875	0.5754631997649324	0.5849334259997893	0.3383908774527879	0.2549126443114458	0.0136181235482234	0.3305215757723185	0.150706306538687	0.2600438584694837	0.2155144870461334	0.0561459599366314	0.1361517419043442	0.2058016445317408	0.1846883699753376	0.2180616981606118	0.3952069925786195	-0.0098682809670432	0.4548289227149901	-0.0166243421921831	0.2905867891495077	0.2609452028936046	0.1654679695491266	0.3120768248620697
0.5391778449504951	0.4867036135775108	0.3588962421143563	0.763794536711976	-0.0920797579814437	0.1609288383353417	1.0	0.1229492429307513	0.6443515117346743	0.6439739685082402	0.2567730433518563	0.4125067759868817	-0.0433491141120225	0.4637311043528633	0.3425071706352305	0.4384759186383164	0.6734769815616047	0.2805861722859712	0.6346114070913587	0.4805443051635349	0.4802800973637763	0.7445188093369188	0.5194428858119093	0.8604220008394492	0.511457984047272	0.6749100896484156	0.3125711233503198	0.7199262870124502	0.5514871665407598	0.7162977763695456	0.4593891369604633	0.0265429039549097	0.414674642680654	0.6118922016826429	0.4282651413154488	0.5868400428481366	0.4766452187399014	0.798192029885087	-0.1706804373543217	0.2654931885724139	0.8733921412655464	0.0176911160670642	0.6465700953865996	0.612269582616242	0.2411574931441324	0.5303895694239413	0.2233279720307614	0.4772257385312443	0.2784626911106532	0.4804562353797274	0.4750994037958135	0.339836813061491	0.5094259486213688	0.5602016521712726	0.5203963730088813	0.680431796330883	0.4400523055236598	0.8114373707697087	0.4528104194925304	0.6527062501339198	0.3413192880181681	0.7007520335501722	0.4800666446034264	0.6518913978218215	0.0896624581429633	0.2099949266946221	0.3872871916710563	0.597953828018689
0.1149352056298988	0.2564082995171323	0.2404523332942284	0.1227882031906	0.7216845076089063	0.5798959264613067	0.1229492429307513	1.0	0.1444878926521829	0.16224097797721	0.6422151985924904	0.0437038645855802	0.647859369383325	0.6169859881394816	0.3932862126622102	0.2719575203375426	0.0001865054279167	0.1983813864601051	-0.0299107171057031	-0.0526593437805064	0.2666768382714746	-0.0385465879500854	0.2572707149063017	0.0545754435019029	0.3622800465740036	0.1316664471844645	0.6839715744853125	0.234488217345577	0.3023667177337195	-0.1213890719321323	-0.095270659246177	0.6682314161280392	0.07154212129712	0.1207147266336444	-0.0038567997566983	0.2844217490620258	0.2508603431936985	0.0772819331272379	0.7532550165329341	0.6919821865276419	-0.1221136432352722	0.85930531868398	-0.0190253737375891	0.0899151772718322	0.6917168735591039	0.2681996450365697	0.6100807810957397	0.539314473697365	0.3044167181133749	0.3977713340501737	-0.1587538559796931	0.2992435404092443	-0.0426737799196514	-0.0263224357430607	0.2057358264501272	-0.0528653439802484	0.2195554186622625	0.0044978004589406	0.1859286467813929	0.0776785585002306	0.6110687865421757	-0.0090249496960617	0.3584138940874832	-0.2569581156425036	0.3683726648729034	0.3944107570843154	0.1268749085506174	0.1458818651810116
0.3495497000628065	0.4033894013384235	0.0069601834441324	0.4297829892228099	-0.008470241807895	0.2360949223707635	0.6443515117346743	0.1444878926521829	1.0	0.5057503522194189	0.2727478416891732	0.3650002548769968	0.141406908808189	0.4270380721277405	0.4370459177486581	0.1051041247401243	0.5098657804778836	0.1468662430268341	0.5184029511942309	0.4288774497178715	0.0465154661336667	0.4335048558108351	0.0996637709264164	0.6481208246899344	0.640975762030422	0.4947199168030695	0.2222107954373116	0.2673951588435973	0.3700512588545409	0.3510534905567699	0.3715087381752199	0.027990923055977	0.2257252504105605	0.477417725430511	0.2107616657723336	0.4814654385863441	0.0664295587486161	0.5545319347599693	-0.0197646587367494	0.2533782395720136	0.5475937522045393	0.04678751089448	0.705652099771667	0.4229808916129716	0.2006445799369447	0.5807663045560443	0.3706535971173355	0.3961306961246724	0.1413906775439969	0.188704500741758	0.4259991414954063	0.2889503048591657	0.3564592467991547	0.4566515122310388	0.1944796845422096	0.29496983316933	0.0351033063416642	0.6348973717061863	0.4952408952576211	0.4830647176430949	0.1912744761933064	0.2443167172212839	0.3302585264308588	0.3785070885812646	0.3106965020879813	0.1411750505796384	0.2328432873097908	0.4991910190649909
0.7092726838198874	0.3056783884365303	0.0862628665290416	0.6782497881784879	-0.0866924546283031	0.3898144194928823	0.6439739685082402	0.16224097797721	0.5057503522194189	1.0000000000000002	0.386687638721618	0.753635544271823	0.0449484776344289	0.603261293052567	0.2590408978047051	0.3712176123513019	0.5567657031701124	0.4589148452994357	0.5591584963868066	0.5499168131197586	0.3788969664802177	0.596234472584711	0.471459630810342	0.6436468322797089	0.3239211546829633	0.4318235620717182	0.1891707238634828	0.5595759085208923	0.6450655477354319	0.5139314121108889	0.3866579844150374	0.0466698350111629	0.3505198388423746	0.6468784752235319	0.447963352494568	0.4932025102141134	0.2840554974883114	0.7840590696912423	-0.1263928537210302	0.4176664023038788	0.6521468165609027	0.0365847427315391	0.5241497469824249	0.91672673974442	0.3322743278075033	0.7694777125958192	0.2446845625243605	0.6592524596596515	0.2143911071868375	0.4720253373672057	0.4080810169696919	0.4045266511942816	0.616224616618307	0.7794037099630977	0.6094506888135427	0.5133404644886077	0.3282659597949426	0.7326771093541293	0.3753774000081118	0.649823009220125	0.2233833667792621	0.5195667738530795	0.5981333251947454	0.5693980329647552	0.1755054742869816	0.0411626103055214	0.28111490062249	0.6328016967112082
0.3463473924728975	0.4265751930221604	0.2566010873827064	0.3488990892629977	0.4363243425333937	0.5924066009535944	0.2567730433518563	0.6422151985924904	0.2727478416891732	0.386687638721618	1.0	0.3073424375206022	0.5144188043330203	0.6155952100771684	0.369955662755812	0.3840601403600645	0.2343340911760079	0.3307177568005173	0.1972635963427677	0.2092779492848784	0.3611373567808595	0.1833988263566124	0.4068644074124792	0.2731429841684167	0.3624522435007561	0.2836461885140376	0.6071820677241877	0.2867600682943961	0.473177754889483	0.1084823245941253	-0.0036911602943078	0.4273864091950363	0.306282975136061	0.3256459424886755	0.1605004736873772	0.4707993881537839	0.3044910688326041	0.2917165275059787	0.4570690259580305	0.6162548322760342	0.0785794041951784	0.6046487363131243	0.2184338427185568	0.354630964447033	0.7450707373999895	0.3954233398161438	0.5768135463035307	0.5954019699396291	0.3696008786682704	0.4565054690553026	-0.0033523657627389	0.3725590446173282	0.1423830233002933	0.2528156482267456	0.3740662927345968	0.1781140212383926	0.3372742836037145	0.2330656439236514	0.3150965752506968	0.2842012161624811	0.5317893696746311	0.0778915520584674	0.4792970249004397	0.0483448683772447	0.2967130817691751	0.1524902626532367	0.166317971047948	0.3267109158092935
0.6389656601298485	0.261987943509808	0.0133116929745062	0.5738355855921745	-0.0914714757643491	0.3999468591668537	0.4125067759868817	0.0437038645855802	0.3650002548769968	0.753635544271823	0.3073424375206022	1.0000000000000002	0.1010693641997998	0.5087818677297458	0.1792887310647507	0.2196256979547015	0.4296430026380797	0.2924224763191663	0.4586936304411824	0.6468147973413587	0.2487095165344932	0.4885357304003042	0.3470945742676505	0.5055563445484662	0.2362771408215197	0.2479649458887798	0.115339013388647	0.3461024715649585	0.4830473603648236	0.37983907857027	0.3007362834946069	0.0593904354527729	0.3501837170194788	0.4486306192526353	0.3270418126603145	0.3271851622996907	0.2039176036660598	0.6034777498030794	-0.0594256145637446	0.4101614128456898	0.4460677696440359	-0.0013328934822107	0.3484678159775154	0.7445465403497062	0.2451735641062963	0.8012738120330553	0.2501194320490015	0.594787517891922	0.1911909707541513	0.3358106728946232	0.3792630005345915	0.3099214584447982	0.4834719543742533	0.7952191466133556	0.4738333717126785	0.4319813338072386	0.2228304923070938	0.5571315441697583	0.2661355056098624	0.4280590268858659	0.1291071203269254	0.3003487061352112	0.4824890051683265	0.4131454515481562	0.123954617721039	0.0473523240410797	0.2177359057426529	0.5300367724042461
0.0098380272274711	0.1613741582417859	0.3141781255636745	-0.045741405196554	0.5532684804142685	0.5059049381283242	-0.0433491141120225	0.647859369383325	0.141406908808189	0.0449484776344289	0.5144188043330203	0.1010693641997998	1.0	0.5055474045929973	0.2222286306465232	0.1294885768507248	-0.1484846003016548	0.0695589555456597	-0.0325820380185653	-0.0056149343802621	0.1810292414509262	-0.1069065393671555	0.1296682704366302	0.0182104978236096	0.3573153222218192	0.0697801979827908	0.5742646950679239	0.0464160930244139	0.048241423771884	-0.2285131438336103	0.0073888654625111	0.4019895446542564	0.0387200717027931	-0.1371977443996825	-0.0245855019146982	0.0069096813963304	0.210628172901787	-0.0478916421179489	0.5136150813984639	0.5284335012102287	-0.2512066741639358	0.6224098800743993	-0.0484829303772237	0.0079159751647117	0.5508371399777346	0.1437174035476319	0.7399077426837659	0.3836052791126739	0.2259046385254771	0.2154889371823337	-0.3221987797058626	0.1251515304943796	-0.2569494971594488	-0.0251388811400446	0.0279486990759271	-0.0759363190267565	0.0839977201098634	-0.0619330303726331	0.2311923196621365	-0.0972607159792808	0.5066032466395717	-0.1768640095509196	0.1427220257808345	-0.368669943885229	0.296701962813696	0.1767649296844013	-0.050498549622094	-0.0883916451190724
0.5394469260533843	0.3670315564773372	0.2338826135109586	0.4622629444478717	0.3759746227749071	0.6200151937636844	0.4637311043528633	0.6169859881394816	0.4270380721277405	0.603261293052567	0.6155952100771684	0.5087818677297458	0.5055474045929973	1.0	0.3423715243679205	0.3234377144656778	0.4073302126342746	0.3973926170955311	0.4340604233107042	0.3758233787980826	0.378347563055184	0.3621955086010297	0.4116130643915558	0.4724748254376831	0.4642428640449598	0.3381075912599733	0.5376112173589344	0.4106053134276248	0.5645401619737104	0.2038753901463104	0.193837344606689	0.4271785022744263	0.2697827347282142	0.4548014081342671	0.3246745799727498	0.4813984800400539	0.3386402605091673	0.4802701982071226	0.3430001277009595	0.6603277823268563	0.3257838743292133	0.4941953655427518	0.3010180989248159	0.5797761363192874	0.5726651180244344	0.54534854549427	0.5603972313336694	0.8410239405599388	0.3696886270147546	0.4689283518657483	0.1729571655508807	0.4194280100623411	0.382704253177943	0.4556395276832908	0.3988007005533597	0.3253213112994456	0.2860332639431589	0.4292301084341781	0.4268356828851709	0.4190928620046342	0.5141792297265511	0.198931723436395	0.5890920540614483	0.1776131299194841	0.3078427431380018	0.3072944429310972	0.2080839287351053	0.4448535194770007
0.1516428987312878	0.3514605005776342	0.0568108576127356	0.2503600272930485	0.2634749998053917	0.466731353218713	0.3425071706352305	0.3932862126622102	0.4370459177486581	0.2590408978047051	0.369955662755812	0.1792887310647507	0.2222286306465232	0.3423715243679205	1.0	0.1199050327767255	0.3261026274434415	0.260719721240967	0.3193940266210725	0.1561720246066229	0.0751273301516584	0.1422190748696209	0.1424083173330056	0.2903956357144927	0.4225323078225693	0.3292857945284061	0.2977482543275537	0.1976820214348653	0.3643766999908122	0.108376305942126	0.1056672815065036	0.2320377114328426	0.0828850066655632	0.284741394825748	-0.0365017505661985	0.3864845944577084	0.102638576190229	0.299228013506052	0.2312081414629747	0.4254253283871114	0.2378500227167357	0.2778593288316692	0.3389480341482114	0.1864954106037784	0.3925009569071916	0.3574367221667195	0.431405736952423	0.3653451744525237	0.4305141709563951	0.1485730228731497	0.3011129783914618	0.2628253452321182	0.3017460936874521	0.1206241111494458	0.1320623882949787	0.0944984424383291	0.1031060798492663	0.2985005420268504	0.2768335383112469	0.336455899275072	0.3189656363983002	0.1377209403045136	0.4483806699448137	0.1554481980327663	0.3099819395270463	0.3153807220311705	0.3288817815611731	0.4217612276707789
0.3473613454684532	0.3265501564727464	0.611140467728902	0.4281288048706652	0.1514192028808097	0.1545072880858109	0.4384759186383164	0.2719575203375426	0.1051041247401243	0.3712176123513019	0.3840601403600645	0.2196256979547015	0.1294885768507248	0.3234377144656778	0.1199050327767255	1.0000000000000002	0.2629425778615382	0.3250441992741541	0.2984389352687687	0.1685792869246384	0.8427675208874466	0.6066343667373878	0.8819988762771883	0.4883545755525706	0.182761578715373	0.3936575193497304	0.5868771879123046	0.7730640367305682	0.3890347321117161	0.4648557272187783	0.2238674378660873	0.1463572612895783	0.4032304403779391	0.2730882048543394	0.3529190199759047	0.3370365688345397	0.659767064218938	0.373381904538189	0.069733462121499	0.3205348227319542	0.3962902153206225	0.2730596035465547	0.1841091574724306	0.4608824994502958	0.3076954907792814	0.1906969394833269	0.3178062308438514	0.4455794559934403	0.34344905097707	0.8479894465951493	0.1335957839765109	0.1834736331475213	0.2341416198441046	0.2973268348272503	0.7993684113101334	0.5990433872321919	0.8500955603543714	0.5419939042994655	0.2021201141527445	0.3623228853886753	0.617852670637234	0.7081051237913489	0.4538188767552464	0.4024247907168551	0.1251595709874006	0.0163068311242954	0.1522392100053716	0.3908392587524897
0.5368285934449787	0.3746962169811162	0.1704867995782563	0.5228587491935984	-0.1098058646222861	0.0930005670217642	0.6734769815616047	0.0001865054279167	0.5098657804778836	0.5567657031701124	0.2343340911760079	0.4296430026380797	-0.1484846003016548	0.4073302126342746	0.3261026274434415	0.2629425778615382	1.0	0.3957295404254807	0.6705382420903063	0.4383017183120038	0.323055760738234	0.5921927558469301	0.4015579320789366	0.5734348402130176	0.327605339787859	0.5315386286997952	0.1773074376439384	0.4427810807197031	0.5581255725980768	0.5557051688479456	0.3564056666217673	0.005566107432448	0.3668650836459844	0.6246243796695198	0.4493962608787675	0.5481916988017275	0.3057137802505115	0.5661166514262582	-0.2057467380638434	0.163319931437884	0.6453784160332569	-0.1138768769473732	0.5137732609263034	0.5635524422130801	0.134389580985527	0.4491704755443287	0.0674402431556611	0.4612342821187424	0.2620456401600137	0.3073208967956025	0.5778314789316925	0.3123540449079949	0.6747246565214245	0.532774538338215	0.4113118671386674	0.5406007514414446	0.3345169605445459	0.5794177770781286	0.3448984206106475	0.6655034145232106	0.2222024691867943	0.4487848580246661	0.4967616912157247	0.6149686949675616	0.0527779036768832	0.0901031568544573	0.3491875529876619	0.5919497757613591
0.3541499328036981	0.0086898473891639	0.0243946320829488	0.2223591423552287	0.044070048516692	0.2774018849957327	0.2805861722859712	0.1983813864601051	0.1468662430268341	0.4589148452994357	0.3307177568005173	0.2924224763191663	0.0695589555456597	0.3973926170955311	0.260719721240967	0.3250441992741541	0.3957295404254807	1.0000000000000002	0.3254092932985507	0.1754036830658761	0.2671283348977858	0.2529697995381318	0.3078535514721116	0.1766178285539446	0.0805457423747831	0.2387472030404722	0.202106715385227	0.2426519134741658	0.3403774250902557	0.1374029561578425	0.2705643787464196	0.0689834631490611	0.1727057396883043	0.2726689014956833	0.1821698601839362	0.2105288872214916	0.1192263821531866	0.267129263332738	-0.047072477433158	0.1536503658753437	0.2781715396821357	0.0605195075147962	0.214169947751613	0.4610648687714299	0.2906073544344004	0.3017971133082654	0.2643943043723593	0.5040143454616584	0.1644062430563978	0.379930867879463	0.273812497016042	0.4446787795198194	0.4965256848944725	0.2314853422092832	0.3656671751808592	0.2453136100489354	0.2353676016780344	0.2465518601997998	0.1276803529637035	0.385828435446864	0.2475769961903293	0.1876762918041423	0.3922966996017984	0.2481926670872205	0.0730880293952653	0.0351349963197369	0.0847496991518929	0.3405100075268011
0.5462578351527846	0.4761354140876641	0.3182763145518308	0.4576269999096308	-0.1454549671527386	0.0973083478851687	0.6346114070913587	-0.0299107171057031	0.5184029511942309	0.5591584963868066	0.1972635963427677	0.4586936304411824	-0.0325820380185653	0.4340604233107042	0.3193940266210725	0.2984389352687687	0.6705382420903063	0.3254092932985507	1.0	0.402947154955233	0.3380750951675442	0.5816441235958175	0.3982562609784479	0.622448040070817	0.5120330114296505	0.651007762187192	0.2687214165953341	0.4669373628000379	0.5087077272769807	0.5071981027414841	0.4100394496392952	-0.0889570244085065	0.3644796194476272	0.5742255176803039	0.3895032200037712	0.5157239577371941	0.3821720403735931	0.5458323571708114	-0.2791047247880574	0.1628121792552077	0.6200019777952408	-0.1462993478502637	0.4573814762595815	0.5270869161850753	0.1340008201138172	0.4679134579139045	0.17260234813971	0.4122162204520662	0.2181367662177639	0.3566228742895779	0.5541953412362314	0.3134895070739155	0.5726252521476104	0.552772437409218	0.3848324112782175	0.5626710619744948	0.3330990955968912	0.6211106265741346	0.4641435161260152	0.5895787319852127	0.2676518678580103	0.4525406675072876	0.4219132275194553	0.5407950828862662	0.0644422192818153	0.1357833172137324	0.275629691897565	0.5833451758196234
0.4156264411226461	0.2038805940760118	-0.0296860278600345	0.5053599899508157	-0.1382953323586918	0.2353458956711836	0.4805443051635349	-0.0526593437805064	0.4288774497178715	0.5499168131197586	0.2092779492848784	0.6468147973413587	-0.0056149343802621	0.3758233787980826	0.1561720246066229	0.1685792869246384	0.4383017183120038	0.1754036830658761	0.402947154955233	1.0	0.1331338846814934	0.4224270797909746	0.2401206020443887	0.5262559386494979	0.2027957171479843	0.1780779960231464	0.0224589726087041	0.2376904376427603	0.3525458214569984	0.325892334637539	0.3238372291812678	-0.0538380288135853	0.248643675492334	0.3362404612989236	0.2636776729053098	0.2573489454616591	0.1505956455723405	0.5315680263886831	-0.1552256528214602	0.2060286069762982	0.4693056342632906	-0.1432642275892499	0.4002028960857001	0.5801845662896807	0.0921773818995433	0.539206834857716	0.2414644049502537	0.3988900992389435	0.1784788196503886	0.2157509388301027	0.3336260441146798	0.2105829605676383	0.4591329937393433	0.708739954773787	0.3121746129749291	0.3566232272691344	0.1868034026544382	0.5299551212185287	0.3089180578296389	0.3880591716786587	0.0844040340318658	0.2512176969313017	0.3733468009652733	0.3954648052298826	0.0622660325893036	0.155186655070884	0.1988532216487505	0.4208380409580555
0.4015268373325665	0.3447193263986671	0.6988822788648722	0.4296409964185016	0.1736043209946991	0.1802861210251672	0.4802800973637763	0.2666768382714746	0.0465154661336667	0.3788969664802177	0.3611373567808595	0.2487095165344932	0.1810292414509262	0.378347563055184	0.0751273301516584	0.8427675208874466	0.323055760738234	0.2671283348977858	0.3380750951675442	0.1331338846814934	1.0000000000000002	0.6427784040477376	0.9082195874877153	0.4730133678040173	0.1424806650628398	0.4343637539407068	0.5827854149380773	0.7996421853721618	0.483838024727147	0.5739028417293519	0.2222609585991207	0.1765557853168758	0.4754608933669311	0.3216340111327969	0.3981945729155421	0.3479853171274322	0.7327918514681317	0.3910427523463554	0.0654042596907903	0.3878962505039889	0.4016231774592102	0.2772264275034301	0.1429696637873714	0.4544893722135518	0.3396788168442015	0.1517564176821579	0.3205463764909537	0.4499602294658258	0.3722015977753259	0.7890708707224243	0.1306100289146929	0.1555175173042529	0.1987204301582253	0.300187794545971	0.8128750757312018	0.6816045567899177	0.8349695186411155	0.490208948560458	0.2012095043649678	0.3533030867860036	0.5957556763328087	0.7178239067213674	0.5190305165367661	0.4261072945852688	-0.0086141092460323	0.1055395756518729	0.2567674406002475	0.4163544860682791
0.5677511508981834	0.4297547634063342	0.4748945855680212	0.6591612539138301	-0.2129341217785081	0.0897554816671263	0.7445188093369188	-0.0385465879500854	0.4335048558108351	0.596234472584711	0.1833988263566124	0.4885357304003042	-0.1069065393671555	0.3621955086010297	0.1422190748696209	0.6066343667373878	0.5921927558469301	0.2529697995381318	0.5816441235958175	0.4224270797909746	0.6427784040477376	1.0	0.7026010798552742	0.7911804094511505	0.302919340479505	0.589835126800029	0.2952945202371633	0.7389692357707338	0.5300656216041214	0.7647634848676085	0.4103253526197963	-0.0611833329917743	0.5183436766752494	0.5782774857036141	0.4795132044817738	0.4977196882568252	0.5914922964373863	0.671125034263036	-0.2797779163666193	0.2494245551966037	0.7632751175759723	-0.0847944948696122	0.4880754918837344	0.6477093096716314	0.0980510187981982	0.4334301261133589	0.1493653648051624	0.4220191731426059	0.251198429956353	0.610461133016499	0.4682556816873773	0.1745663898371421	0.4867020195542486	0.6094048380385026	0.7065150789734118	0.896825370065059	0.6335677899081616	0.7828068133480407	0.3706424689582308	0.6005256764243336	0.3564794895624662	0.765764861308395	0.474399007115961	0.7438464859985757	0.0102324610283989	0.0740337965980759	0.3167883695480561	0.5869886139009364
0.4426068373875714	0.3965311083555483	0.700108216319314	0.5311283524148828	0.133011077440294	0.2149856357442209	0.5194428858119093	0.2572707149063017	0.0996637709264164	0.471459630810342	0.4068644074124792	0.3470945742676505	0.1296682704366302	0.4116130643915558	0.1424083173330056	0.8819988762771883	0.4015579320789366	0.3078535514721116	0.3982562609784479	0.2401206020443887	0.9082195874877153	0.7026010798552742	1.0	0.5426492556043899	0.1888487787337206	0.4751248318977574	0.5999744671949304	0.8315213209087824	0.5491713524193708	0.5928510882561591	0.1883347050190949	0.1868439839281892	0.4919357176295102	0.4000113189758656	0.4186974377555338	0.427879481734093	0.7761138002576781	0.4737478497176006	0.0347694402491184	0.4175357737194541	0.4552552012938355	0.2590906432718481	0.1955712534358672	0.5672943417898367	0.3521692077652845	0.2588480174235076	0.3058958755588793	0.4975467506322032	0.4503555304853208	0.8408038249194656	0.1851352980870734	0.2096352118865042	0.3531658927276494	0.4193066127850186	0.8561595956666855	0.7243767288076587	0.9138602519089172	0.5803543717222504	0.2743630082292119	0.4888272345466715	0.6533028052991655	0.76078814636876	0.5854543926345815	0.5001390680505577	0.0310240818265246	0.0678949977160341	0.3006186445584573	0.5123079809003671
0.5813123814514098	0.5116677723149781	0.4136229795283122	0.7703517397878056	-0.1691212370557928	0.225184960305748	0.8604220008394492	0.0545754435019029	0.6481208246899344	0.6436468322797089	0.2731429841684167	0.5055563445484662	0.0182104978236096	0.4724748254376831	0.2903956357144927	0.4883545755525706	0.5734348402130176	0.1766178285539446	0.622448040070817	0.5262559386494979	0.4730133678040173	0.7911804094511505	0.5426492556043899	1.0000000000000002	0.5092087981394353	0.6411472983212505	0.3146524611868702	0.7389216082503913	0.4977082287216691	0.6985525783379269	0.4000302111281842	-0.0331833883225257	0.4206150965435515	0.5452387429246162	0.4559376120628566	0.5817256267298079	0.5128847230434926	0.8201308201402786	-0.2024897983116288	0.2710768338320155	0.8202590482848885	-0.007220351852124	0.6293155443218523	0.6522477195658004	0.1982632211872672	0.5306365595927549	0.2474620874682527	0.4776295469671097	0.24578668022075	0.5066708762390888	0.4244711061001925	0.2310469930409627	0.4368300000184424	0.5960343503380865	0.5398809465493805	0.7291051046049987	0.474709277371411	0.9176494730561232	0.4702535325261902	0.6096335444131598	0.3654783889478261	0.7202521833824815	0.427713896356948	0.6569782849379209	0.1053098704052494	0.0887085029143238	0.2733728889009915	0.5586909322830149
0.2786136202474772	0.6155573097315756	0.3214189951164816	0.3751998804124444	0.288196580712497	0.2915195739774719	0.511457984047272	0.3622800465740036	0.640975762030422	0.3239211546829633	0.3624522435007561	0.2362771408215197	0.3573153222218192	0.4642428640449598	0.4225323078225693	0.182761578715373	0.327605339787859	0.0805457423747831	0.5120330114296505	0.2027957171479843	0.1424806650628398	0.302919340479505	0.1888487787337206	0.5092087981394353	1.0000000000000002	0.6243722496858746	0.5583864676359055	0.3074752583886809	0.4043003972216904	0.1782598649371044	0.2815362972702766	0.2645075015458989	0.3086005047617779	0.4376137916352927	0.1877250020680707	0.5636784743261161	0.2941362488729375	0.4052778229723843	0.1994045753657633	0.419932745770574	0.3105015290402528	0.2925787977181729	0.382836064225826	0.2354801390441898	0.3751575757346279	0.4268510521551389	0.4448571494698834	0.3794156569372942	0.2898797967402201	0.2726359660002194	0.2933698629838438	0.2846244483425791	0.1637620969609596	0.2864091708689664	0.1422812516102516	0.2693216212753699	0.1637717552546626	0.4025443043494329	0.6259612246472097	0.3637844060523111	0.4685544912743853	0.1713108330517099	0.3510725735309998	0.0988354222222092	0.2531068582836782	0.2381709549476746	0.3282300693732128	0.4141676179716289
0.4382864178150435	0.6687317426669487	0.5531272751898971	0.6081539634511809	0.0070741587510669	0.1183033029181387	0.6749100896484156	0.1316664471844645	0.4947199168030695	0.4318235620717182	0.2836461885140376	0.2479649458887798	0.0697801979827908	0.3381075912599733	0.3292857945284061	0.3936575193497304	0.5315386286997952	0.2387472030404722	0.651007762187192	0.1780779960231464	0.4343637539407068	0.589835126800029	0.4751248318977574	0.6411472983212505	0.6243722496858746	1.0	0.4956196450035105	0.5842249910936622	0.5050430479482863	0.5305121725633393	0.3634983653555893	0.0073207851850193	0.4492355118996512	0.54522205701022	0.4335903729938177	0.6361084669098239	0.602848402313424	0.6125925952831385	-0.0970028092110664	0.254494764832358	0.6157189226901251	0.1055733045609755	0.5141448818179138	0.3647799424638855	0.2967728023856033	0.3539755224153679	0.2063676285710044	0.3391948688687247	0.2945286145570203	0.4543072007647514	0.4616892220168369	0.4589529639345394	0.378173282900604	0.3588256726016491	0.4154334848588109	0.5681889631851741	0.4751660978509425	0.5692866545329058	0.5871309139334658	0.7627534113894348	0.5270446824534546	0.532431144597482	0.3680783964632724	0.4416280973086093	-0.0111839300183907	0.0834584043786897	0.3065523935959485	0.5454723205692824
0.2018123757515152	0.5495869208122454	0.6929644112895381	0.2748423068417079	0.6377475741565074	0.4099828533445001	0.3125711233503198	0.6839715744853125	0.2222107954373116	0.1891707238634828	0.6071820677241877	0.115339013388647	0.5742646950679239	0.5376112173589344	0.2977482543275537	0.5868771879123046	0.1773074376439384	0.202106715385227	0.2687214165953341	0.0224589726087041	0.5827854149380773	0.2952945202371633	0.5999744671949304	0.3146524611868702	0.5583864676359055	0.4956196450035105	1.0	0.4881126628411516	0.3887943233984343	0.0867302170885339	0.0512730504803932	0.5924872424327114	0.3803792393044243	0.2710899900420029	0.2629756029120769	0.4717927667925058	0.6647655247139443	0.2171020439175512	0.5512890193571057	0.6415084352530352	0.059494050178521	0.7275645996447567	0.0901946745532949	0.1924158869134597	0.6307643229788151	0.2295338920935196	0.595275056933573	0.5185975047843011	0.4316433300622288	0.7005444729785363	0.0225712971894888	0.3464740095118277	0.0148052081063456	0.132843885376733	0.4726771886795007	0.3344011424434008	0.6290300986979337	0.2255326967776002	0.4235542905023831	0.2928859526375851	0.9280684982877184	0.2549931655190136	0.4163225711922699	-0.0910074197234287	0.2186785951736228	0.290369213446378	0.2459208441705457	0.2960653041442601
0.4906746796879504	0.472418127817258	0.6347025513550905	0.6527833328627249	0.0060372011596016	0.1491576121681186	0.7199262870124502	0.234488217345577	0.2673951588435973	0.5595759085208923	0.2867600682943961	0.3461024715649585	0.0464160930244139	0.4106053134276248	0.1976820214348653	0.7730640367305682	0.4427810807197031	0.2426519134741658	0.4669373628000379	0.2376904376427603	0.7996421853721618	0.7389692357707338	0.8315213209087824	0.7389216082503913	0.3074752583886809	0.5842249910936622	0.4881126628411516	1.0	0.4944091608482872	0.7307851376734649	0.3181612301778228	0.0531385544300661	0.449677036385239	0.4700957748784332	0.4485177285989873	0.4870226340953723	0.713840400636386	0.6374083442848028	-0.0766918484891097	0.3376222257061184	0.6769367037273004	0.1809019855484897	0.3041398662915597	0.6054352310039445	0.2642138115824343	0.3452576515115905	0.2220974320360571	0.4731143555019341	0.3199644109016449	0.7313928779102251	0.2652202964479032	0.1982091558842762	0.3384646743560685	0.4119221963330641	0.7705546175295694	0.7373349945056048	0.7735274393419406	0.7636141471005932	0.3157051948870329	0.5084204734328848	0.5449323121916634	0.918026525268335	0.4760707363452626	0.5796222959175811	0.0563188569101516	0.0641321151498685	0.2672454883497093	0.5037842667513196
0.6318487959632821	0.5116856377866018	0.2852989505431768	0.6152457193894928	0.1411067355561207	0.3866121470406181	0.5514871665407598	0.3023667177337195	0.3700512588545409	0.6450655477354319	0.473177754889483	0.4830473603648236	0.048241423771884	0.5645401619737104	0.3643766999908122	0.3890347321117161	0.5581255725980768	0.3403774250902557	0.5087077272769807	0.3525458214569984	0.483838024727147	0.5300656216041214	0.5491713524193708	0.4977082287216691	0.4043003972216904	0.5050430479482863	0.3887943233984343	0.4944091608482872	1.0000000000000002	0.4943453893791996	0.2001779184092203	0.3762191647881516	0.4621383328032013	0.7838306287527964	0.3396252427566371	0.7205043011957298	0.3947520033728	0.613020757890736	0.0826417533263059	0.5416187636230653	0.469076415370903	0.2594560463019424	0.3695706252582224	0.6277102814739002	0.4275635978713843	0.5090628474075461	0.219802523461558	0.577566071796009	0.5261366483689505	0.4664511190357947	0.3929060836809266	0.2804060744660747	0.5507663574774869	0.4757272424792994	0.5670411143039333	0.5373160174653209	0.445783813321559	0.5117141762429702	0.4750225844220977	0.6054345347216402	0.3799458963793201	0.40976358872569	0.850764007100363	0.5241738024136287	0.0896237348722595	0.2948336963035339	0.6320025486589418	0.7480560872172466
0.5073363839739389	0.4456710119315129	0.3668923698700611	0.5937568015670506	-0.2798644096609217	0.0079926115577042	0.7162977763695456	-0.1213890719321323	0.3510534905567699	0.5139314121108889	0.1084823245941253	0.37983907857027	-0.2285131438336103	0.2038753901463104	0.108376305942126	0.4648557272187783	0.5557051688479456	0.1374029561578425	0.5071981027414841	0.325892334637539	0.5739028417293519	0.7647634848676085	0.5928510882561591	0.6985525783379269	0.1782598649371044	0.5305121725633393	0.0867302170885339	0.7307851376734649	0.4943453893791996	1.0	0.3825196169336944	-0.2265100855869142	0.5079444159546708	0.5365346816164108	0.3829593540293682	0.4784842669766264	0.4888935181254767	0.5977971155642049	-0.3646661044763297	0.0996782943344831	0.7672589952627256	-0.2008885280700685	0.4087875975035993	0.5479120176111755	0.0386679320474596	0.326871632826143	0.013147826230403	0.2806388236160435	0.1307307396837599	0.3695746682043253	0.4218186660449363	0.1167759378877199	0.4621406879500981	0.4781920868891215	0.6206093431867495	0.7495724316244999	0.5302154982113939	0.7230977217528766	0.2401164338796262	0.5347780116122558	0.1321010227844833	0.7722590015609102	0.4090075473789675	0.84383541469322	-0.0137172974284897	-0.0086135961451998	0.2531445247419386	0.5832221850201391
0.243973912099933	0.1271196541887204	0.036489843788955	0.3012374350906429	-0.1372770310392122	-0.0685259855587697	0.4593891369604633	-0.095270659246177	0.3715087381752199	0.3866579844150374	-0.0036911602943078	0.3007362834946069	0.0073888654625111	0.193837344606689	0.1056672815065036	0.2238674378660873	0.3564056666217673	0.2705643787464196	0.4100394496392952	0.3238372291812678	0.2222609585991207	0.4103253526197963	0.1883347050190949	0.4000302111281842	0.2815362972702766	0.3634983653555893	0.0512730504803932	0.3181612301778228	0.2001779184092203	0.3825196169336944	1.0000000000000002	-0.2035653932941507	0.2531067817868681	0.2929439497595299	0.2972905788030079	0.1641724401903258	0.1254169058435037	0.3478023226162416	-0.2596074165013516	0.0235115835459695	0.5075052794724755	-0.1880895350152219	0.3379965095183854	0.3203947540507498	-0.0564031961674106	0.2794369586861198	0.204396626308453	0.2765749613721687	0.01798349386866	0.2334824187300867	0.3721907177717904	0.1880489292861369	0.3584683084101831	0.365816618974495	0.3043543385545866	0.3633207874740233	0.1434167534766915	0.3923192468729385	0.3037158438064056	0.2872301101405228	0.057075199922709	0.327620566526668	0.2592660773451724	0.379269101924933	0.0473137817510802	0.075036857121493	0.1395996860619482	0.2997968980588843
