0.0	23.38285714285714	16.799363636363637	13.588217821782177	0.0	12.075531914893618	5.321253351387949	7.06133416849358	10.071552464716712	12.494333778371162	24.888	14.226666666666668	28.56666666666667	3.6736132299741606	12.44	16.11058823529412	17.973646138807432	26.032653061224494	23.864314789687924	14.62528	12.84747386172007	13.478359621451103	14.63283257918552	10.095497454882	23.68	21.03444302176697	23.13139293139293	10.97154960981048	3.867067329417081	7.7681985053100835	30.42	13.019591836734694	7.393371428571429	7.557881517881519	22.382696629213484	23.453333333333337	30.53333333333334	24.92	0.0	0.0	20.926764641368724	25.8004761904762	12.297924944812362	23.594736842105263	0.0	31.160000000000004	42.24	24.890889487870616	0.0	26.372	31.840000000000003	0.0	0.0	25.18	26.040000000000003	15.50625	30.98	21.078307349665927	0.0	33.91368421052632	30.5488	20.987795275590557	24.85195219123506	22.984860215053764	0.0	0.0	22.38896551724138	23.125357142857144
23.38285714285714	0.0	6.8473391529259615	0.0	0.0	23.78	22.20186046511628	27.76	11.725132024373732	30.690000000000005	8.1692031770433	28.0	7.822487264823747	24.5936	25.08	11.94938181818182	9.041270327147505	10.496027397260274	8.215494225875904	0.0	15.923542435424356	5.740734091362458	13.035087719298248	16.36405529953917	4.224929405862539	6.999321834958105	5.683468962615576	17.412543786488744	19.4928	18.937506631299733	12.638088737201366	0.0	21.880000000000003	9.035431009957328	0.0	2.211470732907034	10.346555370061214	0.0	0.0	0.0	27.340000000000003	0.0	0.0	0.0	17.14666666666667	0.0	15.613333333333332	0.0	0.0	27.48	11.166525423728814	15.27	12.150046948356808	0.0	14.225	21.84	11.775897435897438	25.24	2.9208759124087598	11.537530008002134	9.985968051118212	24.68	0.0	19.99555555555556	18.24	0.0	0.0	12.4704
16.799363636363637	6.8473391529259615	0.0	23.84909090909091	0.0	25.530169491525427	16.368458498023717	21.4223473181094	15.81882152006832	21.471028037383174	14.278505494505495	0.0	16.345865384615387	19.834558472553702	19.28	11.427386363636362	6.923954322776512	13.226141732283466	13.20693140794224	22.96	10.37062792189935	8.015527245206863	6.108053259317364	14.474664420106716	13.482857142857142	5.990067853239013	6.497414205165093	15.429986097318771	22.552432432432436	14.498315789473684	16.813120567375886	32.053333333333335	22.72	6.937106849315069	28.343636363636364	9.580745483649668	18.09076999230664	0.0	0.0	0.0	27.871278195488724	36.68	17.4	34.760000000000005	29.815000000000005	37.32000000000001	28.84428571428572	31.748800000000006	0.0	20.14527950310559	18.050259682445468	26.1184	24.064680851063837	0.0	20.21474787164375	9.6088334237656	18.667900694023945	27.2727927927928	28.6	16.955947285697015	17.21109967193876	25.60964426877471	27.672380952380955	25.407207207207207	28.28	0.0	26.62	17.48218487394958
13.588217821782177	0.0	23.84909090909091	0.0	0.0	8.665751748251749	8.829946524064173	16.52181488203267	11.716766019952262	4.674816856401039	31.288000000000004	6.460500416410183	34.52	17.726090828138915	14.133846153846156	16.96	20.24	35.64	28.640000000000004	2.9307449545177287	18.234455445544555	0.0	20.545074626865677	4.96400857406934	32.74	32.28888888888889	28.0	3.319761326074276	16.67005004170142	16.38625	0.0	26.1475	15.115473441108543	16.44861100118718	28.540000000000003	0.0	0.0	27.949040074557317	0.0	30.068679245283025	24.758597721297107	27.26564935064935	14.74725419269977	27.401505042668735	0.0	20.620815347721823	0.0	26.96333333333334	23.03333333333334	0.0	0.0	49.68	0.0	26.72577751892836	0.0	0.0	0.0	22.009453823237344	0.0	0.0	0.0	27.57517163759145	33.28142857142858	28.866666666666667	0.0	0.0	0.0	34.374468085106386
0.0	0.0	0.0	0.0	0.0	2.3914105263157897	0.0	10.913333333333332	0.0	21.94	0.0	16.240000000000002	0.0	7.2857142857142865	2.3323470967966453	0.0	0.0	0.0	0.0	0.0	0.0	0.0	0.0	0.0	0.0	0.0	0.0	26.2	0.0	0.0	0.0	2.692756866734486	0.0	2.2557723577235773	0.0	0.0	0.0	0.0	0.0	0.0	0.0	0.0	0.0	0.0	0.0	0.0	0.0	0.0	0.0	0.0	0.0	0.0	0.0	0.0	0.0	0.0	0.0	0.0	0.0	0.0	0.0	0.0	0.0	0.0	0.0	0.0	0.0	42.6
12.075531914893618	23.78	25.530169491525427	8.665751748251749	2.3914105263157897	0.0	8.149472571450145	4.351219542187491	9.475166908563136	5.656050221073725	14.362285714285717	5.69997054932241	20.88279069767442	6.4419126945064935	3.520473372781065	23.360000000000003	28.836	22.08734693877551	23.20714285714286	8.693003450554292	18.95626666666667	21.5	20.31266272189349	13.661700753498383	20.15714285714286	25.69275862068966	24.722033898305085	8.483066312997348	7.085323673755551	18.42777506112469	25.48	5.089796446864825	16.4048	7.000703914798019	30.233333333333334	0.0	35.08	30.17090909090909	0.0	31.83428571428572	26.655956873315365	29.923137254901963	16.211823899371073	28.198657718120803	0.0	19.908571428571427	0.0	28.45657142857143	0.0	0.0	0.0	0.0	0.0	27.332857142857144	34.56	24.92	0.0	25.276899224806204	25.04	48.24	0.0	28.87402985074627	31.5	31.223333333333336	0.0	0.0	34.760000000000005	41.32000000000001
5.321253351387949	22.20186046511628	16.368458498023717	8.829946524064173	0.0	8.149472571450145	0.0	8.368128379186206	8.732308110968328	4.266975603107538	28.22509090909091	11.24394366197183	30.311304347826088	6.417606040120214	12.983880597014926	7.049885019163473	18.128396946564884	28.481290322580644	25.880000000000003	10.730857142857143	10.66301336229284	11.9145269286754	12.781688117020726	7.588422588840109	24.85333333333333	23.778604353393085	17.96464500601685	5.915711221785246	11.50445350827809	5.3700563815759566	31.597446808510643	20.353653846153847	10.292806571484451	10.995313124140074	22.085791183294667	24.17777777777778	31.772222222222226	25.337566628041717	36.08	27.98875	20.411519216029784	24.281208277703605	11.254921333107768	22.927811054297543	33.373333333333335	22.928358208955224	44.4	23.868342332613395	23.495652173913047	24.03567567567568	35.260000000000005	43.36	42.32000000000001	24.689510961214165	24.49818181818182	14.8744	27.755402298850576	20.171445998527712	0.0	36.658750000000005	28.840000000000003	21.73397796817625	24.75932947019868	21.972425905598243	0.0	35.864000000000004	22.26052478134111	24.360356275303644
7.06133416849358	27.76	21.4223473181094	16.52181488203267	10.913333333333332	4.351219542187491	8.368128379186206	0.0	12.210513524936603	9.914666253908306	13.86019120458891	12.664135208986943	21.9844776119403	4.471000789367014	9.107626459143969	19.40388888888889	21.66260032102729	21.74923076923077	27.070748299319728	14.09271304347826	16.84787023977433	17.37578475336323	17.94925076207284	13.355421278812347	20.07	26.565263157894737	25.03671717171717	11.2657550614006	6.477989369501467	13.500651150960197	25.6	5.200413727131412	15.20525	6.427505996482064	26.955692307692303	24.44	35.59804878048781	27.51505791505792	41.720000000000006	29.81855072463768	23.76807531723291	27.031878646441072	14.165399061032865	25.223543893747976	39.940000000000005	24.737984496124035	0.0	25.936905187835418	23.5	26.65655172413793	40.36	47.6	35.536	25.8862893081761	28.443809523809524	19.784	34.61777777777778	22.05136886102404	0.0	35.6	35.108000000000004	25.641097285067872	29.62972972972973	27.52346793349169	0.0	39.04571428571428	27.2541935483871	30.3328125
10.071552464716712	11.725132024373732	15.81882152006832	11.716766019952262	0.0	9.475166908563136	8.732308110968328	12.210513524936603	0.0	13.215537134962606	21.916363636363634	3.4924928847060466	20.45761658031088	11.891906567571668	3.24265301373051	7.220994248151191	18.752619589977225	22.746666666666663	22.367272727272727	10.506777392166583	9.965964912280702	4.916679068778569	14.621743869209809	4.698521031414011	17.294857142857143	18.866548933039	16.427184672698246	7.857632292511113	9.58321258094357	8.685569888961464	27.00888888888889	23.515238095238097	10.727587105177468	11.062603515043191	12.302836879432624	28.360000000000003	32.528000000000006	15.163784333672432	0.0	14.983611111111111	10.806021894144823	15.130582524271844	2.183179424372321	14.874976647638816	31.640000000000004	7.532489451476794	0.0	14.531383259911896	8.289642857142857	8.724912280701755	0.0	0.0	0.0	13.546906338694418	16.672000000000004	2.240697836706211	13.12	9.6	0.0	36.86	31.6	11.017403206883069	13.48055378061768	11.634265232974911	0.0	24.12	12.114285714285714	13.767872340425532
12.494333778371162	30.690000000000005	21.471028037383174	4.674816856401039	21.94	5.656050221073725	4.266975603107538	9.914666253908306	13.215537134962606	0.0	26.664433497536947	3.64448361732583	31.97309090909091	15.756441054849027	12.828833333333336	14.548888888888891	22.417142857142856	30.99833333333333	30.3824	3.189535465721645	16.176406160867085	19.76	17.810549110595513	9.898696168192608	28.57818181818182	28.748727272727272	27.72571428571429	5.090182208255273	16.59482134095612	13.76695738354807	34.596000000000004	22.032350993377484	15.237339667458432	15.714546753889286	27.809655172413795	31.48	32.77	29.466651376146796	0.0	31.56111392405064	25.38855050115652	28.46705082550988	16.00907545387764	28.090157203624933	40.13333333333334	24.73473988439306	0.0	27.36052956751986	26.77684210526316	28.29714285714286	0.0	51.08	44.96	28.33774162679426	35.42666666666666	18.15	37.14	23.49778295476607	0.0	37.0	32.4	28.433407114624508	33.35438127090301	27.871746031746035	0.0	41.19555555555556	28.913333333333338	34.80441988950277
24.888	8.1692031770433	14.278505494505495	31.288000000000004	0.0	14.362285714285717	28.22509090909091	13.86019120458891	21.916363636363634	26.664433497536947	0.0	23.1048275862069	3.857578305720538	14.607365728900255	20.631111111111117	24.11466666666667	7.118707539353771	3.9266005744464	4.07375386618916	26.78272727272728	21.370682852807285	16.009726918075422	20.74048154093098	27.655833333333334	5.242805323590815	5.1525210810810815	8.001715424327507	28.113103448275854	10.783987138263663	22.85379953379953	5.537889983978249	14.2128	33.720000000000006	4.200190117863862	0.0	10.07116564417178	27.203708609271523	0.0	0.0	0.0	37.36	0.0	0.0	40.08	14.706339181286552	0.0	15.907507922788824	44.440000000000005	0.0	31.4	21.297826086956523	17.248044619422572	17.003246753246753	0.0	34.52	26.360000000000003	29.57714285714286	37.32000000000001	8.09724051269163	17.20950696547547	17.24561236623068	38.28	36.52	34.236000000000004	17.876804289544236	0.0	0.0	16.32516129032258
14.226666666666668	28.0	0.0	6.460500416410183	16.240000000000002	5.69997054932241	11.24394366197183	12.664135208986943	3.4924928847060466	3.64448361732583	23.1048275862069	0.0	27.93511111111111	15.35217139031466	3.626236527168661	0.0	0.0	27.42823529411765	25.95	3.291470506686803	18.96	36.64	20.32	2.9781113801452785	25.332	31.209411764705884	30.774400000000004	7.929453957125522	15.515131510107016	19.70666666666667	29.28	17.95684210526316	17.28	14.964290831210072	0.0	0.0	0.0	21.21508196721312	0.0	26.37	26.27428571428572	30.07428571428572	6.775159817351598	22.315555555555555	0.0	10.82792899408284	0.0	21.41333333333333	15.702222222222224	0.0	0.0	0.0	0.0	18.912408759124087	0.0	0.0	0.0	13.19245283018868	0.0	0.0	38.64	22.90375	27.3	0.0	0.0	0.0	0.0	0.0
28.56666666666667	7.822487264823747	16.345865384615387	34.52	0.0	20.88279069767442	30.311304347826088	21.9844776119403	20.45761658031088	31.97309090909091	3.857578305720538	27.93511111111111	0.0	21.315632183908047	25.62	26.185714285714283	15.466370370370374	6.305995694294941	10.260176366843035	32.25	24.145161290322584	15.417240816326531	22.88551724137931	27.016078431372552	4.586780207997168	4.823221553322499	5.471213426624594	27.141111111111115	18.40745762711865	26.722898550724643	3.885073621047773	17.44	0.0	10.230384909508029	0.0	14.139555555555557	29.114857142857147	0.0	0.0	0.0	0.0	0.0	0.0	0.0	15.70107594936709	0.0	16.826638805970152	0.0	0.0	35.720000000000006	26.05185185185185	17.952628398791543	17.565624103299857	0.0	0.0	27.160000000000004	32.10666666666667	0.0	8.593347685683531	17.904998927268828	18.44259222333001	38.88	0.0	39.06	18.79277533039648	0.0	0.0	17.573333333333334
3.6736132299741606	24.5936	19.834558472553702	17.726090828138915	7.2857142857142865	6.4419126945064935	6.417606040120214	4.471000789367014	11.891906567571668	15.756441054849027	14.607365728900255	15.35217139031466	21.315632183908047	0.0	11.630690909090909	18.800256410256413	20.403718309859155	23.48	25.841106500691563	17.820637864736486	15.65305973295854	15.624942084942086	16.827242242242242	13.520555812876331	17.543255813953486	24.090674632810558	24.50343642611684	14.327062122519411	4.429569835642926	11.429055882994978	26.217454545454547	4.120543424389959	13.805454545454548	5.907795025104443	25.854523809523805	27.24	33.517064220183485	27.19265306122449	0.0	28.2	23.28541456263235	26.26333333333334	14.155232690124858	24.78501216545012	46.92	24.2	0.0	25.97860911270984	26.0	26.272727272727277	36.49333333333334	0.0	0.0	26.182912621359225	27.22829268292683	17.42504347826087	33.348571428571425	22.04044977511244	22.92	37.46727272727273	33.09230769230769	24.585531914893615	28.01686534216336	25.656256157635465	0.0	38.28	25.772857142857145	27.89960784313725
12.44	25.08	19.28	14.133846153846156	2.3323470967966453	3.520473372781065	12.983880597014926	9.107626459143969	3.24265301373051	12.828833333333336	20.631111111111117	3.626236527168661	25.62	11.630690909090909	0.0	0.0	0.0	27.42	0.0	9.484413793103448	17.44	10.913333333333332	0.0	6.679111111111112	22.96	25.880000000000003	26.160000000000004	13.824242424242424	11.526802030456851	14.320000000000002	0.0	12.113290322580644	15.373333333333337	11.390976744186046	0.0	0.0	0.0	21.72	0.0	0.0	0.0	32.08	7.140000000000001	0.0	0.0	11.52	0.0	0.0	0.0	0.0	0.0	0.0	0.0	15.720000000000002	0.0	0.0	0.0	0.0	0.0	0.0	0.0	0.0	0.0	0.0	0.0	0.0	0.0	0.0
16.11058823529412	11.94938181818182	11.427386363636362	16.96	0.0	23.360000000000003	7.049885019163473	19.40388888888889	7.220994248151191	14.548888888888891	24.11466666666667	0.0	26.185714285714283	18.800256410256413	0.0	0.0	16.42049615055603	24.256969696969698	22.364937500000003	0.0	9.662454007415858	6.062876110403074	4.351813507320341	4.187736472532012	19.895483870967745	19.774672131147543	3.8937213996358353	3.454570417115592	18.383589743589745	9.587718650111634	28.21538461538461	0.0	17.8	9.129321443736732	20.351244635193133	19.57777777777778	25.441142857142857	0.0	0.0	30.6	18.97744245524297	27.182	10.093333333333334	23.6975	0.0	41.760000000000005	0.0	25.35017964071856	0.0	19.381823632275797	26.69684210526316	0.0	31.81333333333334	0.0	19.114720145852324	9.76213117046567	18.6614463945866	21.0394682422452	30.6	30.6	19.33611510791367	18.080827067669173	20.65822825219473	19.120511608328208	0.0	0.0	19.561509433962264	18.514756871035942
17.973646138807432	9.041270327147505	6.923954322776512	20.24	0.0	28.836	18.128396946564884	21.66260032102729	18.752619589977225	22.417142857142856	7.118707539353771	0.0	15.466370370370374	20.403718309859155	0.0	16.42049615055603	0.0	9.554036363636364	2.835294931531935	0.0	10.553349375501318	11.03087584215592	5.6110494634912325	18.54403397027601	9.999377431906614	6.939050648702595	10.58735060689632	21.68049689440994	16.973676680972822	11.998339789706698	15.948235294117648	32.5	20.06	4.308183528257136	29.82	10.30297358490566	18.21075901614607	0.0	0.0	0.0	29.133333333333336	0.0	19.9	0.0	0.0	0.0	26.754285714285714	32.986666666666665	0.0	25.172592592592597	18.55495594713657	24.133333333333336	21.25809523809524	0.0	23.948823529411765	16.295652173913044	20.13546961325967	27.784	15.032000000000002	17.23721671693236	18.02028455284553	26.1325	29.6875	26.410805687203798	0.0	0.0	28.96	18.84786885245902
26.032653061224494	10.496027397260274	13.226141732283466	35.64	0.0	22.08734693877551	28.481290322580644	21.74923076923077	22.746666666666663	30.99833333333333	3.9266005744464	27.42823529411765	6.305995694294941	23.48	27.42	24.256969696969698	9.554036363636364	0.0	3.745674365554605	31.78666666666667	20.68339152119701	17.75585062240664	21.64792899408284	26.530810810810813	6.856180802437786	4.07792951142036	9.06902745701822	27.59542857142857	19.969473684210527	21.32796812749004	7.228388780169602	16.2	0.0	9.10479059372267	0.0	12.055151515151517	25.780219780219785	0.0	0.0	0.0	37.93333333333334	0.0	33.8	0.0	16.48252607184241	0.0	17.046226443092447	0.0	0.0	30.440000000000005	21.83	18.87975982532751	18.470216456128373	0.0	29.880000000000003	25.4	31.995000000000005	0.0	10.288792106158558	18.300442449503045	18.23817109648748	0.0	34.160000000000004	34.885714285714286	19.30633371169126	0.0	38.120000000000005	17.336615384615385
23.864314789687924	8.215494225875904	13.20693140794224	28.640000000000004	0.0	23.20714285714286	25.880000000000003	27.070748299319728	22.367272727272727	30.3824	4.07375386618916	25.95	10.260176366843035	25.841106500691563	0.0	22.364937500000003	2.835294931531935	3.745674365554605	0.0	0.0	18.581805019305023	17.542280701754386	19.500223325062034	24.16151351351352	8.249386973180076	5.448759150917389	10.02464933303188	24.786324786324787	21.72945996275605	18.463949782713662	10.118761061946902	39.64	25.0	5.53436535625652	32.36	10.5114493712773	22.555447154471544	0.0	0.0	44.760000000000005	34.824444444444445	30.68	0.0	0.0	17.595906788247213	40.56	17.396313690739923	36.06857142857143	0.0	30.93894736842105	19.355878943979395	19.18080059857838	18.86710480636859	0.0	30.35692307692308	23.78666666666667	26.314736842105265	37.93333333333334	10.703920559029054	18.51617347494884	18.700629530713467	33.25714285714286	35.10857142857143	32.09543307086615	19.774077253218884	0.0	34.373333333333335	17.99671924290221
14.62528	0.0	22.96	2.9307449545177287	0.0	8.693003450554292	10.730857142857143	14.09271304347826	10.506777392166583	3.189535465721645	26.78272727272728	3.291470506686803	32.25	17.820637864736486	9.484413793103448	0.0	0.0	31.78666666666667	0.0	0.0	19.53	0.0	21.76727272727273	4.631380787273098	0.0	30.708571428571428	31.360000000000003	4.695328303666156	18.03768003449763	16.83833333333333	33.720000000000006	22.801592039800997	15.91404255319149	17.532091447925488	0.0	0.0	0.0	28.24620525059666	0.0	31.58888888888889	25.782077922077924	28.277805907173	14.867679180887372	28.016732766761105	42.52	21.016385542168678	0.0	27.245390070921985	30.32	0.0	0.0	0.0	0.0	27.089845201238397	0.0	0.0	0.0	22.68655889145497	0.0	0.0	0.0	28.3326511627907	34.14476190476191	0.0	0.0	42.32000000000001	0.0	34.92666666666666
12.84747386172007	15.923542435424356	10.37062792189935	18.234455445544555	0.0	18.95626666666667	10.66301336229284	16.84787023977433	9.965964912280702	16.176406160867085	21.370682852807285	18.96	24.145161290322584	15.65305973295854	17.44	9.662454007415858	10.553349375501318	20.68339152119701	18.581805019305023	19.53	0.0	8.51458365125388	7.447044754396605	11.494258826213429	22.88375	15.941273197911642	12.51697318476797	6.21275441919192	12.240966101694914	7.940711905268382	25.26914893617021	27.455384615384617	14.773333333333332	5.453084470609223	21.41637450199203	19.51384615384616	23.924705882352946	0.0	0.0	35.86666666666667	20.973903916027453	28.331009174311923	18.07555555555556	25.1	38.52	0.0	36.010000000000005	25.828145580589258	0.0	19.797401102853037	28.30191780821918	38.16	32.260000000000005	0.0	20.211821031186336	11.318426646422472	21.649841017488075	21.824678362573103	31.48	29.009465648854963	23.561884057971017	19.918722193481635	21.029853321829165	20.26265464835185	32.440000000000005	38.28	20.58025445292621	19.25539748953975
13.478359621451103	5.740734091362458	8.015527245206863	0.0	0.0	21.5	11.9145269286754	17.37578475336323	4.916679068778569	19.76	16.009726918075422	36.64	15.417240816326531	15.624942084942086	10.913333333333332	6.062876110403074	11.03087584215592	17.75585062240664	17.542280701754386	0.0	8.51458365125388	0.0	8.845960294025257	5.280619391888427	12.185826984933133	14.58106342088405	7.043961893819715	7.523838778013156	8.31769053117783	8.353905365274205	19.898360655737704	0.0	7.288510638297872	7.565090631558864	12.415081967213116	2.229168278529981	10.885806451612904	0.0	0.0	0.0	13.010943396226414	18.89	9.94	19.68	25.04	0.0	0.0	16.693333333333335	0.0	10.456015516763646	19.935	33.68	22.5	0.0	10.766513339466425	2.007667641066525	11.022729142857145	13.147070707070707	0.0	26.186666666666667	10.122285714285717	11.0089124668435	11.777549407114623	10.90972773419474	0.0	0.0	10.934193548387098	9.544470588235296
14.63283257918552	13.035087719298248	6.108053259317364	20.545074626865677	0.0	20.31266272189349	12.781688117020726	17.94925076207284	14.621743869209809	17.810549110595513	20.74048154093098	20.32	22.88551724137931	16.827242242242242	0.0	4.351813507320341	5.6110494634912325	21.64792899408284	19.500223325062034	21.76727272727273	7.447044754396605	8.845960294025257	0.0	12.05870933538966	19.38875	13.666692310774533	9.991153471353396	9.697608487956956	18.08609900990099	10.388900471930691	22.968205128205128	30.47	15.832000000000004	6.524452465821415	23.90684931506849	11.376916299559472	19.20543279380718	0.0	0.0	42.760000000000005	24.57828220858896	32.285000000000004	16.931764705882355	28.146666666666665	28.76	0.0	31.06666666666667	28.559487179487174	0.0	19.795941857891243	24.24042105263158	32.56	29.4825	0.0	20.27572884811417	11.003676352972542	19.08154336405133	25.773913043478263	27.380000000000003	27.32413793103448	19.24412094582876	23.61259259259259	24.561720430107528	20.969047224523614	0.0	0.0	23.8375	18.896705882352943
10.095497454882	16.36405529953917	14.474664420106716	4.96400857406934	0.0	13.661700753498383	7.588422588840109	13.355421278812347	4.698521031414011	9.898696168192608	27.655833333333334	2.9781113801452785	27.016078431372552	13.520555812876331	6.679111111111112	4.187736472532012	18.54403397027601	26.530810810810813	24.16151351351352	4.631380787273098	11.494258826213429	5.280619391888427	12.05870933538966	0.0	22.59783783783784	22.17196562835661	13.533912533020253	4.139232203955089	10.913366760112137	9.17138401798033	30.23090909090909	24.40740740740741	10.887247877849555	10.096946676406136	20.80511919698871	21.812	30.32266666666667	22.0435	33.89333333333334	25.102857142857143	19.49440225035162	22.47952677995268	8.8492774308653	20.999269679736607	36.91555555555556	14.491793611793614	37.760000000000005	22.345692485549137	20.69333333333333	23.232323232323232	30.736	43.64	40.84	20.70030927835052	24.254358974358976	13.022222222222222	23.906024096385543	18.40419814006453	0.0	32.803636363636365	28.171343283582093	20.81259945274679	23.71039106145252	20.636112251882277	0.0	34.555	21.040969696969697	24.179829059829057
23.68	4.224929405862539	13.482857142857142	32.74	0.0	20.15714285714286	24.85333333333333	20.07	17.294857142857143	28.57818181818182	5.242805323590815	25.332	4.586780207997168	17.543255813953486	22.96	19.895483870967745	9.999377431906614	6.856180802437786	8.249386973180076	0.0	22.88375	12.185826984933133	19.38875	22.59783783783784	0.0	6.685094278379415	5.98404809085308	23.352615384615383	15.944000000000004	24.45684210526316	8.35064752099702	0.0	23.64	8.464119547657514	0.0	6.215696202531646	20.62	0.0	0.0	0.0	0.0	0.0	32.120000000000005	0.0	9.630853868194844	0.0	10.513419568822552	20.96	0.0	28.880000000000003	16.215867768595043	13.321325648414987	13.023113101903697	0.0	23.520000000000003	0.0	21.0	0.0	4.466854649211145	13.442093449381584	13.118159263705484	31.76	0.0	31.68	13.759563182527302	0.0	0.0	10.61857142857143
21.03444302176697	6.999321834958105	5.990067853239013	32.28888888888889	0.0	25.69275862068966	23.778604353393085	26.565263157894737	18.866548933039	28.748727272727272	5.1525210810810815	31.209411764705884	4.823221553322499	24.090674632810558	25.880000000000003	19.774672131147543	6.939050648702595	4.07792951142036	5.448759150917389	30.708571428571428	15.941273197911642	14.58106342088405	13.666692310774533	22.17196562835661	6.685094278379415	0.0	6.078607122078007	22.282023887079266	19.957588805166846	17.986830923576278	4.873431111512252	24.866666666666667	22.765714285714285	9.264053336961698	31.071764705882355	9.3877657997966	18.31836392476773	0.0	0.0	0.0	32.00244897959184	39.536	30.360000000000003	36.46	17.45502451502878	29.440000000000005	17.162228815130725	33.636	0.0	28.86714285714286	18.087708502651036	19.088890801135875	17.76600002785011	0.0	27.0508	21.5	23.08828244274809	31.93565217391305	10.126247747993668	17.294791348395915	17.243526823757904	31.38905263157895	32.846500000000006	29.337609756097567	20.134741075917542	0.0	33.986666666666665	16.499954268292687
23.13139293139293	5.683468962615576	6.497414205165093	28.0	0.0	24.722033898305085	17.96464500601685	25.03671717171717	16.427184672698246	27.72571428571429	8.001715424327507	30.774400000000004	5.471213426624594	24.50343642611684	26.160000000000004	3.8937213996358353	10.58735060689632	9.06902745701822	10.02464933303188	31.360000000000003	12.51697318476797	7.043961893819715	9.991153471353396	13.533912533020253	5.98404809085308	6.078607122078007	0.0	13.557374269005848	22.87509433962264	17.53447753303965	5.697749302469775	24.32	34.64	10.546576607782011	29.58	8.966845965770172	17.457860351163742	0.0	0.0	0.0	28.01280000000001	0.0	21.72	0.0	18.660795344325894	33.64	19.08125581395349	31.37111111111112	0.0	19.89713951447792	18.545929832607204	20.15727272727273	18.3017923427723	0.0	20.76594021215044	10.34339800995025	18.541044932079416	26.3746875	9.709625761531766	17.44183915173312	17.456217584863662	25.31404580152672	32.85230769230769	26.827803278688528	21.107637795275597	0.0	31.2	17.3732293986637
10.97154960981048	17.412543786488744	15.429986097318771	3.319761326074276	26.2	8.483066312997348	5.915711221785246	11.2657550614006	7.857632292511113	5.090182208255273	28.113103448275854	7.929453957125522	27.141111111111115	14.327062122519411	13.824242424242424	3.454570417115592	21.68049689440994	27.59542857142857	24.786324786324787	4.695328303666156	6.21275441919192	7.523838778013156	9.697608487956956	4.139232203955089	23.352615384615383	22.282023887079266	13.557374269005848	0.0	14.43046009877827	7.915385483492922	30.071724137931035	24.09909090909091	13.307776923076924	13.844482665950014	21.11052307692308	24.09	31.20325203252033	27.694625550660795	0.0	28.39564766839378	20.35467202680067	25.187800541167377	12.94412611377656	25.71091791907515	39.84	21.91107033639144	0.0	24.162483343428228	23.43076923076923	18.333123209169056	33.656	44.013333333333335	41.18666666666668	26.759524375743165	19.96741258741259	10.89974930362117	24.00554744525548	20.780712468193386	0.0	33.6051282051282	26.46024691358024	21.476089454247028	22.52054068380599	19.526555042340263	0.0	36.42	20.31695431472081	23.1259165613148
3.867067329417081	19.4928	22.552432432432436	16.67005004170142	0.0	7.085323673755551	11.50445350827809	6.477989369501467	9.58321258094357	16.59482134095612	10.783987138263663	15.515131510107016	18.40745762711865	4.429569835642926	11.526802030456851	18.383589743589745	16.973676680972822	19.969473684210527	21.72945996275605	18.03768003449763	12.240966101694914	8.31769053117783	18.08609900990099	10.913366760112137	15.944000000000004	19.957588805166846	22.87509433962264	14.43046009877827	0.0	5.95995589208263	18.60615384615385	3.000671948531602	2.7767477244939545	3.7579691631264662	19.982162883845128	23.253333333333337	32.27692307692308	29.29239436619718	0.0	30.660000000000004	20.166526068683503	27.58448120300752	12.42196357878068	25.550759075907592	33.88	26.165454545454548	35.160000000000004	25.53110560237977	26.926666666666662	18.577	0.0	0.0	0.0	28.27294117647059	20.001481481481484	9.77088524590164	23.655652173913047	21.77291585127201	0.0	29.132	36.656	18.922765052804827	22.20183006535948	18.36334798994975	0.0	35.88	20.02282442748092	21.08434871794872
7.7681985053100835	18.937506631299733	14.498315789473684	16.38625	0.0	18.42777506112469	5.3700563815759566	13.500651150960197	8.685569888961464	13.76695738354807	22.85379953379953	19.70666666666667	26.722898550724643	11.429055882994978	14.320000000000002	9.587718650111634	11.998339789706698	21.32796812749004	18.463949782713662	16.83833333333333	7.940711905268382	8.353905365274205	10.388900471930691	9.17138401798033	24.45684210526316	17.986830923576278	17.53447753303965	7.915385483492922	5.95995589208263	0.0	29.22078431372549	22.761666666666667	7.634761602034329	4.8836832524271845	21.3654895534617	18.880000000000003	27.33560975609756	27.6075	0.0	29.940000000000005	20.406104331238232	26.68098522167488	11.588665955176094	24.386006600660068	35.86666666666667	34.08	37.540000000000006	24.72240208877285	23.91333333333333	19.41161621720785	29.221395348837213	0.0	32.68571428571429	27.426666666666662	20.30021978021978	11.251945720250522	24.73035629453682	21.410544797314746	0.0	31.00329896907217	27.28354838709678	19.31094982520065	22.220027353273476	20.31695288640809	0.0	40.68	21.01369463262116	21.363783783783784
30.42	12.638088737201366	16.813120567375886	0.0	0.0	25.48	31.597446808510643	25.6	27.00888888888889	34.596000000000004	5.537889983978249	29.28	3.885073621047773	26.217454545454547	0.0	28.21538461538461	15.948235294117648	7.228388780169602	10.118761061946902	33.720000000000006	25.26914893617021	19.898360655737704	22.968205128205128	30.23090909090909	8.35064752099702	4.873431111512252	5.697749302469775	30.071724137931035	18.60615384615385	29.22078431372549	0.0	22.92	0.0	11.977092369477912	42.440000000000005	19.15142857142857	29.738021978021983	0.0	0.0	0.0	0.0	0.0	0.0	0.0	18.034138613861387	0.0	18.99201030927835	0.0	0.0	37.92	27.53	20.56101983002833	20.43722397476341	0.0	0.0	0.0	33.792	0.0	11.641698513800424	21.29885620915033	22.12901023890785	41.720000000000006	0.0	44.36	21.036555023923448	0.0	0.0	22.880000000000003
13.019591836734694	0.0	32.053333333333335	26.1475	2.692756866734486	5.089796446864825	20.353653846153847	5.200413727131412	23.515238095238097	22.032350993377484	14.2128	17.95684210526316	17.44	4.120543424389959	12.113290322580644	0.0	32.5	16.2	39.64	22.801592039800997	27.455384615384617	0.0	30.47	24.40740740740741	0.0	24.866666666666667	24.32	24.09909090909091	3.000671948531602	22.761666666666667	22.92	0.0	0.0	3.550418709920785	0.0	0.0	45.720000000000006	0.0	0.0	0.0	34.97166666666667	39.36	25.92	35.6	0.0	0.0	0.0	39.82000000000001	0.0	0.0	0.0	0.0	0.0	0.0	0.0	0.0	0.0	32.733333333333334	0.0	0.0	0.0	37.370000000000005	0.0	33.720000000000006	0.0	0.0	0.0	0.0
7.393371428571429	21.880000000000003	22.72	15.115473441108543	0.0	16.4048	10.292806571484451	15.20525	10.727587105177468	15.237339667458432	33.720000000000006	17.28	0.0	13.805454545454548	15.373333333333337	17.8	20.06	0.0	25.0	15.91404255319149	14.773333333333332	7.288510638297872	15.832000000000004	10.887247877849555	23.64	22.765714285714285	34.64	13.307776923076924	2.7767477244939545	7.634761602034329	0.0	0.0	0.0	2.731866454689984	19.961428571428574	0.0	0.0	27.872727272727275	0.0	28.96444444444445	20.95280316660669	27.098431372549022	13.162345276872964	25.0377570093458	0.0	33.160000000000004	0.0	25.58044444444445	25.860000000000003	17.204444444444444	0.0	0.0	0.0	27.336666666666662	17.976	8.7608	21.1	21.883907455012853	0.0	0.0	0.0	18.77390070921986	21.688290155440416	17.471225806451613	0.0	38.92	19.223076923076924	20.07642857142857
7.557881517881519	9.035431009957328	6.937106849315069	16.44861100118718	2.2557723577235773	7.000703914798019	10.995313124140074	6.427505996482064	11.062603515043191	15.714546753889286	4.200190117863862	14.964290831210072	10.230384909508029	5.907795025104443	11.390976744186046	9.129321443736732	4.308183528257136	9.10479059372267	5.53436535625652	17.532091447925488	5.453084470609223	7.565090631558864	6.524452465821415	10.096946676406136	8.464119547657514	9.264053336961698	10.546576607782011	13.844482665950014	3.7579691631264662	4.8836832524271845	11.977092369477912	3.550418709920785	2.731866454689984	0.0	17.588256880733944	11.496231884057972	18.40823970037453	30.688421052631583	0.0	29.701538461538465	19.82268570246224	27.068611111111117	13.671020408163267	26.480883977900557	19.902857142857144	28.19333333333333	22.228	24.664848484848484	0.0	16.50258485639687	20.28812834224599	22.105	19.9008	27.273846153846154	16.87890751086282	8.009027561102444	18.67441860465116	20.619339498018498	12.142666666666669	19.20352733686067	18.92510739856802	17.227713884992987	18.3899260943718	16.641984319315753	20.360000000000003	0.0	17.34025974025974	17.532500000000002
22.382696629213484	0.0	28.343636363636364	28.540000000000003	0.0	30.233333333333334	22.085791183294667	26.955692307692303	12.302836879432624	27.809655172413795	0.0	0.0	0.0	25.854523809523805	0.0	20.351244635193133	29.82	0.0	32.36	0.0	21.41637450199203	12.415081967213116	23.90684931506849	20.80511919698871	0.0	31.071764705882355	29.58	21.11052307692308	19.982162883845128	21.3654895534617	42.440000000000005	0.0	19.961428571428574	17.588256880733944	0.0	17.994666666666667	17.413333333333334	14.139930795847752	20.55	16.581630901287554	8.583957495321474	10.78804920913884	9.872165327978582	12.467276297335204	21.476	19.188037383177573	25.85555555555556	3.996193239427832	12.350526315789471	13.198857142857143	16.9176617954071	24.375	21.45137440758294	15.279775280898876	12.720830449826993	9.756911764705883	13.936701388888888	11.403976530272365	20.785000000000004	20.037383177570096	17.268780487804882	12.42241450729507	4.449602393255372	6.098732598480524	28.37333333333333	17.011666666666667	7.286666666666666	6.321837299391257
23.453333333333337	2.211470732907034	9.580745483649668	0.0	0.0	0.0	24.17777777777778	24.44	28.360000000000003	31.48	10.07116564417178	0.0	14.139555555555557	27.24	0.0	19.57777777777778	10.30297358490566	12.055151515151517	10.5114493712773	0.0	19.51384615384616	2.229168278529981	11.376916299559472	21.812	6.215696202531646	9.3877657997966	8.966845965770172	24.09	23.253333333333337	18.880000000000003	19.15142857142857	0.0	0.0	11.496231884057972	17.994666666666667	0.0	6.838659027738386	0.0	0.0	0.0	16.643589743589747	26.06666666666667	9.504161073825504	0.0	12.40969696969697	0.0	7.17066028708134	21.35142857142857	0.0	10.373216132368151	8.007997556878914	11.79560975609756	8.835542435424355	0.0	10.686741054251636	4.961533630322063	8.74648582781457	14.897277676950996	3.908127831517081	6.712198943961846	5.457555085865257	13.756220623501198	17.290666666666667	14.74713671539123	13.90451612903226	0.0	18.0	7.611509769094139
30.53333333333334	10.346555370061214	18.09076999230664	0.0	0.0	35.08	31.772222222222226	35.59804878048781	32.528000000000006	32.77	27.203708609271523	0.0	29.114857142857147	33.517064220183485	0.0	25.441142857142857	18.21075901614607	25.780219780219785	22.555447154471544	0.0	23.924705882352946	10.885806451612904	19.20543279380718	30.32266666666667	20.62	18.31836392476773	17.457860351163742	31.20325203252033	32.27692307692308	27.33560975609756	29.738021978021983	45.720000000000006	0.0	18.40823970037453	17.413333333333334	6.838659027738386	0.0	0.0	0.0	24.64	14.134335320031097	21.363478260869567	16.574545454545454	18.530434782608697	16.017549407114625	37.2	16.077274472168906	19.095541401273884	28.2	11.721581185889418	6.725956164539331	14.187276595744684	12.687908045977014	0.0	11.518591338974613	8.306833751044277	6.358008148143513	14.831551119503644	13.883539823008851	8.06704211313232	7.193504114717032	14.1032889985026	31.27428571428572	13.997653554175292	17.015693779904307	0.0	44.8	6.234075587334014
24.92	0.0	0.0	27.949040074557317	0.0	30.17090909090909	25.337566628041717	27.51505791505792	15.163784333672432	29.466651376146796	0.0	21.21508196721312	0.0	27.19265306122449	21.72	0.0	0.0	0.0	0.0	28.24620525059666	0.0	0.0	0.0	22.0435	0.0	0.0	0.0	27.694625550660795	29.29239436619718	27.6075	0.0	0.0	27.872727272727275	30.688421052631583	14.139930795847752	0.0	0.0	0.0	25.68	10.177750611246944	10.889839572192514	15.032134181607868	11.623565300285986	5.476978164287741	28.269803921568627	7.72100261356565	31.860000000000003	17.901708088567556	14.171219512195124	0.0	0.0	34.888000000000005	33.632	3.1079814320743955	17.251428571428573	0.0	18.511578947368424	4.114929091373088	0.0	33.008	29.8	3.4563774636307576	17.523075722092116	14.485384615384614	31.56	26.724848484848486	15.768450704225351	17.522006590992312
0.0	0.0	0.0	0.0	0.0	0.0	36.08	41.720000000000006	0.0	0.0	0.0	0.0	0.0	0.0	0.0	0.0	0.0	0.0	0.0	0.0	0.0	0.0	0.0	33.89333333333334	0.0	0.0	0.0	0.0	0.0	0.0	0.0	0.0	0.0	0.0	20.55	0.0	0.0	25.68	0.0	3.2092811170502893	20.82	6.86948051948052	7.932222222222222	20.271368421052635	10.14	16.750110701107012	0.0	7.241461187214613	2.858605903278532	0.0	32.84	0.0	17.360000000000003	22.929230769230774	0.0	26.6	24.8	22.083333333333336	0.0	18.72	0.0	22.23	4.029830508474577	0.0	0.0	2.402778251235725	29.52	2.7900428709722034
0.0	0.0	0.0	30.068679245283025	0.0	31.83428571428572	27.98875	29.81855072463768	14.983611111111111	31.56111392405064	0.0	26.37	0.0	28.2	0.0	30.6	0.0	0.0	44.760000000000005	31.58888888888889	35.86666666666667	0.0	42.760000000000005	25.102857142857143	0.0	0.0	0.0	28.39564766839378	30.660000000000004	29.940000000000005	0.0	0.0	28.96444444444445	29.701538461538465	16.581630901287554	0.0	24.64	10.177750611246944	3.2092811170502893	0.0	11.501636636636636	4.597346620395428	7.279137667628587	5.876663097269526	15.634918566775246	5.853233492171546	22.715	6.537233043736857	3.6595716703980794	26.288000000000004	30.24	24.98692307692308	25.655570469798658	7.911623174361461	20.688333333333336	18.784615384615385	21.62526315789474	13.554472134118717	19.561333333333334	26.10961038961039	27.52631578947368	11.670734493292604	7.480934659700852	18.065941422594143	29.840000000000003	4.847469651703665	17.6	5.619024064981512
20.926764641368724	27.340000000000003	27.871278195488724	24.758597721297107	0.0	26.655956873315365	20.411519216029784	23.76807531723291	10.806021894144823	25.38855050115652	37.36	26.27428571428572	0.0	23.28541456263235	0.0	18.97744245524297	29.133333333333336	37.93333333333334	34.824444444444445	25.782077922077924	20.973903916027453	13.010943396226414	24.57828220858896	19.49440225035162	0.0	32.00244897959184	28.01280000000001	20.35467202680067	20.166526068683503	20.406104331238232	0.0	34.97166666666667	20.95280316660669	19.82268570246224	8.583957495321474	16.643589743589747	14.134335320031097	10.889839572192514	20.82	11.501636636636636	0.0	8.983590973888251	8.090983430699328	3.744650134797076	23.199703703703705	8.372000000000002	27.008000000000003	9.250336036462254	12.06819801980198	13.447141073657928	17.080000000000002	27.56454545454546	22.664265402843604	15.624489795918368	9.11784060643311	8.410005957953869	12.452283302184702	7.712120709819414	23.644	20.978631452581038	17.859969278033795	6.12956737145978	11.892843537895304	6.562546396973398	27.640000000000004	21.402384105960262	11.26952739439565	10.856131417463889
25.8004761904762	0.0	36.68	27.26564935064935	0.0	29.923137254901963	24.281208277703605	27.031878646441072	15.130582524271844	28.46705082550988	0.0	30.07428571428572	0.0	26.26333333333334	32.08	27.182	0.0	0.0	30.68	28.277805907173	28.331009174311923	18.89	32.285000000000004	22.47952677995268	0.0	39.536	0.0	25.187800541167377	27.58448120300752	26.68098522167488	0.0	39.36	27.098431372549022	27.068611111111117	10.78804920913884	26.06666666666667	21.363478260869567	15.032134181607868	6.86948051948052	4.597346620395428	8.983590973888251	0.0	12.573260032985155	7.829824605289742	11.93418300653595	12.02388627463885	17.721772151898733	5.027648136565984	6.024497153700191	19.724819277108438	22.727692307692312	21.273939393939397	21.36057971014493	14.784457268480352	17.138004246284503	16.93255474452555	18.339644859813085	12.407124178578687	15.726760563380283	21.23245901639344	22.484528301886797	10.928578589330469	5.966080223717556	13.34818204676892	21.76	5.753945575161334	16.194074074074074	5.010771421392077
