0.0	24.55428571428572	20.841702610669696	15.939215686274512	0.0	15.458002148227717	6.2033543396866	11.086560170394035	11.84981530343008	14.928887741935489	22.18133333333333	15.76787878787879	0.0	2.947582286249556	23.506666666666668	24.856	19.200199888950586	27.126896551724137	24.083625377643504	16.93400213447172	13.631381100726896	16.93	14.773621150608973	14.07508502994012	28.640000000000004	22.45926698049765	25.543859649122805	14.48993362605943	3.6430900084571705	7.045260570492178	0.0	15.255348837209302	10.989714285714284	10.625549890750182	24.848000000000003	26.72	31.98	29.98	0.0	29.96	24.04181818181818	30.989565217391306	13.94923076923077	27.56	0.0	23.84	0.0	30.228	0.0	21.596	35.264	0.0	0.0	29.72	23.69	15.405714285714287	31.74	23.690262172284644	0.0	35.729230769230774	32.917142857142856	24.437852684144826	27.1825641025641	24.043548387096777	0.0	37.68	25.0	28.186666666666667
24.55428571428572	0.0	6.8149922239502345	27.586666666666662	0.0	29.96	23.465	27.231428571428573	13.070798178331737	27.03	9.140316546762593	20.070153846153847	7.601939975990396	27.99111111111112	21.17132947976879	13.550526315789474	8.872489150352012	10.904131147540983	9.3033409610984	0.0	19.33263157894737	5.089277295357184	9.606219081272084	14.677594477998277	3.954905352785422	7.400163955424619	4.187753598851147	21.47483870967742	23.867272727272727	18.452380952380956	11.43488584474886	0.0	0.0	8.848123694107816	20.2	2.1051924567295277	10.725363321799309	0.0	0.0	0.0	23.0	31.24666666666667	19.14	0.0	19.12	0.0	14.136170212765958	28.4	0.0	13.3	12.515870967741936	19.01333333333333	13.470379746835444	0.0	13.24	7.2	11.895	18.04235294117647	5.07	12.219474058280028	9.5408860342556	19.660000000000004	0.0	26.360000000000003	15.848000000000004	0.0	0.0	16.708571428571428
20.841702610669696	6.8149922239502345	0.0	25.525625	0.0	24.260915876538228	18.877090341450025	23.071964415689443	17.267405541561715	23.13393702529312	15.00629213483146	27.06938775510204	29.42	24.59532615083252	23.564444444444444	11.554456391875748	8.717844448131483	16.028141592920356	14.95739837398374	26.980483870967745	9.087954877549828	8.638639455782315	8.122362854765344	14.76134886316083	20.24	6.65924424694493	5.509268664942554	15.661403035658973	26.97642377756472	15.522353059581324	21.360000000000003	35.53303703703704	23.930114942528736	9.301350407450524	29.162439024390245	9.219258620689656	17.613222309153908	0.0	0.0	42.36	29.490169491525428	35.13879781420765	21.74111111111112	34.77333333333333	30.76	30.840000000000003	28.224691358024693	33.333963636363634	0.0	20.458262626262627	18.01897842852353	27.982	20.948209366391183	35.56	24.529631728045324	11.800068846815837	18.957984965780323	26.78301724137932	33.43	18.87575152523572	17.138952708583748	27.95107142857143	32.60982456140351	26.70800000000001	27.050666666666665	0.0	29.3	18.232000000000003
15.939215686274512	27.586666666666662	25.525625	0.0	0.0	11.64546689303905	7.216811819595646	16.182058823529413	10.806925294738948	6.686215691574317	29.0	6.127948274291958	0.0	18.84649563318777	12.209166666666668	15.8	29.65375	0.0	34.040000000000006	2.99292350966337	18.093333333333334	17.489411764705885	21.763243243243245	4.1000687554151884	29.96	30.041720430107528	27.235384615384618	3.874430312618768	16.3109529082951	15.465915492957748	0.0	26.643870967741936	16.17462409886715	15.82376364120309	26.78	0.0	43.6	27.44070796460177	0.0	29.81714285714286	25.760604229607253	32.32888888888889	14.484717883328022	28.59017322834646	0.0	19.72416666666667	0.0	34.68	0.0	0.0	43.68	0.0	0.0	25.20478873239437	27.6	17.360000000000003	0.0	22.52779614325069	0.0	0.0	36.32000000000001	27.87637883008357	35.57333333333334	29.24	0.0	43.720000000000006	0.0	32.77333333333333
0.0	0.0	0.0	0.0	0.0	2.090335097001764	19.4	2.423459915611814	8.38	18.84	0.0	20.18	0.0	0.0	2.400440578441564	0.0	30.24	0.0	0.0	0.0	0.0	0.0	0.0	0.0	0.0	0.0	0.0	0.0	3.064710659898477	18.9	0.0	2.7287096562150794	0.0	3.0695272727272727	0.0	0.0	0.0	0.0	0.0	0.0	0.0	0.0	0.0	0.0	0.0	0.0	0.0	0.0	0.0	0.0	0.0	0.0	0.0	0.0	0.0	0.0	0.0	0.0	0.0	0.0	0.0	0.0	0.0	0.0	0.0	0.0	0.0	0.0
15.458002148227717	29.96	24.260915876538228	11.64546689303905	2.090335097001764	0.0	9.043057622698353	4.976157700922516	13.699084967320264	6.5993640791546495	22.07542857142857	5.640805133198512	22.224	12.126019594621395	3.652950834793838	20.56	22.77383742911153	31.2	29.296666666666663	9.428536848930191	16.54561167883212	18.94	18.93381037567084	13.013527477689056	0.0	27.33749072011878	27.3705945945946	11.912799805400146	11.448993209787655	13.73519305019305	0.0	7.755196190220673	16.884464023494864	10.674611933174225	27.706666666666667	30.360000000000003	37.18	28.70465753424657	0.0	31.97866666666667	25.84406779661017	31.303505154639176	15.908809523809524	29.44708333333333	0.0	22.301052631578948	0.0	32.05285714285715	0.0	22.8	39.98	0.0	0.0	25.96666666666667	27.62	20.653333333333336	37.040000000000006	24.675771567436207	0.0	35.52	36.10444444444445	27.143529411764707	32.245714285714286	28.41619047619048	0.0	0.0	30.160000000000004	31.1
6.2033543396866	23.465	18.877090341450025	7.216811819595646	19.4	9.043057622698353	0.0	10.25976585411196	9.39857121265555	5.548922169112065	27.941333333333336	8.835719450469993	31.893333333333334	9.744486773497131	14.61978494623656	12.435151515151516	21.05419573506567	30.686060606060607	27.560224719101125	11.912	12.27168663746798	13.026054054054054	14.692468963609327	9.36328691519534	24.6	23.45858904933815	21.16239694656489	7.586763462398956	12.45331404140254	5.5558068733444745	0.0	22.150573099415205	12.644009074804986	12.93197437207657	24.411746031746038	25.48	32.24612903225807	24.94398291510945	0.0	27.38545059717698	22.48083720930233	27.51254797441365	12.529574134394982	25.62188819875777	39.190000000000005	19.996515151515155	45.16	30.334191363251485	30.97000000000001	24.20578313253012	35.84	0.0	43.74	23.0071676300578	24.321967213114757	15.803902439024393	30.85481481481481	21.521398316444163	0.0	36.51111111111111	33.014641509433964	23.56426459719143	29.59072550486163	23.63986740331492	0.0	37.09125	25.126153846153848	29.034106280193235
11.086560170394035	27.231428571428573	23.071964415689443	16.182058823529413	2.423459915611814	4.976157700922516	10.25976585411196	0.0	13.237278797996662	11.1880052041211	26.67232876712329	16.221794957236476	18.22	4.5716257797268	7.4510738255033555	31.431111111111115	22.012688090096955	30.3852380952381	27.49039772727273	16.23090720580612	16.679281166895	23.438260869565216	18.569800008714218	15.04184297825286	28.76	26.06331401885324	28.26812785388128	15.319724871033298	8.284609663197674	11.877227424118647	0.0	5.717657385818131	15.733250517598345	7.672584988469836	29.2	29.755000000000003	34.43876923076923	27.77367088607595	0.0	30.57021276595745	25.99503448275862	31.28941176470589	16.570243902439024	29.53233082706767	0.0	22.621052631578948	44.8	33.91753086419753	0.0	27.54222222222222	36.720000000000006	0.0	39.06	25.17837837837838	28.05052631578948	18.186666666666667	33.7	25.86231516056759	0.0	38.91076923076923	35.88192771084338	27.244947542794037	32.040000000000006	27.024242424242424	0.0	40.620000000000005	28.352	33.001428571428576
11.84981530343008	13.070798178331737	17.267405541561715	10.806925294738948	8.38	13.699084967320264	9.39857121265555	13.237278797996662	0.0	13.185711582646306	23.901079691516717	2.633113021858489	21.260652646845543	16.118252631578947	3.391182322200706	5.036178343949045	20.553710247349823	25.7952	24.293333333333337	12.357219655606889	11.844736842105265	4.802674029291824	17.78121212121212	5.580383463095755	18.317772151898737	20.40535796766744	14.554069679199724	10.28904710881212	10.138007799805006	8.73038670360111	26.235000000000003	20.450270270270277	10.20543660942638	11.81329286798179	13.63936507936508	18.333333333333336	24.02086956521739	14.546178257933828	0.0	17.534505494505495	12.330078378895047	17.6837228979376	2.164804714582852	15.513500156396622	30.714285714285715	7.725174739423667	9.0	19.54410326086957	14.766315789473683	9.630222222222224	25.840000000000003	0.0	29.440000000000005	12.149780621572214	13.47375	2.4592555831265512	17.130000000000003	10.832513066202091	0.0	29.56	26.087123287671236	13.01151421357009	18.2913667953668	12.41357037037037	38.4	27.25684210526316	13.86950819672131	18.64202247191012
14.928887741935489	27.03	23.13393702529312	6.686215691574317	18.84	6.5993640791546495	5.548922169112065	11.1880052041211	13.185711582646306	0.0	27.11117647058824	5.5913944369401865	30.714285714285715	16.962146719211084	14.08615984405458	16.488695652173913	25.682542857142856	31.913333333333338	32.230000000000004	3.978542211698207	15.489212656364977	16.398000000000003	18.166127405724023	10.92282774430879	30.660000000000004	27.28268674001158	25.07778140293638	6.853241409756457	17.462893662701436	14.435211024978466	34.88	22.467784319801677	16.13695765472313	16.212099229991985	28.542857142857144	29.160000000000004	36.58926829268293	29.05713836477988	0.0	31.325116279069768	26.99113445378152	32.14423841059603	15.853721654068476	30.183988269794725	0.0	22.0808	0.0	35.057078651685394	34.82000000000001	26.955789473684213	43.260000000000005	0.0	0.0	26.461225806451612	28.194482758620687	19.7275	35.012800000000006	24.611887382690306	0.0	0.0	37.09470588235295	28.505249424405218	33.82804597701149	27.57128205128205	0.0	40.432	28.186666666666667	34.714000000000006
22.18133333333333	9.140316546762593	15.00629213483146	29.0	0.0	22.07542857142857	27.941333333333336	26.67232876712329	23.901079691516717	27.11117647058824	0.0	25.58344827586207	5.215957976334146	25.865263157894734	31.592	18.87666666666667	7.156060984753812	3.851811715281425	3.5558508674787745	27.3875	16.46272	16.672394088669954	17.404295302013423	26.33796610169492	5.453636082155022	5.585651426935192	8.407169397253018	26.168	10.120072727272728	15.136380952380952	6.280489995273357	12.913015873015874	15.960000000000004	3.909389222075476	0.0	10.212307692307691	24.84695652173913	0.0	0.0	0.0	0.0	38.440000000000005	30.37	0.0	15.617748344370863	0.0	15.751121229368245	0.0	0.0	0.0	16.520000000000003	18.933333333333334	19.385454545454547	0.0	31.08	25.6	0.0	37.09	8.593488372093024	17.580117785630154	17.03578768577495	37.85866666666667	41.64	35.32000000000001	18.66024489795918	0.0	0.0	0.0
15.76787878787879	20.070153846153847	27.06938775510204	6.127948274291958	20.18	5.640805133198512	8.835719450469993	16.221794957236476	2.633113021858489	5.5913944369401865	25.58344827586207	0.0	29.5525	18.356914954665445	2.8330785083796712	0.0	31.390000000000004	30.920000000000005	34.480000000000004	3.179218372020514	22.53142857142857	12.98648275862069	23.80761904761905	4.137965857177207	25.45176470588235	31.591111111111115	19.43046153846154	8.044054492377555	16.883055175633288	21.984	0.0	20.67079115658688	18.811282051282053	16.21618542611928	0.0	0.0	0.0	30.68	0.0	0.0	28.160000000000004	0.0	19.520000000000003	32.160000000000004	0.0	23.08	0.0	45.2	0.0	30.2	0.0	0.0	0.0	0.0	34.56	0.0	38.52	26.625	0.0	0.0	40.120000000000005	30.17142857142857	0.0	0.0	0.0	0.0	0.0	0.0
0.0	7.601939975990396	29.42	0.0	0.0	22.224	31.893333333333334	18.22	21.260652646845543	30.714285714285715	5.215957976334146	29.5525	0.0	15.080000000000002	29.59428571428572	24.520000000000003	19.378	7.2112168199737186	9.699223880597014	29.390000000000004	0.0	14.483531243050924	22.92	24.512095808383236	4.166666092439146	4.973697929977	3.738008085973945	29.53333333333334	12.308311688311688	30.453333333333337	3.7658326073845743	14.532307692307691	0.0	6.511176536521576	0.0	13.915151515151516	16.76	0.0	0.0	0.0	0.0	50.86	37.028000000000006	0.0	13.887728613569324	0.0	14.691773334097292	49.56	0.0	36.584	31.78	17.679024390243903	16.473333333333336	0.0	0.0	27.843636363636364	40.720000000000006	39.57818181818182	7.145841458245019	15.427662290299054	16.19043237995669	37.36	0.0	0.0	17.26769084874348	0.0	0.0	0.0
2.947582286249556	27.99111111111112	24.59532615083252	18.84649563318777	0.0	12.126019594621395	9.744486773497131	4.5716257797268	16.118252631578947	16.962146719211084	25.865263157894734	18.356914954665445	15.080000000000002	0.0	20.56	26.624	23.31164238410596	30.909019607843145	27.960279069767445	19.36461950872586	17.565823867827113	21.4975	19.26947214789589	17.855589347223393	0.0	26.751885918003563	29.1678672985782	17.826463611611057	5.187811270646927	12.08153753690977	0.0	5.063383345836459	20.666545454545453	6.522477284291634	30.28	29.42909090909091	35.00888888888889	31.75692307692308	0.0	32.92	29.239000000000004	34.96711111111112	19.13742946708464	33.26514285714286	0.0	26.83	0.0	35.623333333333335	36.08	26.23466666666667	37.82000000000001	0.0	42.68	32.34	27.746666666666663	18.613333333333333	34.42133333333334	27.711995043370507	0.0	39.8	36.1328	28.591607418856263	33.341818181818184	27.696747967479677	0.0	45.08	28.8875	34.715555555555554
23.506666666666668	21.17132947976879	23.564444444444444	12.209166666666668	2.400440578441564	3.652950834793838	14.61978494623656	7.4510738255033555	3.391182322200706	14.08615984405458	31.592	2.8330785083796712	29.59428571428572	20.56	0.0	0.0	29.487619047619045	32.56	32.751999999999995	12.013071895424838	22.528	14.213477218225416	26.24	5.906949367088608	26.694375	29.44222222222222	21.25465721040189	13.149224489795918	18.92516129032258	17.986666666666668	0.0	6.056	18.59	23.435	0.0	0.0	0.0	0.0	0.0	0.0	0.0	0.0	20.160000000000004	0.0	0.0	0.0	0.0	0.0	0.0	0.0	0.0	0.0	0.0	0.0	0.0	15.64	0.0	0.0	0.0	35.24	33.96	0.0	0.0	0.0	0.0	0.0	0.0	0.0
24.856	13.550526315789474	11.554456391875748	15.8	0.0	20.56	12.435151515151516	31.431111111111115	5.036178343949045	16.488695652173913	18.87666666666667	0.0	24.520000000000003	26.624	0.0	0.0	18.435178571428573	25.5	22.4732530120482	0.0	7.336584956779771	5.490947309488364	4.605342288557214	4.393698944469941	15.72108108108108	18.47613200306984	6.440201599183396	4.886199963443612	14.166315789473682	12.833552859618717	22.08	0.0	12.433684210526318	12.584668803418804	20.90571428571429	16.05032258064516	18.979319470699437	0.0	0.0	36.02	24.40102564102564	30.489411764705885	9.956	34.1	0.0	0.0	18.4	27.1352380952381	0.0	18.23152155713688	25.410000000000004	0.0	27.89454545454545	0.0	18.85507127019322	9.805824836601309	18.68703867057451	19.95216393442623	0.0	30.441568627450984	18.73983410138249	19.92174580335732	22.15058823529412	19.618095627298736	0.0	0.0	19.38952380952381	19.026382978723404
19.200199888950586	8.872489150352012	8.717844448131483	29.65375	30.24	22.77383742911153	21.05419573506567	22.012688090096955	20.553710247349823	25.682542857142856	7.156060984753812	31.390000000000004	19.378	23.31164238410596	29.487619047619045	18.435178571428573	0.0	8.99551724137931	3.805423773014135	29.15555555555556	12.304763394603052	12.472544900033888	5.477716266402576	22.10581312641448	10.20457142857143	7.125976392569186	11.603008312815607	20.61954810865702	18.65781301059001	13.189457820253631	19.778039215686277	32.58921985815603	17.148627450980392	5.959135841360902	31.19851851851852	10.984449722882028	18.931271154460216	0.0	0.0	39.376	30.407813953488372	36.358548387096775	25.968	35.575	32.29333333333334	28.880000000000003	24.886185567010312	34.62461538461539	0.0	24.05734104046243	19.400843834064847	27.822222222222223	20.241191749427045	0.0	26.523859649122805	16.774339622641513	20.30546990496304	29.09076923076923	15.969230769230771	18.631247873511462	18.86704802081781	30.471707317073168	36.73739130434783	28.366382978723408	28.33935483870968	0.0	0.0	20.468387096774197
27.126896551724137	10.904131147540983	16.028141592920356	0.0	0.0	31.2	30.686060606060607	30.3852380952381	25.7952	31.913333333333338	3.851811715281425	30.920000000000005	7.2112168199737186	30.909019607843145	32.56	25.5	8.99551724137931	0.0	3.774750518313753	0.0	21.786	18.24533333333333	20.465925925925927	28.435384615384617	8.394844192634562	5.3216604047994185	8.49318258971872	26.83478260869565	23.838279569892475	20.140757575757576	7.857033530571994	22.6	21.9	9.894783319705642	0.0	19.442500000000003	25.486666666666668	0.0	0.0	0.0	0.0	0.0	41.21	0.0	17.0108	0.0	17.222567856053676	47.16	0.0	34.96	28.440000000000005	19.71257731958763	19.584761904761905	0.0	0.0	28.488000000000007	31.08	40.95777777777778	10.317363465160076	18.68194494584837	18.47883145249363	0.0	0.0	0.0	19.646712328767126	0.0	0.0	0.0
24.083625377643504	9.3033409610984	14.95739837398374	34.040000000000006	0.0	29.296666666666663	27.560224719101125	27.49039772727273	24.293333333333337	32.230000000000004	3.5558508674787745	34.480000000000004	9.699223880597014	27.960279069767445	32.751999999999995	22.4732530120482	3.805423773014135	3.774750518313753	0.0	37.56	17.245898123324398	17.2149855907781	17.493039215686274	27.040169491525425	8.556400441663602	6.101422611834083	9.59714770911399	24.19441340782123	22.13801226993865	16.96080272624006	9.58305785123967	34.13	21.89	6.77689663182346	0.0	10.75536231884058	21.43263736263736	0.0	0.0	0.0	0.0	40.5	39.85	0.0	17.46857142857143	0.0	17.880853485064012	38.120000000000005	0.0	32.11333333333334	21.11623931623932	20.524137931034485	20.067443037974684	0.0	31.74	29.491428571428575	26.026666666666664	38.1	9.752704918032787	18.414283226929776	18.63042445787416	40.14666666666667	41.620000000000005	30.333333333333336	20.0088622754491	0.0	0.0	27.346666666666664
16.93400213447172	0.0	26.980483870967745	2.99292350966337	0.0	9.428536848930191	11.912	16.23090720580612	12.357219655606889	3.978542211698207	27.3875	3.179218372020514	29.390000000000004	19.36461950872586	12.013071895424838	0.0	29.15555555555556	0.0	37.56	0.0	21.845	20.528	23.670625	6.079780643248852	0.0	31.627692307692318	27.915000000000003	4.524559630152014	18.47542349926031	21.113333333333337	0.0	23.240890973036347	17.859204892966364	17.074197742045847	0.0	0.0	38.540000000000006	28.917217391304348	0.0	31.695294117647062	27.08363636363637	33.15030303030303	16.074755555555555	29.8451724137931	0.0	21.69189189189189	0.0	41.18666666666668	37.32000000000001	0.0	0.0	0.0	0.0	26.1216393442623	29.8	0.0	38.68	23.8145496009122	0.0	0.0	0.0	29.517655172413797	38.78	31.940000000000005	0.0	47.2	0.0	36.790000000000006
13.631381100726896	19.33263157894737	9.087954877549828	18.093333333333334	0.0	16.54561167883212	12.27168663746798	16.679281166895	11.844736842105265	15.489212656364977	16.46272	22.53142857142857	0.0	17.565823867827113	22.528	7.336584956779771	12.304763394603052	21.786	17.245898123324398	21.845	0.0	8.342835209826	6.923228135415535	5.7307010231148166	19.735238095238092	18.296434724983435	13.461827604076698	4.580906444462249	12.062455492549123	6.014127356434452	0.0	28.086875000000003	10.916039603960396	7.7793194275274065	24.133333333333336	22.84	23.425164319248825	0.0	0.0	0.0	26.174444444444447	31.27111111111112	13.257142857142858	32.74	0.0	0.0	0.0	28.7072	0.0	19.032470541440865	27.1344	0.0	28.40421052631579	0.0	20.15037179796033	11.024437551020409	19.166496390893947	21.46089343880875	25.32	29.11350427350428	26.101298701298703	21.855832142857142	23.94420168067227	20.720127226463102	0.0	0.0	21.472	21.05754385964912
16.93	5.089277295357184	8.638639455782315	17.489411764705885	0.0	18.94	13.026054054054054	23.438260869565216	4.802674029291824	16.398000000000003	16.672394088669954	12.98648275862069	14.483531243050924	21.4975	14.213477218225416	5.490947309488364	12.472544900033888	18.24533333333333	17.2149855907781	20.528	8.342835209826	0.0	9.029392977043823	6.0030286938239685	11.662146368104862	14.375152941176472	5.682755564119857	9.83122541603631	8.28631217838765	8.909517409896152	18.23022222222222	0.0	8.05678756476684	13.661875	15.098666666666665	2.373385214007782	10.9740625	27.76	0.0	34.28	16.514666666666667	24.38615384615385	3.440638297872341	18.72	0.0	0.0	27.586666666666662	20.199047619047622	0.0	9.50327860441252	20.642857142857142	0.0	22.392	0.0	11.320466497031385	2.184840479577322	11.1019905421753	12.143171889838555	0.0	23.00923076923077	10.320379354368049	14.152338028169016	14.430709677419356	12.425617977528091	0.0	0.0	12.657777777777778	13.084615384615386
14.773621150608973	9.606219081272084	8.122362854765344	21.763243243243245	0.0	18.93381037567084	14.692468963609327	18.569800008714218	17.78121212121212	18.166127405724023	17.404295302013423	23.80761904761905	22.92	19.26947214789589	26.24	4.605342288557214	5.477716266402576	20.465925925925927	17.493039215686274	23.670625	6.923228135415535	9.029392977043823	0.0	10.941284403669725	16.007356321839083	11.926654542493418	9.907914938799587	9.35527463845282	16.322747385358007	8.799049292628444	0.0	29.75712707182321	18.604642857142856	8.972977771274586	28.884000000000004	11.244864864864866	18.03404388269545	31.440000000000005	0.0	35.84	29.496	34.96040000000001	19.95096774193548	32.566315789473684	0.0	37.52	19.246315789473684	33.024554455445546	0.0	18.67920932441814	24.474576271186443	0.0	25.856	35.92	20.068334437524847	11.183311258278144	20.026158788435065	22.840151658767773	17.14	27.66204081632653	19.165563440249787	22.427877485223	30.241379310344836	20.33675789473684	32.440000000000005	45.760000000000005	26.6	20.916
14.07508502994012	14.677594477998277	14.76134886316083	4.1000687554151884	0.0	13.013527477689056	9.36328691519534	15.04184297825286	5.580383463095755	10.92282774430879	26.33796610169492	4.137965857177207	24.512095808383236	17.855589347223393	5.906949367088608	4.393698944469941	22.10581312641448	28.435384615384617	27.040169491525425	6.079780643248852	5.7307010231148166	6.0030286938239685	10.941284403669725	0.0	21.00071671300587	21.494400377714825	14.320988328974588	3.709836925046484	13.875908949173684	11.516195222415746	27.162285714285712	22.83105882352941	12.851863955243765	13.780409750261702	21.26052863436124	21.01793103448276	27.429822485207104	22.890150891632377	0.0	25.66273127753304	20.77201438848921	26.14176941176471	10.448253946559149	24.304882914137032	39.02857142857143	15.968613775065387	0.0	27.05224130339058	24.73176470588235	18.047513682564507	29.990769230769228	39.68	33.00333333333334	20.77648475724501	18.74105823233816	9.796851155292853	23.91549668874172	19.47101782330223	26.28	33.63836734693878	27.97483146067416	20.172671151095297	24.680858772224088	19.787515165388577	0.0	36.81565217391305	20.459472140762465	24.52080123266564
28.640000000000004	3.954905352785422	20.24	29.96	0.0	0.0	24.6	28.76	18.317772151898737	30.660000000000004	5.453636082155022	25.45176470588235	4.166666092439146	0.0	26.694375	15.72108108108108	10.20457142857143	8.394844192634562	8.556400441663602	0.0	19.735238095238092	11.662146368104862	16.007356321839083	21.00071671300587	0.0	7.957934743635713	5.396273999508962	23.25	27.754285714285714	20.603076923076923	8.952523759239705	0.0	0.0	3.587609942638624	0.0	6.291746031746031	16.220000000000002	0.0	0.0	0.0	0.0	0.0	8.197759999999999	0.0	5.1488524590163935	0.0	5.886392459297343	0.0	0.0	28.32	17.01818181818182	13.286666666666669	15.376082474226806	0.0	0.0	15.10666666666667	28.92	30.62	3.3204624277456647	13.149014205768404	11.935344699777612	34.56	0.0	27.24	11.33816091954023	0.0	0.0	3.605022156573117
22.45926698049765	7.400163955424619	6.65924424694493	30.041720430107528	0.0	27.33749072011878	23.45858904933815	26.06331401885324	20.40535796766744	27.28268674001158	5.585651426935192	31.591111111111115	4.973697929977	26.751885918003563	29.44222222222222	18.47613200306984	7.125976392569186	5.3216604047994185	6.101422611834083	31.627692307692318	18.296434724983435	14.375152941176472	11.926654542493418	21.494400377714825	7.957934743635713	0.0	6.206632056454277	22.711112540192925	22.216352101506743	17.780880748246297	4.162482680934948	35.8445390070922	21.581333333333333	9.42660864222814	34.336666666666666	9.187582910068718	17.232315102408286	0.0	0.0	44.3	33.48800000000001	40.06295081967214	36.98526315789474	41.4	17.312388663967614	0.0	17.4446780010304	37.77809523809524	0.0	26.68272	17.890470718232045	20.23284916201117	18.391809309309316	0.0	27.768917197452232	25.2085	22.344401709401712	35.08092485549133	8.64632431065014	17.099437987220103	17.37023681640625	31.81575757575758	38.208000000000006	28.770140845070426	20.02935304990758	0.0	0.0	20.4985
25.543859649122805	4.187753598851147	5.509268664942554	27.235384615384618	0.0	27.3705945945946	21.16239694656489	28.26812785388128	14.554069679199724	25.07778140293638	8.407169397253018	19.43046153846154	3.738008085973945	29.1678672985782	21.25465721040189	6.440201599183396	11.603008312815607	8.49318258971872	9.59714770911399	27.915000000000003	13.461827604076698	5.682755564119857	9.907914938799587	14.320988328974588	5.396273999508962	6.206632056454277	0.0	14.376841941263535	24.21659850374065	20.540110041265475	6.859747322164241	36.87428571428572	23.644	10.795816045263312	29.227500000000003	8.194164934164935	16.611252444317262	0.0	0.0	38.94500000000001	28.828710280373837	33.83925608011445	31.360000000000003	32.072	17.728131147540985	0.0	17.886171226831422	31.81705314009662	30.76	18.45227226549272	17.65210229938996	20.377224880382776	18.69289337601576	49.24	21.87765903307888	10.24860127388535	18.46163536099092	28.49543071161049	8.140592061595646	16.904367160431836	17.052994704883496	27.264709897610924	34.69106382978724	26.692740740740746	19.946579139314373	42.040000000000006	0.0	18.622244897959185
14.48993362605943	21.47483870967742	15.661403035658973	3.874430312618768	0.0	11.912799805400146	7.586763462398956	15.319724871033298	10.28904710881212	6.853241409756457	26.168	8.044054492377555	29.53333333333334	17.826463611611057	13.149224489795918	4.886199963443612	20.61954810865702	26.83478260869565	24.19441340782123	4.524559630152014	4.580906444462249	9.83122541603631	9.35527463845282	3.709836925046484	23.25	22.711112540192925	14.376841941263535	0.0	14.194197615013602	8.231885498488685	32.306666666666665	24.745062836624776	12.975273455868823	12.628223175511067	23.406368159203986	25.488000000000003	30.194626865671644	25.94761369443025	0.0	28.09071789686552	22.87950143815916	28.234392837157248	13.137337604099937	26.54581003517867	39.76800000000001	19.96544819557625	34.9	29.09590846047157	26.872	18.816327195035104	31.646896551724144	0.0	37.23333333333333	23.799331797235023	21.06867944621938	11.962155251141551	26.2775593220339	21.231051822111414	0.0	36.84444444444445	30.34153034300792	22.561093230047454	25.847997951868923	21.72926249008723	0.0	37.36457142857144	22.003076923076925	26.307948243992605
3.6430900084571705	23.867272727272727	26.97642377756472	16.3109529082951	3.064710659898477	11.448993209787655	12.45331404140254	8.284609663197674	10.138007799805006	17.462893662701436	10.120072727272728	16.883055175633288	12.308311688311688	5.187811270646927	18.92516129032258	14.166315789473682	18.65781301059001	23.838279569892475	22.13801226993865	18.47542349926031	12.062455492549123	8.28631217838765	16.322747385358007	13.875908949173684	27.754285714285714	22.216352101506743	24.21659850374065	14.194197615013602	0.0	6.404880197676628	16.26	3.6070964901748903	2.8061392199935185	3.809749316528428	24.2	23.494545454545456	31.986666666666668	29.868932038834952	0.0	33.38892857142857	26.31300081766149	31.54003389830509	15.70388489208633	30.5572	42.13600000000001	25.52421052631579	49.88	32.097386253630205	34.540000000000006	17.405547445255475	30.686666666666667	0.0	33.940000000000005	27.567524752475247	18.48053872053872	10.680422832980977	29.938461538461542	23.211365453683	0.0	33.18468085106383	33.109180327868856	22.221787408165163	27.922127255460587	20.830829817158936	0.0	40.57777777777778	21.5568	28.843235294117648
7.045260570492178	18.452380952380956	15.522353059581324	15.465915492957748	18.9	13.73519305019305	5.5558068733444745	11.877227424118647	8.73038670360111	14.435211024978466	15.136380952380952	21.984	30.453333333333337	12.08153753690977	17.986666666666668	12.833552859618717	13.189457820253631	20.140757575757576	16.96080272624006	21.113333333333337	6.014127356434452	8.909517409896152	8.799049292628444	11.516195222415746	20.603076923076923	17.780880748246297	20.540110041265475	8.231885498488685	6.404880197676628	0.0	0.0	22.07991208791209	7.002285909245991	6.571940443366053	22.71536842105263	18.87	27.40720720720721	24.74	0.0	29.56	21.578820512820517	28.614457274826798	11.935604651162793	25.2575	42.120000000000005	21.782857142857143	0.0	27.476803455723548	31.08	18.57197958026092	29.21777777777778	0.0	29.084444444444443	22.5	20.134460641399414	11.396332863187588	21.434098360655742	21.17993077303445	21.48	28.695757575757572	28.893454545454546	21.82571876906983	24.62059027777778	20.81535608308605	0.0	36.36	21.55686274509804	24.01832402234637
0.0	11.43488584474886	21.360000000000003	0.0	0.0	0.0	0.0	0.0	26.235000000000003	34.88	6.280489995273357	0.0	3.7658326073845743	0.0	0.0	22.08	19.778039215686277	7.857033530571994	9.58305785123967	0.0	0.0	18.23022222222222	0.0	27.162285714285712	8.952523759239705	4.162482680934948	6.859747322164241	32.306666666666665	16.26	0.0	0.0	0.0	0.0	11.927846153846154	0.0	27.8	24.82	0.0	0.0	0.0	0.0	0.0	0.0	0.0	17.50537931034483	0.0	17.815157657657657	0.0	0.0	36.7	26.68	20.70074074074074	20.325333333333333	0.0	0.0	32.040000000000006	0.0	42.78666666666668	11.451084337349398	20.058445595854927	19.340134089736974	0.0	0.0	0.0	20.81614814814815	0.0	0.0	0.0
15.255348837209302	0.0	35.53303703703704	26.643870967741936	2.7287096562150794	7.755196190220673	22.150573099415205	5.717657385818131	20.450270270270277	22.467784319801677	12.913015873015874	20.67079115658688	14.532307692307691	5.063383345836459	6.056	0.0	32.58921985815603	22.6	34.13	23.240890973036347	28.086875000000003	0.0	29.75712707182321	22.83105882352941	0.0	35.8445390070922	36.87428571428572	24.745062836624776	3.6070964901748903	22.07991208791209	0.0	0.0	29.984	3.69208241386091	36.48	0.0	43.36	0.0	0.0	39.653333333333336	34.6	38.30526315789474	23.482857142857146	39.39	0.0	31.520000000000003	0.0	40.61	0.0	0.0	0.0	0.0	0.0	0.0	35.760000000000005	0.0	0.0	32.70371681415929	0.0	0.0	45.870000000000005	34.68731707317073	38.58181818181818	34.220000000000006	0.0	0.0	0.0	37.7
10.989714285714284	0.0	23.930114942528736	16.17462409886715	0.0	16.884464023494864	12.644009074804986	15.733250517598345	10.20543660942638	16.13695765472313	15.960000000000004	18.811282051282053	0.0	20.666545454545453	18.59	12.433684210526318	17.148627450980392	21.9	21.89	17.859204892966364	10.916039603960396	8.05678756476684	18.604642857142856	12.851863955243765	0.0	21.581333333333333	23.644	12.975273455868823	2.8061392199935185	7.002285909245991	0.0	29.984	0.0	4.436973094170403	24.903333333333336	0.0	0.0	28.619259259259263	0.0	30.618181818181817	24.90530612244898	29.411481481481484	13.471948051948052	28.64590163934426	0.0	22.97142857142857	0.0	30.20738461538462	0.0	18.6221686746988	0.0	0.0	29.0	25.868571428571425	19.14075187969925	11.277333333333337	28.140000000000004	22.08611814345992	0.0	0.0	35.36	21.927193149381544	26.62149253731344	21.22540772532189	0.0	0.0	23.24571428571429	26.449230769230773
10.625549890750182	8.848123694107816	9.301350407450524	15.82376364120309	3.0695272727272727	10.674611933174225	12.93197437207657	7.672584988469836	11.81329286798179	16.212099229991985	3.909389222075476	16.21618542611928	6.511176536521576	6.522477284291634	23.435	12.584668803418804	5.959135841360902	9.894783319705642	6.77689663182346	17.074197742045847	7.7793194275274065	13.661875	8.972977771274586	13.780409750261702	3.587609942638624	9.42660864222814	10.795816045263312	12.628223175511067	3.809749316528428	6.571940443366053	11.927846153846154	3.69208241386091	4.436973094170403	0.0	25.93052631578948	9.935189873417722	17.005863013698633	28.87862068965517	0.0	32.508750000000006	26.646930091185407	31.95021406727829	14.41373253493014	29.7575	10.526984126984129	24.915151515151518	14.6241975308642	33.19402985074628	31.68	20.661818181818184	17.86408163265306	14.818181818181818	19.11324675324676	26.46	20.669714285714285	12.073333333333334	18.68453333333333	24.874018246727488	8.300540540540542	17.573354890864998	17.39675422626788	25.157366042608132	31.943583815028905	23.160425531914893	17.589565217391304	47.4	23.27428571428572	4.958075949367089
24.848000000000003	20.2	29.162439024390245	26.78	0.0	27.706666666666667	24.411746031746038	29.2	13.63936507936508	28.542857142857144	0.0	0.0	0.0	30.28	0.0	20.90571428571429	31.19851851851852	0.0	0.0	0.0	24.133333333333336	15.098666666666665	28.884000000000004	21.26052863436124	0.0	34.336666666666666	29.227500000000003	23.406368159203986	24.2	22.71536842105263	0.0	36.48	24.903333333333336	25.93052631578948	2.3200000000000003	19.520000000000003	17.284656971489607	14.156719817767655	0.0	13.960988467874795	6.8035052435849765	9.29039440838742	10.61629746835443	13.130033690658498	18.948307692307694	13.001340782122904	26.473846153846157	4.084021047290216	18.621538461538464	29.805714285714288	18.02070418778341	23.85661341853035	20.056500940607364	13.751755725190842	13.713689004554324	10.73984251968504	15.529314534007272	12.891511363636363	0.0	21.423867567877192	23.02115992970123	13.388089500860584	5.320190218334549	5.137816149316299	27.136000000000003	13.158358974358972	11.232727272727272	10.69522896039604
26.72	2.1051924567295277	9.219258620689656	0.0	0.0	30.360000000000003	25.48	29.755000000000003	18.333333333333336	29.160000000000004	10.212307692307691	0.0	13.915151515151516	29.42909090909091	0.0	16.05032258064516	10.984449722882028	19.442500000000003	10.75536231884058	0.0	22.84	2.373385214007782	11.244864864864866	21.01793103448276	6.291746031746031	9.187582910068718	8.194164934164935	25.488000000000003	23.494545454545456	18.87	27.8	0.0	0.0	9.935189873417722	19.520000000000003	0.0	7.426619385342791	25.76	0.0	27.26	23.9175	29.228571428571428	13.38280871287129	23.360000000000003	11.734901960784317	19.324038461538464	8.843997510447231	29.952	20.723710144927537	8.187234927234929	9.31528846153846	15.11076923076923	9.357495527728087	27.040000000000003	13.286933333333334	4.737356293049468	10.9047533632287	14.622767025089606	3.9658626174113976	7.586548937443879	5.798691524201545	16.360615384615386	22.5575	22.33189189189189	12.540785498489427	0.0	19.912	12.098271604938272
31.98	10.725363321799309	17.613222309153908	43.6	0.0	37.18	32.24612903225807	34.43876923076923	24.02086956521739	36.58926829268293	24.84695652173913	0.0	16.76	35.00888888888889	0.0	18.979319470699437	18.931271154460216	25.486666666666668	21.43263736263736	38.540000000000006	23.425164319248825	10.9740625	18.03404388269545	27.429822485207104	16.220000000000002	17.232315102408286	16.611252444317262	30.194626865671644	31.986666666666668	27.40720720720721	24.82	43.36	0.0	17.005863013698633	17.284656971489607	7.426619385342791	0.0	22.984	34.3	25.51290944123314	15.728702479338844	23.00685843366256	19.33	19.556975660279647	33.08303797468354	36.604	14.153962264150945	21.700823471882643	27.495	15.433548387096774	7.639923619409105	14.48857142857143	8.142942554378138	29.20444444444444	9.064577386674555	8.838214285714287	7.401016769563313	16.68335032129404	13.28	6.937757427931591	4.7266224136884905	14.385059263880226	25.793272446255447	14.097094102054342	15.062514970059883	34.00904761904762	18.33166666666667	10.390729533192587
29.98	0.0	0.0	27.44070796460177	0.0	28.70465753424657	24.94398291510945	27.77367088607595	14.546178257933828	29.05713836477988	0.0	30.68	0.0	31.75692307692308	0.0	0.0	0.0	0.0	0.0	28.917217391304348	0.0	27.76	31.440000000000005	22.890150891632377	0.0	0.0	0.0	25.94761369443025	29.868932038834952	24.74	0.0	0.0	28.619259259259263	28.87862068965517	14.156719817767655	25.76	22.984	0.0	0.0	11.783251721499616	8.355407854984895	18.02246359223301	11.717053800170795	5.5952250885179575	28.293333333333333	6.868504749695954	34.2	19.263854407170992	14.02775	0.0	0.0	30.440000000000005	33.07333333333334	3.3473589153913763	0.0	17.18	19.85263157894737	4.466336135325862	0.0	32.34	26.715294117647066	3.6421311962006535	17.93072111906102	16.32	34.160000000000004	26.211428571428577	16.873982300884958	17.33649186256781
0.0	0.0	0.0	0.0	0.0	0.0	0.0	0.0	0.0	0.0	0.0	0.0	0.0	0.0	0.0	0.0	0.0	0.0	0.0	0.0	0.0	0.0	0.0	0.0	0.0	0.0	0.0	0.0	0.0	0.0	0.0	0.0	0.0	0.0	0.0	0.0	34.3	0.0	0.0	3.517477666841829	0.0	2.907552795031056	9.06	22.76	8.56	22.520000000000003	0.0	0.0	2.3425380116959067	0.0	0.0	0.0	0.0	22.346666666666668	0.0	0.0	0.0	26.12	0.0	17.28	0.0	0.0	3.546666666666667	0.0	0.0	2.3583523256862806	0.0	2.4548547717842326
29.96	0.0	42.36	29.81714285714286	0.0	31.97866666666667	27.38545059717698	30.57021276595745	17.534505494505495	31.325116279069768	0.0	0.0	0.0	32.92	0.0	36.02	39.376	0.0	0.0	31.695294117647062	0.0	34.28	35.84	25.66273127753304	0.0	44.3	38.94500000000001	28.09071789686552	33.38892857142857	29.56	0.0	39.653333333333336	30.618181818181817	32.508750000000006	13.960988467874795	27.26	25.51290944123314	11.783251721499616	3.517477666841829	0.0	9.587924569554524	5.240652903041357	15.3200287459576	6.34661739444244	21.829667519181587	5.147970136107208	28.831304347826084	13.207728978598237	3.839249275896131	22.85	30.785925925925927	29.540000000000003	26.672500000000003	5.932180577910631	18.853892215568862	22.520000000000003	21.456501145912917	13.008754552867623	29.6	31.83421383647799	25.361899736147755	12.112240919669937	13.504158203020046	18.80864197530864	28.665454545454548	4.829911726627173	19.56658227848101	13.521955811506729
24.04181818181818	23.0	29.490169491525428	25.760604229607253	0.0	25.84406779661017	22.48083720930233	25.99503448275862	12.330078378895047	26.99113445378152	0.0	28.160000000000004	0.0	29.239000000000004	0.0	24.40102564102564	30.407813953488372	0.0	0.0	27.08363636363637	26.174444444444447	16.514666666666667	29.496	20.77201438848921	0.0	33.48800000000001	28.828710280373837	22.87950143815916	26.31300081766149	21.578820512820517	0.0	34.6	24.90530612244898	26.646930091185407	6.8035052435849765	23.9175	15.728702479338844	8.355407854984895	0.0	9.587924569554524	0.0	11.28238461765065	9.531876717415525	5.170739307973351	25.70867132867133	9.366166666666668	30.911020408163267	10.908677905816694	14.87117117117117	17.7584	16.64953843736497	23.18893812070283	19.306127816771333	16.538387096774194	11.706723109250143	10.364395604395606	13.646185097480387	8.338822951624786	0.0	21.14029300776915	18.97494003823649	7.136383360296977	13.788985547467073	6.432745039483412	29.12962962962963	23.002445414847163	12.9085552407932	13.387226241604935
30.989565217391306	31.24666666666667	35.13879781420765	32.32888888888889	0.0	31.303505154639176	27.51254797441365	31.28941176470589	17.6837228979376	32.14423841059603	38.440000000000005	0.0	50.86	34.96711111111112	0.0	30.489411764705885	36.358548387096775	0.0	40.5	33.15030303030303	31.27111111111112	24.38615384615385	34.96040000000001	26.14176941176471	0.0	40.06295081967214	33.83925608011445	28.234392837157248	31.54003389830509	28.614457274826798	0.0	38.30526315789474	29.411481481481484	31.95021406727829	9.29039440838742	29.228571428571428	23.00685843366256	18.02246359223301	2.907552795031056	5.240652903041357	11.28238461765065	0.0	14.745081063286976	10.0398363030839	13.85435684647303	12.84405195592078	21.973333333333336	4.452738544746602	5.677705461019335	25.088	24.86927919976464	26.001503759398496	27.27943949044586	15.696055135089429	17.620305841062923	17.453333333333333	19.768840583648075	15.327632505493986	30.2	28.140664671601822	24.080528451055866	15.76400396432111	5.883714371543179	15.064114629976393	29.02074074074074	4.99542033824939	18.167346938775516	6.567933239226106
