 0.00000000e+00 0.00000000e+00 0.00000000e+00 0.00000000e+00 0.00000000e+00 1.33333333e-04 9.82666667e-03 6.13333333e-04 1.60000000e-04 2.53333333e-04 1.06666667e-04 0.00000000e+00 0.00000000e+00 3.70133333e-02 0.00000000e+00 0.00000000e+00 1.54666667e-03 1.60000000e-04 1.88000000e-03 0.00000000e+00 5.06666667e-04 0.00000000e+00 8.00000000e-04 5.20000000e-04 0.00000000e+00 5.73333333e-04 9.33333333e-05 1.01333333e-03 8.26133333e-02 2.42000000e-02 0.00000000e+00 9.33333333e-05 0.00000000e+00 7.60000000e-04 0.00000000e+00 0.00000000e+00 0.00000000e+00 0.00000000e+00 0.00000000e+00 0.00000000e+00 0.00000000e+00 0.00000000e+00 0.00000000e+00 0.00000000e+00 0.00000000e+00 0.00000000e+00 0.00000000e+00 0.00000000e+00 0.00000000e+00 0.00000000e+00 0.00000000e+00 0.00000000e+00 0.00000000e+00 0.00000000e+00 0.00000000e+00 0.00000000e+00 0.00000000e+00 0.00000000e+00 0.00000000e+00 0.00000000e+00 0.00000000e+00 0.00000000e+00 0.00000000e+00 0.00000000e+00 0.00000000e+00 0.00000000e+00 0.00000000e+00 0.00000000e+00
 0.00000000e+00 0.00000000e+00 2.58666667e-03 0.00000000e+00 6.00000000e-04 0.00000000e+00 6.66666667e-05 6.66666667e-05 5.88000000e-03 0.00000000e+00 0.00000000e+00 0.00000000e+00 7.13333333e-03 1.06666667e-04 2.80000000e-04 1.33333333e-04 2.88000000e-03 2.13333333e-04 4.93333333e-04 0.00000000e+00 0.00000000e+00 1.22133333e-02 2.45333333e-03 4.45333333e-03 9.61333333e-03 8.80000000e-04 1.62133333e-02 3.60000000e-04 0.00000000e+00 6.66666667e-05 0.00000000e+00 0.00000000e+00 0.00000000e+00 3.46666667e-04 0.00000000e+00 0.00000000e+00 6.40000000e-04 0.00000000e+00 0.00000000e+00 0.00000000e+00 0.00000000e+00 0.00000000e+00 0.00000000e+00 0.00000000e+00 0.00000000e+00 0.00000000e+00 0.00000000e+00 0.00000000e+00 0.00000000e+00 0.00000000e+00 3.73333333e-04 0.00000000e+00 0.00000000e+00 0.00000000e+00 0.00000000e+00 0.00000000e+00 8.00000000e-05 0.00000000e+00 0.00000000e+00 1.33333333e-04 1.33333333e-03 0.00000000e+00 0.00000000e+00 0.00000000e+00 0.00000000e+00 0.00000000e+00 0.00000000e+00 0.00000000e+00
 0.00000000e+00 2.58666667e-03 0.00000000e+00 6.66666667e-05 0.00000000e+00 4.80000000e-04 8.57333333e-03 2.76000000e-03 0.00000000e+00 9.73333333e-04 0.00000000e+00 0.00000000e+00 0.00000000e+00 2.92000000e-03 0.00000000e+00 0.00000000e+00 7.58400000e-02 2.26666667e-04 4.21333333e-03 0.00000000e+00 1.03866667e-02 2.38666667e-03 6.24933333e-02 1.29333333e-03 0.00000000e+00 1.34480000e-01 9.84266667e-02 7.82666667e-03 3.33333333e-04 2.13333333e-03 0.00000000e+00 0.00000000e+00 0.00000000e+00 2.70666667e-03 0.00000000e+00 1.76000000e-03 5.89333333e-03 0.00000000e+00 0.00000000e+00 0.00000000e+00 0.00000000e+00 0.00000000e+00 0.00000000e+00 0.00000000e+00 0.00000000e+00 0.00000000e+00 0.00000000e+00 0.00000000e+00 0.00000000e+00 0.00000000e+00 7.72000000e-03 6.66666667e-05 4.13333333e-04 0.00000000e+00 0.00000000e+00 1.46666667e-04 4.02666667e-03 8.00000000e-05 0.00000000e+00 3.86666667e-03 9.25333333e-03 0.00000000e+00 0.00000000e+00 0.00000000e+00 0.00000000e+00 0.00000000e+00 0.00000000e+00 5.60000000e-04
 0.00000000e+00 0.00000000e+00 6.66666667e-05 0.00000000e+00 2.80000000e-04 1.17333333e-03 1.18666667e-03 1.48000000e-03 8.60000000e-03 2.19600000e-02 6.66666667e-05 2.80133333e-02 0.00000000e+00 1.32000000e-03 3.86666667e-04 0.00000000e+00 0.00000000e+00 0.00000000e+00 0.00000000e+00 1.77333333e-02 0.00000000e+00 0.00000000e+00 0.00000000e+00 8.86666667e-03 0.00000000e+00 9.33333333e-05 0.00000000e+00 4.34800000e-02 1.09333333e-03 0.00000000e+00 0.00000000e+00 5.20000000e-04 0.00000000e+00 3.06666667e-04 0.00000000e+00 0.00000000e+00 0.00000000e+00 8.00000000e-04 0.00000000e+00 3.06666667e-04 1.33333333e-04 3.86666667e-04 1.20000000e-04 1.57333333e-03 0.00000000e+00 3.06666667e-04 0.00000000e+00 9.33333333e-05 0.00000000e+00 0.00000000e+00 0.00000000e+00 0.00000000e+00 0.00000000e+00 9.33333333e-05 0.00000000e+00 0.00000000e+00 0.00000000e+00 9.73333333e-04 0.00000000e+00 0.00000000e+00 0.00000000e+00 3.78666667e-03 8.00000000e-05 0.00000000e+00 0.00000000e+00 0.00000000e+00 0.00000000e+00 0.00000000e+00
 0.00000000e+00 6.00000000e-04 0.00000000e+00 2.80000000e-04 0.00000000e+00 1.74266667e-02 0.00000000e+00 2.16000000e-03 1.32000000e-03 7.06666667e-04 3.06666667e-04 4.00000000e-04 3.86666667e-04 1.33333333e-04 3.93333333e-02 0.00000000e+00 6.66666667e-05 0.00000000e+00 6.66666667e-05 1.06666667e-04 0.00000000e+00 1.93333333e-03 0.00000000e+00 2.25333333e-03 1.73333333e-04 9.33333333e-05 1.26666667e-03 7.06666667e-04 2.13333333e-04 0.00000000e+00 0.00000000e+00 2.70666667e-03 0.00000000e+00 1.02000000e-02 0.00000000e+00 0.00000000e+00 0.00000000e+00 0.00000000e+00 0.00000000e+00 0.00000000e+00 0.00000000e+00 0.00000000e+00 0.00000000e+00 0.00000000e+00 0.00000000e+00 0.00000000e+00 0.00000000e+00 0.00000000e+00 0.00000000e+00 0.00000000e+00 0.00000000e+00 0.00000000e+00 0.00000000e+00 0.00000000e+00 0.00000000e+00 0.00000000e+00 0.00000000e+00 0.00000000e+00 0.00000000e+00 0.00000000e+00 0.00000000e+00 0.00000000e+00 0.00000000e+00 0.00000000e+00 0.00000000e+00 0.00000000e+00 0.00000000e+00 0.00000000e+00
 1.33333333e-04 0.00000000e+00 4.80000000e-04 1.17333333e-03 1.74266667e-02 0.00000000e+00 3.18400000e-02 9.81333333e-02 2.52000000e-03 1.94840000e-01 1.50666667e-03 2.73733333e-02 8.00000000e-04 1.19333333e-02 8.04000000e-03 0.00000000e+00 1.86666667e-04 3.06666667e-04 1.33333333e-04 1.06666667e-03 0.00000000e+00 2.00000000e-04 2.80000000e-04 1.54666667e-03 0.00000000e+00 4.80000000e-04 3.46666667e-04 1.26666667e-02 9.98666667e-03 1.20000000e-04 1.06666667e-04 4.12533333e-02 0.00000000e+00 2.37333333e-03 0.00000000e+00 0.00000000e+00 0.00000000e+00 2.66666667e-04 0.00000000e+00 8.13333333e-04 2.13333333e-04 1.22666667e-03 1.60000000e-04 1.76000000e-03 0.00000000e+00 0.00000000e+00 0.00000000e+00 3.86666667e-04 0.00000000e+00 0.00000000e+00 0.00000000e+00 0.00000000e+00 0.00000000e+00 0.00000000e+00 0.00000000e+00 0.00000000e+00 0.00000000e+00 2.25333333e-03 0.00000000e+00 0.00000000e+00 0.00000000e+00 4.05333333e-03 5.46666667e-04 0.00000000e+00 0.00000000e+00 0.00000000e+00 0.00000000e+00 1.73333333e-04
 9.82666667e-03 6.66666667e-05 8.57333333e-03 1.18666667e-03 0.00000000e+00 3.18400000e-02 0.00000000e+00 3.86400000e-02 5.20000000e-04 1.38746667e-01 2.93333333e-04 3.46666667e-04 2.00000000e-04 9.73866667e-02 6.66666667e-05 0.00000000e+00 5.49333333e-03 2.93333333e-04 3.41333333e-03 1.60000000e-04 6.05333333e-03 0.00000000e+00 1.34400000e-02 2.51866667e-02 0.00000000e+00 3.82666667e-03 1.34666667e-03 2.57480000e-01 9.54666667e-03 5.27466667e-02 0.00000000e+00 4.66666667e-04 0.00000000e+00 2.36000000e-03 0.00000000e+00 0.00000000e+00 0.00000000e+00 0.00000000e+00 0.00000000e+00 1.06666667e-04 0.00000000e+00 0.00000000e+00 8.00000000e-05 2.13333333e-04 0.00000000e+00 0.00000000e+00 0.00000000e+00 0.00000000e+00 0.00000000e+00 0.00000000e+00 0.00000000e+00 0.00000000e+00 0.00000000e+00 0.00000000e+00 0.00000000e+00 0.00000000e+00 0.00000000e+00 8.00000000e-05 0.00000000e+00 0.00000000e+00 0.00000000e+00 2.80000000e-04 0.00000000e+00 0.00000000e+00 0.00000000e+00 0.00000000e+00 0.00000000e+00 0.00000000e+00
 6.13333333e-04 6.66666667e-05 2.76000000e-03 1.48000000e-03 2.16000000e-03 9.81333333e-02 3.86400000e-02 0.00000000e+00 1.86666667e-03 6.35200000e-02 1.53333333e-03 8.08000000e-03 7.86666667e-04 1.33893333e-01 9.06666667e-04 0.00000000e+00 3.68000000e-03 3.86666667e-04 3.22666667e-03 1.61333333e-03 1.52000000e-03 8.00000000e-05 4.06666667e-03 2.89333333e-03 0.00000000e+00 3.74666667e-03 6.40000000e-04 1.39866667e-02 1.15733333e-02 3.60000000e-03 1.73333333e-04 3.35733333e-02 0.00000000e+00 1.97333333e-03 0.00000000e+00 0.00000000e+00 0.00000000e+00 9.33333333e-05 0.00000000e+00 3.33333333e-04 8.00000000e-05 5.20000000e-04 8.00000000e-05 4.66666667e-04 0.00000000e+00 9.33333333e-05 0.00000000e+00 2.80000000e-04 0.00000000e+00 0.00000000e+00 0.00000000e+00 0.00000000e+00 0.00000000e+00 0.00000000e+00 0.00000000e+00 0.00000000e+00 0.00000000e+00 8.80000000e-04 0.00000000e+00 0.00000000e+00 0.00000000e+00 1.38666667e-03 2.53333333e-04 0.00000000e+00 0.00000000e+00 0.00000000e+00 0.00000000e+00 2.00000000e-04
 1.60000000e-04 5.88000000e-03 0.00000000e+00 8.60000000e-03 1.32000000e-03 2.52000000e-03 5.20000000e-04 1.86666667e-03 0.00000000e+00 7.17333333e-03 2.13333333e-04 3.89333333e-03 2.97333333e-03 1.82666667e-03 6.66666667e-04 0.00000000e+00 5.20000000e-04 1.33333333e-04 4.40000000e-04 2.89333333e-03 0.00000000e+00 2.02933333e-02 0.00000000e+00 1.17533333e-01 2.42666667e-03 1.00000000e-03 9.28000000e-03 1.61600000e-02 6.01333333e-03 1.66666667e-03 9.33333333e-05 3.60000000e-04 1.73333333e-04 1.16000000e-03 0.00000000e+00 0.00000000e+00 0.00000000e+00 1.46666667e-04 0.00000000e+00 0.00000000e+00 0.00000000e+00 0.00000000e+00 1.60000000e-04 3.46666667e-04 0.00000000e+00 0.00000000e+00 0.00000000e+00 0.00000000e+00 0.00000000e+00 0.00000000e+00 0.00000000e+00 0.00000000e+00 0.00000000e+00 0.00000000e+00 0.00000000e+00 0.00000000e+00 0.00000000e+00 4.66666667e-04 0.00000000e+00 1.20000000e-04 6.66666667e-05 6.93333333e-04 6.66666667e-05 0.00000000e+00 0.00000000e+00 0.00000000e+00 0.00000000e+00 9.33333333e-05
 2.53333333e-04 0.00000000e+00 9.73333333e-04 2.19600000e-02 7.06666667e-04 1.94840000e-01 1.38746667e-01 6.35200000e-02 7.17333333e-03 0.00000000e+00 1.45333333e-03 8.33333333e-03 6.26666667e-04 2.82933333e-02 7.60000000e-04 0.00000000e+00 5.33333333e-04 2.66666667e-04 2.80000000e-04 1.27466667e-02 2.13333333e-04 0.00000000e+00 8.53333333e-04 2.28000000e-03 0.00000000e+00 1.24000000e-03 6.80000000e-04 1.14773333e-01 1.07200000e-02 2.93333333e-04 1.60000000e-04 2.94666667e-03 0.00000000e+00 5.13333333e-03 0.00000000e+00 0.00000000e+00 0.00000000e+00 1.02666667e-03 0.00000000e+00 2.62666667e-03 4.00000000e-04 1.97333333e-03 1.00000000e-03 6.30666667e-03 0.00000000e+00 2.00000000e-04 0.00000000e+00 4.53333333e-04 0.00000000e+00 0.00000000e+00 0.00000000e+00 0.00000000e+00 0.00000000e+00 1.06666667e-04 0.00000000e+00 0.00000000e+00 0.00000000e+00 2.86666667e-03 0.00000000e+00 0.00000000e+00 6.66666667e-05 9.62666667e-03 5.33333333e-04 0.00000000e+00 0.00000000e+00 0.00000000e+00 0.00000000e+00 2.93333333e-04
 1.06666667e-04 0.00000000e+00 0.00000000e+00 6.66666667e-05 3.06666667e-04 1.50666667e-03 2.93333333e-04 1.53333333e-03 2.13333333e-04 1.45333333e-03 0.00000000e+00 8.93333333e-04 5.48533333e-02 4.17333333e-03 0.00000000e+00 0.00000000e+00 6.13333333e-04 2.43333333e-02 3.66800000e-02 1.33333333e-04 0.00000000e+00 0.00000000e+00 8.00000000e-05 1.86666667e-04 1.33333333e-04 4.47333333e-02 1.03466667e-02 4.13333333e-04 5.57333333e-03 7.33333333e-04 1.85066667e-02 5.13333333e-03 0.00000000e+00 4.58800000e-02 0.00000000e+00 0.00000000e+00 0.00000000e+00 0.00000000e+00 0.00000000e+00 0.00000000e+00 0.00000000e+00 0.00000000e+00 0.00000000e+00 0.00000000e+00 2.40000000e-04 0.00000000e+00 1.61333333e-03 0.00000000e+00 0.00000000e+00 0.00000000e+00 0.00000000e+00 9.33333333e-05 0.00000000e+00 0.00000000e+00 0.00000000e+00 0.00000000e+00 0.00000000e+00 1.06666667e-04 1.60000000e-04 3.46666667e-04 6.53333333e-04 6.66666667e-05 0.00000000e+00 0.00000000e+00 2.40000000e-04 0.00000000e+00 0.00000000e+00 0.00000000e+00
 0.00000000e+00 0.00000000e+00 0.00000000e+00 2.80133333e-02 4.00000000e-04 2.73733333e-02 3.46666667e-04 8.08000000e-03 3.89333333e-03 8.33333333e-03 8.93333333e-04 0.00000000e+00 2.00000000e-04 9.56000000e-03 2.40000000e-04 0.00000000e+00 0.00000000e+00 2.40000000e-04 0.00000000e+00 9.08000000e-03 0.00000000e+00 0.00000000e+00 0.00000000e+00 6.42666667e-03 0.00000000e+00 4.53333333e-04 4.13333333e-04 1.67333333e-02 5.48000000e-03 0.00000000e+00 8.00000000e-05 3.09333333e-03 0.00000000e+00 1.57333333e-03 0.00000000e+00 0.00000000e+00 0.00000000e+00 6.40000000e-04 0.00000000e+00 1.20000000e-04 0.00000000e+00 6.66666667e-05 1.06666667e-04 6.26666667e-04 0.00000000e+00 3.60000000e-04 0.00000000e+00 0.00000000e+00 0.00000000e+00 0.00000000e+00 0.00000000e+00 0.00000000e+00 0.00000000e+00 0.00000000e+00 0.00000000e+00 0.00000000e+00 0.00000000e+00 5.60000000e-04 0.00000000e+00 0.00000000e+00 8.00000000e-05 2.06666667e-03 0.00000000e+00 0.00000000e+00 0.00000000e+00 0.00000000e+00 0.00000000e+00 0.00000000e+00
 0.00000000e+00 7.13333333e-03 0.00000000e+00 0.00000000e+00 3.86666667e-04 8.00000000e-04 2.00000000e-04 7.86666667e-04 2.97333333e-03 6.26666667e-04 5.48533333e-02 2.00000000e-04 0.00000000e+00 1.90666667e-03 2.66666667e-04 0.00000000e+00 0.00000000e+00 8.00000000e-05 2.80000000e-04 0.00000000e+00 0.00000000e+00 4.84000000e-03 0.00000000e+00 1.88000000e-03 3.17333333e-02 2.50666667e-03 3.05200000e-02 1.46666667e-04 2.50666667e-03 0.00000000e+00 3.98800000e-02 3.52000000e-03 0.00000000e+00 1.27733333e-02 0.00000000e+00 0.00000000e+00 0.00000000e+00 0.00000000e+00 0.00000000e+00 0.00000000e+00 0.00000000e+00 0.00000000e+00 0.00000000e+00 0.00000000e+00 4.04000000e-03 0.00000000e+00 1.85200000e-02 6.66666667e-05 0.00000000e+00 0.00000000e+00 0.00000000e+00 4.66666667e-04 1.46666667e-04 0.00000000e+00 0.00000000e+00 0.00000000e+00 0.00000000e+00 0.00000000e+00 1.29333333e-03 3.46666667e-03 3.25333333e-03 0.00000000e+00 6.66666667e-05 0.00000000e+00 4.18666667e-03 9.33333333e-05 0.00000000e+00 4.80000000e-04
 3.70133333e-02 1.06666667e-04 2.92000000e-03 1.32000000e-03 1.33333333e-04 1.19333333e-02 9.73866667e-02 1.33893333e-01 1.82666667e-03 2.82933333e-02 4.17333333e-03 9.56000000e-03 1.90666667e-03 0.00000000e+00 3.33333333e-04 0.00000000e+00 1.10800000e-02 1.57333333e-03 1.14800000e-02 1.70666667e-03 3.36000000e-03 0.00000000e+00 8.38666667e-03 4.52000000e-03 0.00000000e+00 7.72000000e-03 1.01333333e-03 1.41866667e-02 9.78133333e-02 2.95866667e-02 4.53333333e-04 1.40266667e-02 0.00000000e+00 6.05333333e-03 0.00000000e+00 0.00000000e+00 0.00000000e+00 0.00000000e+00 0.00000000e+00 2.26666667e-04 0.00000000e+00 3.86666667e-04 9.33333333e-05 3.60000000e-04 0.00000000e+00 0.00000000e+00 0.00000000e+00 1.86666667e-04 0.00000000e+00 0.00000000e+00 0.00000000e+00 0.00000000e+00 0.00000000e+00 0.00000000e+00 0.00000000e+00 0.00000000e+00 0.00000000e+00 6.80000000e-04 0.00000000e+00 9.33333333e-05 6.66666667e-05 1.21333333e-03 4.00000000e-04 0.00000000e+00 0.00000000e+00 0.00000000e+00 0.00000000e+00 1.86666667e-04
 0.00000000e+00 2.80000000e-04 0.00000000e+00 3.86666667e-04 3.93333333e-02 8.04000000e-03 6.66666667e-05 9.06666667e-04 6.66666667e-04 7.60000000e-04 0.00000000e+00 2.40000000e-04 2.66666667e-04 3.33333333e-04 0.00000000e+00 0.00000000e+00 0.00000000e+00 0.00000000e+00 0.00000000e+00 0.00000000e+00 0.00000000e+00 1.32000000e-03 0.00000000e+00 4.50666667e-03 1.33333333e-04 0.00000000e+00 9.06666667e-04 1.13333333e-03 3.60000000e-04 0.00000000e+00 0.00000000e+00 2.37333333e-03 0.00000000e+00 1.60000000e-04 0.00000000e+00 0.00000000e+00 0.00000000e+00 0.00000000e+00 0.00000000e+00 0.00000000e+00 0.00000000e+00 0.00000000e+00 0.00000000e+00 0.00000000e+00 0.00000000e+00 0.00000000e+00 0.00000000e+00 0.00000000e+00 0.00000000e+00 0.00000000e+00 0.00000000e+00 0.00000000e+00 0.00000000e+00 0.00000000e+00 0.00000000e+00 0.00000000e+00 0.00000000e+00 0.00000000e+00 0.00000000e+00 0.00000000e+00 0.00000000e+00 0.00000000e+00 0.00000000e+00 0.00000000e+00 0.00000000e+00 0.00000000e+00 0.00000000e+00 0.00000000e+00
 0.00000000e+00 1.33333333e-04 0.00000000e+00 0.00000000e+00 0.00000000e+00 0.00000000e+00 0.00000000e+00 0.00000000e+00 0.00000000e+00 0.00000000e+00 0.00000000e+00 0.00000000e+00 0.00000000e+00 0.00000000e+00 0.00000000e+00 0.00000000e+00 1.02666667e-03 0.00000000e+00 2.26666667e-04 0.00000000e+00 3.53333333e-02 5.86666667e-02 5.75600000e-02 5.28000000e-03 0.00000000e+00 2.80000000e-04 2.88133333e-02 1.16000000e-03 0.00000000e+00 1.89333333e-03 0.00000000e+00 0.00000000e+00 0.00000000e+00 8.40000000e-04 0.00000000e+00 6.66666667e-05 6.66666667e-05 0.00000000e+00 0.00000000e+00 0.00000000e+00 0.00000000e+00 0.00000000e+00 0.00000000e+00 0.00000000e+00 0.00000000e+00 0.00000000e+00 0.00000000e+00 0.00000000e+00 0.00000000e+00 1.51866667e-02 3.73333333e-04 0.00000000e+00 0.00000000e+00 0.00000000e+00 1.50666667e-03 5.32000000e-03 1.74266667e-02 4.93333333e-04 0.00000000e+00 0.00000000e+00 1.93333333e-03 5.46666667e-04 0.00000000e+00 0.00000000e+00 0.00000000e+00 0.00000000e+00 0.00000000e+00 0.00000000e+00
 1.54666667e-03 2.88000000e-03 7.58400000e-02 0.00000000e+00 6.66666667e-05 1.86666667e-04 5.49333333e-03 3.68000000e-03 5.20000000e-04 5.33333333e-04 6.13333333e-04 0.00000000e+00 0.00000000e+00 1.10800000e-02 0.00000000e+00 1.02666667e-03 0.00000000e+00 2.68000000e-03 4.84266667e-02 0.00000000e+00 1.21733333e-02 1.29333333e-03 4.88800000e-02 2.18666667e-03 0.00000000e+00 1.61066667e-02 7.54533333e-02 2.92000000e-03 8.68000000e-03 1.38000000e-02 0.00000000e+00 0.00000000e+00 0.00000000e+00 4.48000000e-03 0.00000000e+00 1.68000000e-03 6.06666667e-03 0.00000000e+00 0.00000000e+00 0.00000000e+00 0.00000000e+00 0.00000000e+00 0.00000000e+00 0.00000000e+00 0.00000000e+00 0.00000000e+00 0.00000000e+00 0.00000000e+00 0.00000000e+00 0.00000000e+00 4.66666667e-03 0.00000000e+00 1.06666667e-03 0.00000000e+00 0.00000000e+00 9.33333333e-05 8.00000000e-04 1.33333333e-04 6.66666667e-05 2.85333333e-03 6.90666667e-03 0.00000000e+00 0.00000000e+00 0.00000000e+00 0.00000000e+00 0.00000000e+00 0.00000000e+00 2.53333333e-04
 1.60000000e-04 2.13333333e-04 2.26666667e-04 0.00000000e+00 0.00000000e+00 3.06666667e-04 2.93333333e-04 3.86666667e-04 1.33333333e-04 2.66666667e-04 2.43333333e-02 2.40000000e-04 8.00000000e-05 1.57333333e-03 0.00000000e+00 0.00000000e+00 2.68000000e-03 0.00000000e+00 3.52666667e-02 0.00000000e+00 1.60000000e-04 1.20000000e-04 4.13333333e-04 9.33333333e-05 2.93333333e-04 3.26533333e-02 5.57333333e-03 1.86666667e-04 1.26666667e-03 4.80000000e-04 6.53333333e-04 5.06666667e-04 0.00000000e+00 7.08000000e-03 0.00000000e+00 1.20000000e-04 0.00000000e+00 0.00000000e+00 0.00000000e+00 0.00000000e+00 0.00000000e+00 0.00000000e+00 0.00000000e+00 0.00000000e+00 9.33333333e-05 0.00000000e+00 4.00000000e-04 0.00000000e+00 0.00000000e+00 0.00000000e+00 0.00000000e+00 1.73333333e-04 2.00000000e-04 0.00000000e+00 0.00000000e+00 0.00000000e+00 0.00000000e+00 0.00000000e+00 2.40000000e-04 1.17333333e-03 1.41333333e-03 0.00000000e+00 0.00000000e+00 0.00000000e+00 2.80000000e-04 0.00000000e+00 0.00000000e+00 0.00000000e+00
 1.88000000e-03 4.93333333e-04 4.21333333e-03 0.00000000e+00 6.66666667e-05 1.33333333e-04 3.41333333e-03 3.22666667e-03 4.40000000e-04 2.80000000e-04 3.66800000e-02 0.00000000e+00 2.80000000e-04 1.14800000e-02 0.00000000e+00 2.26666667e-04 4.84266667e-02 3.52666667e-02 0.00000000e+00 0.00000000e+00 3.58666667e-03 3.46666667e-04 5.38666667e-03 6.80000000e-04 6.13333333e-04 8.76933333e-02 5.06400000e-02 1.10666667e-03 1.21866667e-02 1.09333333e-02 3.86666667e-04 1.06666667e-04 6.66666667e-05 9.85333333e-03 0.00000000e+00 1.97333333e-03 6.66666667e-04 0.00000000e+00 0.00000000e+00 0.00000000e+00 0.00000000e+00 0.00000000e+00 0.00000000e+00 0.00000000e+00 0.00000000e+00 0.00000000e+00 2.80000000e-04 0.00000000e+00 0.00000000e+00 9.33333333e-05 9.20000000e-04 1.33333333e-04 5.70666667e-03 0.00000000e+00 0.00000000e+00 6.66666667e-05 1.20000000e-04 1.86666667e-04 4.53333333e-04 9.58666667e-03 1.17333333e-02 0.00000000e+00 0.00000000e+00 6.66666667e-05 1.86666667e-04 0.00000000e+00 0.00000000e+00 2.53333333e-04
 0.00000000e+00 0.00000000e+00 0.00000000e+00 1.77333333e-02 1.06666667e-04 1.06666667e-03 1.60000000e-04 1.61333333e-03 2.89333333e-03 1.27466667e-02 1.33333333e-04 9.08000000e-03 0.00000000e+00 1.70666667e-03 0.00000000e+00 0.00000000e+00 0.00000000e+00 0.00000000e+00 0.00000000e+00 0.00000000e+00 0.00000000e+00 0.00000000e+00 0.00000000e+00 3.16000000e-03 0.00000000e+00 8.00000000e-05 9.33333333e-05 8.64000000e-03 1.20000000e-03 0.00000000e+00 0.00000000e+00 5.46666667e-04 0.00000000e+00 1.86666667e-04 0.00000000e+00 0.00000000e+00 0.00000000e+00 5.06666667e-04 0.00000000e+00 9.33333333e-05 0.00000000e+00 0.00000000e+00 0.00000000e+00 2.00000000e-04 0.00000000e+00 3.33333333e-04 0.00000000e+00 0.00000000e+00 0.00000000e+00 0.00000000e+00 0.00000000e+00 0.00000000e+00 0.00000000e+00 0.00000000e+00 0.00000000e+00 0.00000000e+00 0.00000000e+00 1.73333333e-04 0.00000000e+00 0.00000000e+00 0.00000000e+00 1.37333333e-03 0.00000000e+00 0.00000000e+00 0.00000000e+00 0.00000000e+00 0.00000000e+00 0.00000000e+00
 5.06666667e-04 0.00000000e+00 1.03866667e-02 0.00000000e+00 0.00000000e+00 0.00000000e+00 6.05333333e-03 1.52000000e-03 0.00000000e+00 2.13333333e-04 0.00000000e+00 0.00000000e+00 0.00000000e+00 3.36000000e-03 0.00000000e+00 3.53333333e-02 1.21733333e-02 1.60000000e-04 3.58666667e-03 0.00000000e+00 0.00000000e+00 1.00000000e-03 2.65186667e-01 4.26666667e-04 0.00000000e+00 1.70666667e-03 6.17333333e-03 3.94266667e-02 1.60000000e-03 7.28000000e-02 0.00000000e+00 0.00000000e+00 0.00000000e+00 2.51733333e-02 0.00000000e+00 0.00000000e+00 0.00000000e+00 0.00000000e+00 0.00000000e+00 0.00000000e+00 0.00000000e+00 0.00000000e+00 0.00000000e+00 0.00000000e+00 0.00000000e+00 0.00000000e+00 0.00000000e+00 0.00000000e+00 0.00000000e+00 4.66666667e-04 0.00000000e+00 0.00000000e+00 0.00000000e+00 0.00000000e+00 0.00000000e+00 1.46666667e-04 3.60000000e-04 0.00000000e+00 0.00000000e+00 0.00000000e+00 8.00000000e-05 1.06666667e-04 0.00000000e+00 0.00000000e+00 0.00000000e+00 0.00000000e+00 0.00000000e+00 0.00000000e+00
 0.00000000e+00 1.22133333e-02 2.38666667e-03 0.00000000e+00 1.93333333e-03 2.00000000e-04 0.00000000e+00 8.00000000e-05 2.02933333e-02 0.00000000e+00 0.00000000e+00 0.00000000e+00 4.84000000e-03 0.00000000e+00 1.32000000e-03 5.86666667e-02 1.29333333e-03 1.20000000e-04 3.46666667e-04 0.00000000e+00 1.00000000e-03 0.00000000e+00 3.49066667e-02 4.13866667e-02 3.49333333e-03 8.40000000e-04 2.67866667e-02 4.42666667e-03 3.46666667e-04 1.32000000e-03 9.33333333e-05 0.00000000e+00 0.00000000e+00 5.33333333e-04 0.00000000e+00 0.00000000e+00 0.00000000e+00 0.00000000e+00 0.00000000e+00 0.00000000e+00 0.00000000e+00 0.00000000e+00 0.00000000e+00 0.00000000e+00 0.00000000e+00 0.00000000e+00 0.00000000e+00 0.00000000e+00 0.00000000e+00 2.34666667e-03 9.33333333e-05 0.00000000e+00 6.66666667e-05 0.00000000e+00 1.60000000e-04 2.40000000e-04 2.22666667e-03 2.26666667e-04 0.00000000e+00 1.33333333e-04 8.00000000e-04 3.06666667e-04 0.00000000e+00 0.00000000e+00 0.00000000e+00 0.00000000e+00 0.00000000e+00 0.00000000e+00
 8.00000000e-04 2.45333333e-03 6.24933333e-02 0.00000000e+00 0.00000000e+00 2.80000000e-04 1.34400000e-02 4.06666667e-03 0.00000000e+00 8.53333333e-04 8.00000000e-05 0.00000000e+00 0.00000000e+00 8.38666667e-03 0.00000000e+00 5.75600000e-02 4.88800000e-02 4.13333333e-04 5.38666667e-03 0.00000000e+00 2.65186667e-01 3.49066667e-02 0.00000000e+00 4.17333333e-03 0.00000000e+00 1.69733333e-02 2.55533333e-01 4.51200000e-02 4.22666667e-03 2.70000000e-02 0.00000000e+00 0.00000000e+00 0.00000000e+00 3.89200000e-02 0.00000000e+00 4.26666667e-04 1.01333333e-03 0.00000000e+00 0.00000000e+00 0.00000000e+00 0.00000000e+00 0.00000000e+00 0.00000000e+00 0.00000000e+00 0.00000000e+00 0.00000000e+00 0.00000000e+00 0.00000000e+00 0.00000000e+00 1.12000000e-02 2.84000000e-03 0.00000000e+00 2.00000000e-04 0.00000000e+00 8.40000000e-04 3.02666667e-03 2.83333333e-02 3.06666667e-04 0.00000000e+00 1.86666667e-04 1.21866667e-02 2.13333333e-04 0.00000000e+00 0.00000000e+00 0.00000000e+00 0.00000000e+00 0.00000000e+00 1.86666667e-04
 5.20000000e-04 4.45333333e-03 1.29333333e-03 8.86666667e-03 2.25333333e-03 1.54666667e-03 2.51866667e-02 2.89333333e-03 1.17533333e-01 2.28000000e-03 1.86666667e-04 6.42666667e-03 1.88000000e-03 4.52000000e-03 4.50666667e-03 5.28000000e-03 2.18666667e-03 9.33333333e-05 6.80000000e-04 3.16000000e-03 4.26666667e-04 4.13866667e-02 4.17333333e-03 0.00000000e+00 1.34666667e-03 1.64000000e-03 3.13600000e-02 4.78533333e-02 1.44666667e-02 9.05333333e-03 0.00000000e+00 4.26666667e-04 8.80000000e-04 4.05333333e-03 0.00000000e+00 1.06666667e-04 0.00000000e+00 2.80000000e-04 0.00000000e+00 4.26666667e-04 0.00000000e+00 4.53333333e-04 7.06666667e-04 1.09333333e-03 0.00000000e+00 6.66666667e-05 0.00000000e+00 2.53333333e-04 0.00000000e+00 3.46666667e-04 3.46666667e-04 0.00000000e+00 0.00000000e+00 0.00000000e+00 0.00000000e+00 2.66666667e-04 1.33333333e-04 2.77333333e-03 0.00000000e+00 1.20000000e-04 2.66666667e-04 2.85333333e-03 1.34666667e-03 0.00000000e+00 0.00000000e+00 8.00000000e-05 9.33333333e-05 9.60000000e-04
 0.00000000e+00 9.61333333e-03 0.00000000e+00 0.00000000e+00 1.73333333e-04 0.00000000e+00 0.00000000e+00 0.00000000e+00 2.42666667e-03 0.00000000e+00 1.33333333e-04 0.00000000e+00 3.17333333e-02 0.00000000e+00 1.33333333e-04 0.00000000e+00 0.00000000e+00 2.93333333e-04 6.13333333e-04 0.00000000e+00 0.00000000e+00 3.49333333e-03 0.00000000e+00 1.34666667e-03 0.00000000e+00 2.61333333e-03 1.92000000e-02 0.00000000e+00 0.00000000e+00 0.00000000e+00 5.60000000e-04 0.00000000e+00 0.00000000e+00 5.06666667e-04 0.00000000e+00 0.00000000e+00 0.00000000e+00 0.00000000e+00 0.00000000e+00 0.00000000e+00 0.00000000e+00 0.00000000e+00 0.00000000e+00 0.00000000e+00 9.33333333e-05 0.00000000e+00 2.53333333e-04 0.00000000e+00 0.00000000e+00 0.00000000e+00 0.00000000e+00 0.00000000e+00 0.00000000e+00 0.00000000e+00 0.00000000e+00 0.00000000e+00 0.00000000e+00 0.00000000e+00 6.66666667e-05 8.00000000e-05 0.00000000e+00 0.00000000e+00 0.00000000e+00 0.00000000e+00 0.00000000e+00 0.00000000e+00 0.00000000e+00 0.00000000e+00
 5.73333333e-04 8.80000000e-04 1.34480000e-01 9.33333333e-05 9.33333333e-05 4.80000000e-04 3.82666667e-03 3.74666667e-03 1.00000000e-03 1.24000000e-03 4.47333333e-02 4.53333333e-04 2.50666667e-03 7.72000000e-03 0.00000000e+00 2.80000000e-04 1.61066667e-02 3.26533333e-02 8.76933333e-02 8.00000000e-05 1.70666667e-03 8.40000000e-04 1.69733333e-02 1.64000000e-03 2.61333333e-03 0.00000000e+00 1.36480000e-01 1.85333333e-03 3.60000000e-03 2.58666667e-03 2.77333333e-03 7.20000000e-04 0.00000000e+00 1.00533333e-02 0.00000000e+00 1.50666667e-03 1.98666667e-03 0.00000000e+00 0.00000000e+00 0.00000000e+00 0.00000000e+00 0.00000000e+00 9.33333333e-05 0.00000000e+00 6.00000000e-04 0.00000000e+00 4.37333333e-03 0.00000000e+00 0.00000000e+00 6.66666667e-05 1.22666667e-03 1.05333333e-03 2.92000000e-03 0.00000000e+00 0.00000000e+00 0.00000000e+00 8.00000000e-05 1.60000000e-04 2.41333333e-03 1.49733333e-02 1.67200000e-02 8.00000000e-05 0.00000000e+00 0.00000000e+00 1.89333333e-03 0.00000000e+00 0.00000000e+00 2.53333333e-04
 9.33333333e-05 1.62133333e-02 9.84266667e-02 0.00000000e+00 1.26666667e-03 3.46666667e-04 1.34666667e-03 6.40000000e-04 9.28000000e-03 6.80000000e-04 1.03466667e-02 4.13333333e-04 3.05200000e-02 1.01333333e-03 9.06666667e-04 2.88133333e-02 7.54533333e-02 5.57333333e-03 5.06400000e-02 9.33333333e-05 6.17333333e-03 2.67866667e-02 2.55533333e-01 3.13600000e-02 1.92000000e-02 1.36480000e-01 0.00000000e+00 3.86533333e-02 1.28000000e-03 4.66666667e-04 3.06666667e-03 5.73333333e-04 0.00000000e+00 3.59333333e-02 0.00000000e+00 4.88000000e-03 8.60000000e-03 0.00000000e+00 0.00000000e+00 0.00000000e+00 6.66666667e-05 0.00000000e+00 8.00000000e-05 0.00000000e+00 9.60000000e-04 0.00000000e+00 5.49333333e-03 0.00000000e+00 0.00000000e+00 3.42666667e-03 9.73333333e-03 9.86666667e-04 5.40000000e-03 0.00000000e+00 4.26666667e-04 2.44000000e-03 2.21333333e-02 4.93333333e-04 2.01333333e-03 1.58800000e-02 4.03733333e-02 1.46666667e-04 0.00000000e+00 2.00000000e-04 2.38666667e-03 0.00000000e+00 0.00000000e+00 7.20000000e-04
 1.01333333e-03 3.60000000e-04 7.82666667e-03 4.34800000e-02 7.06666667e-04 1.26666667e-02 2.57480000e-01 1.39866667e-02 1.61600000e-02 1.14773333e-01 4.13333333e-04 1.67333333e-02 1.46666667e-04 1.41866667e-02 1.13333333e-03 1.16000000e-03 2.92000000e-03 1.86666667e-04 1.10666667e-03 8.64000000e-03 3.94266667e-02 4.42666667e-03 4.51200000e-02 4.78533333e-02 0.00000000e+00 1.85333333e-03 3.86533333e-02 0.00000000e+00 2.42533333e-02 9.84000000e-02 0.00000000e+00 8.26666667e-04 1.56000000e-03 1.28000000e-02 0.00000000e+00 1.20000000e-04 0.00000000e+00 1.20000000e-03 0.00000000e+00 1.88000000e-03 2.26666667e-04 1.04000000e-03 1.01333333e-03 4.45333333e-03 0.00000000e+00 4.66666667e-04 0.00000000e+00 3.60000000e-04 0.00000000e+00 4.26666667e-04 1.46666667e-04 0.00000000e+00 0.00000000e+00 1.20000000e-04 6.66666667e-05 1.33333333e-04 2.53333333e-04 3.33333333e-03 0.00000000e+00 0.00000000e+00 1.33333333e-04 7.92000000e-03 7.06666667e-04 0.00000000e+00 0.00000000e+00 0.00000000e+00 0.00000000e+00 5.20000000e-04
 8.26133333e-02 0.00000000e+00 3.33333333e-04 1.09333333e-03 2.13333333e-04 9.98666667e-03 9.54666667e-03 1.15733333e-02 6.01333333e-03 1.07200000e-02 5.57333333e-03 5.48000000e-03 2.50666667e-03 9.78133333e-02 3.60000000e-04 0.00000000e+00 8.68000000e-03 1.26666667e-03 1.21866667e-02 1.20000000e-03 1.60000000e-03 3.46666667e-04 4.22666667e-03 1.44666667e-02 0.00000000e+00 3.60000000e-03 1.28000000e-03 2.42533333e-02 0.00000000e+00 5.39733333e-02 3.06666667e-04 1.28400000e-02 7.52133333e-02 3.26000000e-02 0.00000000e+00 0.00000000e+00 0.00000000e+00 0.00000000e+00 0.00000000e+00 2.26666667e-04 1.06666667e-04 7.86666667e-04 2.80000000e-04 2.93333333e-04 0.00000000e+00 0.00000000e+00 0.00000000e+00 7.20000000e-04 0.00000000e+00 8.00000000e-05 0.00000000e+00 0.00000000e+00 0.00000000e+00 0.00000000e+00 0.00000000e+00 0.00000000e+00 0.00000000e+00 2.14666667e-03 0.00000000e+00 0.00000000e+00 1.20000000e-04 2.25333333e-03 1.58666667e-03 0.00000000e+00 0.00000000e+00 0.00000000e+00 1.06666667e-04 9.73333333e-04
 2.42000000e-02 6.66666667e-05 2.13333333e-03 0.00000000e+00 0.00000000e+00 1.20000000e-04 5.27466667e-02 3.60000000e-03 1.66666667e-03 2.93333333e-04 7.33333333e-04 0.00000000e+00 0.00000000e+00 2.95866667e-02 0.00000000e+00 1.89333333e-03 1.38000000e-02 4.80000000e-04 1.09333333e-02 0.00000000e+00 7.28000000e-02 1.32000000e-03 2.70000000e-02 9.05333333e-03 0.00000000e+00 2.58666667e-03 4.66666667e-04 9.84000000e-02 5.39733333e-02 0.00000000e+00 0.00000000e+00 9.33333333e-05 8.26666667e-04 1.45333333e-02 0.00000000e+00 0.00000000e+00 0.00000000e+00 0.00000000e+00 0.00000000e+00 0.00000000e+00 0.00000000e+00 0.00000000e+00 2.66666667e-04 0.00000000e+00 0.00000000e+00 0.00000000e+00 0.00000000e+00 0.00000000e+00 0.00000000e+00 2.13333333e-04 0.00000000e+00 0.00000000e+00 0.00000000e+00 0.00000000e+00 0.00000000e+00 2.40000000e-04 0.00000000e+00 7.46666667e-04 0.00000000e+00 6.66666667e-05 6.66666667e-05 5.33333333e-04 3.60000000e-04 0.00000000e+00 0.00000000e+00 0.00000000e+00 0.00000000e+00 3.86666667e-04
 0.00000000e+00 0.00000000e+00 0.00000000e+00 0.00000000e+00 0.00000000e+00 1.06666667e-04 0.00000000e+00 1.73333333e-04 9.33333333e-05 1.60000000e-04 1.85066667e-02 8.00000000e-05 3.98800000e-02 4.53333333e-04 0.00000000e+00 0.00000000e+00 0.00000000e+00 6.53333333e-04 3.86666667e-04 0.00000000e+00 0.00000000e+00 9.33333333e-05 0.00000000e+00 0.00000000e+00 5.60000000e-04 2.77333333e-03 3.06666667e-03 0.00000000e+00 3.06666667e-04 0.00000000e+00 0.00000000e+00 4.80000000e-04 0.00000000e+00 1.30666667e-03 0.00000000e+00 0.00000000e+00 0.00000000e+00 0.00000000e+00 0.00000000e+00 0.00000000e+00 0.00000000e+00 0.00000000e+00 0.00000000e+00 0.00000000e+00 9.60000000e-04 0.00000000e+00 4.68000000e-03 0.00000000e+00 0.00000000e+00 0.00000000e+00 0.00000000e+00 2.26666667e-04 8.00000000e-05 0.00000000e+00 0.00000000e+00 0.00000000e+00 0.00000000e+00 0.00000000e+00 3.33333333e-04 8.13333333e-04 1.26666667e-03 0.00000000e+00 0.00000000e+00 0.00000000e+00 1.01333333e-03 0.00000000e+00 0.00000000e+00 0.00000000e+00
 9.33333333e-05 0.00000000e+00 0.00000000e+00 5.20000000e-04 2.70666667e-03 4.12533333e-02 4.66666667e-04 3.35733333e-02 3.60000000e-04 2.94666667e-03 5.13333333e-03 3.09333333e-03 3.52000000e-03 1.40266667e-02 2.37333333e-03 0.00000000e+00 0.00000000e+00 5.06666667e-04 1.06666667e-04 5.46666667e-04 0.00000000e+00 0.00000000e+00 0.00000000e+00 4.26666667e-04 0.00000000e+00 7.20000000e-04 5.73333333e-04 8.26666667e-04 1.28400000e-02 9.33333333e-05 4.80000000e-04 0.00000000e+00 0.00000000e+00 3.26266667e-02 0.00000000e+00 0.00000000e+00 0.00000000e+00 0.00000000e+00 0.00000000e+00 0.00000000e+00 0.00000000e+00 9.33333333e-05 0.00000000e+00 0.00000000e+00 0.00000000e+00 0.00000000e+00 0.00000000e+00 0.00000000e+00 0.00000000e+00 0.00000000e+00 0.00000000e+00 0.00000000e+00 0.00000000e+00 0.00000000e+00 0.00000000e+00 0.00000000e+00 0.00000000e+00 1.20000000e-04 0.00000000e+00 0.00000000e+00 0.00000000e+00 1.46666667e-04 9.33333333e-05 0.00000000e+00 0.00000000e+00 0.00000000e+00 0.00000000e+00 0.00000000e+00
 0.00000000e+00 0.00000000e+00 0.00000000e+00 0.00000000e+00 0.00000000e+00 0.00000000e+00 0.00000000e+00 0.00000000e+00 1.73333333e-04 0.00000000e+00 0.00000000e+00 0.00000000e+00 0.00000000e+00 0.00000000e+00 0.00000000e+00 0.00000000e+00 0.00000000e+00 0.00000000e+00 6.66666667e-05 0.00000000e+00 0.00000000e+00 0.00000000e+00 0.00000000e+00 8.80000000e-04 0.00000000e+00 0.00000000e+00 0.00000000e+00 1.56000000e-03 7.52133333e-02 8.26666667e-04 0.00000000e+00 0.00000000e+00 0.00000000e+00 1.16000000e-03 0.00000000e+00 0.00000000e+00 0.00000000e+00 0.00000000e+00 0.00000000e+00 0.00000000e+00 0.00000000e+00 0.00000000e+00 0.00000000e+00 0.00000000e+00 0.00000000e+00 0.00000000e+00 0.00000000e+00 0.00000000e+00 0.00000000e+00 0.00000000e+00 0.00000000e+00 0.00000000e+00 0.00000000e+00 0.00000000e+00 0.00000000e+00 0.00000000e+00 0.00000000e+00 8.00000000e-05 0.00000000e+00 0.00000000e+00 0.00000000e+00 0.00000000e+00 0.00000000e+00 0.00000000e+00 0.00000000e+00 0.00000000e+00 0.00000000e+00 0.00000000e+00
 7.60000000e-04 3.46666667e-04 2.70666667e-03 3.06666667e-04 1.02000000e-02 2.37333333e-03 2.36000000e-03 1.97333333e-03 1.16000000e-03 5.13333333e-03 4.58800000e-02 1.57333333e-03 1.27733333e-02 6.05333333e-03 1.60000000e-04 8.40000000e-04 4.48000000e-03 7.08000000e-03 9.85333333e-03 1.86666667e-04 2.51733333e-02 5.33333333e-04 3.89200000e-02 4.05333333e-03 5.06666667e-04 1.00533333e-02 3.59333333e-02 1.28000000e-02 3.26000000e-02 1.45333333e-02 1.30666667e-03 3.26266667e-02 1.16000000e-03 0.00000000e+00 0.00000000e+00 3.60000000e-04 6.00000000e-04 0.00000000e+00 0.00000000e+00 0.00000000e+00 0.00000000e+00 3.20000000e-04 6.66666667e-05 1.46666667e-04 0.00000000e+00 0.00000000e+00 1.46666667e-04 2.26666667e-04 0.00000000e+00 1.86666667e-04 6.66666667e-04 0.00000000e+00 5.73333333e-04 0.00000000e+00 8.00000000e-05 0.00000000e+00 6.66666667e-04 1.48000000e-03 1.33333333e-04 1.01333333e-03 2.70666667e-03 1.29333333e-03 4.93333333e-04 0.00000000e+00 0.00000000e+00 0.00000000e+00 0.00000000e+00 3.20000000e-04
 0.00000000e+00 0.00000000e+00 0.00000000e+00 0.00000000e+00 0.00000000e+00 0.00000000e+00 0.00000000e+00 0.00000000e+00 0.00000000e+00 0.00000000e+00 0.00000000e+00 0.00000000e+00 0.00000000e+00 0.00000000e+00 0.00000000e+00 0.00000000e+00 0.00000000e+00 0.00000000e+00 0.00000000e+00 0.00000000e+00 0.00000000e+00 0.00000000e+00 0.00000000e+00 0.00000000e+00 0.00000000e+00 0.00000000e+00 0.00000000e+00 0.00000000e+00 0.00000000e+00 0.00000000e+00 0.00000000e+00 0.00000000e+00 0.00000000e+00 0.00000000e+00 0.00000000e+00 0.00000000e+00 1.20000000e-04 0.00000000e+00 0.00000000e+00 0.00000000e+00 2.57866667e-02 2.13333333e-03 1.20000000e-04 4.26666667e-04 5.46666667e-04 0.00000000e+00 0.00000000e+00 5.17333333e-02 0.00000000e+00 0.00000000e+00 7.46666667e-04 4.26666667e-04 1.80000000e-03 0.00000000e+00 3.33333333e-04 0.00000000e+00 5.60000000e-04 4.53333333e-04 0.00000000e+00 1.32000000e-03 2.53333333e-04 1.52000000e-03 5.64666667e-02 4.80933333e-02 0.00000000e+00 6.66666667e-05 0.00000000e+00 1.61333333e-03
 0.00000000e+00 0.00000000e+00 1.76000000e-03 0.00000000e+00 0.00000000e+00 0.00000000e+00 0.00000000e+00 0.00000000e+00 0.00000000e+00 0.00000000e+00 0.00000000e+00 0.00000000e+00 0.00000000e+00 0.00000000e+00 0.00000000e+00 6.66666667e-05 1.68000000e-03 1.20000000e-04 1.97333333e-03 0.00000000e+00 0.00000000e+00 0.00000000e+00 4.26666667e-04 1.06666667e-04 0.00000000e+00 1.50666667e-03 4.88000000e-03 1.20000000e-04 0.00000000e+00 0.00000000e+00 0.00000000e+00 0.00000000e+00 0.00000000e+00 3.60000000e-04 0.00000000e+00 0.00000000e+00 8.41333333e-03 0.00000000e+00 8.66666667e-04 3.06666667e-04 0.00000000e+00 0.00000000e+00 3.70666667e-03 0.00000000e+00 3.86666667e-04 0.00000000e+00 5.52000000e-03 0.00000000e+00 1.20000000e-04 7.33333333e-04 1.60000000e-02 1.06666667e-04 5.04000000e-03 0.00000000e+00 0.00000000e+00 1.91733333e-02 1.12000000e-03 7.44000000e-03 1.80000000e-02 2.77333333e-03 5.17466667e-02 4.66666667e-04 0.00000000e+00 9.33333333e-05 0.00000000e+00 0.00000000e+00 0.00000000e+00 9.20000000e-04
 0.00000000e+00 6.40000000e-04 5.89333333e-03 0.00000000e+00 0.00000000e+00 0.00000000e+00 0.00000000e+00 0.00000000e+00 0.00000000e+00 0.00000000e+00 0.00000000e+00 0.00000000e+00 0.00000000e+00 0.00000000e+00 0.00000000e+00 6.66666667e-05 6.06666667e-03 0.00000000e+00 6.66666667e-04 0.00000000e+00 0.00000000e+00 0.00000000e+00 1.01333333e-03 0.00000000e+00 0.00000000e+00 1.98666667e-03 8.60000000e-03 0.00000000e+00 0.00000000e+00 0.00000000e+00 0.00000000e+00 0.00000000e+00 0.00000000e+00 6.00000000e-04 1.20000000e-04 8.41333333e-03 0.00000000e+00 0.00000000e+00 0.00000000e+00 3.06666667e-04 1.49333333e-02 2.76000000e-03 0.00000000e+00 4.26666667e-04 1.60000000e-04 0.00000000e+00 0.00000000e+00 3.78666667e-03 0.00000000e+00 1.06666667e-04 7.87466667e-02 0.00000000e+00 4.05333333e-03 0.00000000e+00 4.88000000e-03 4.00000000e-04 5.91333333e-02 3.46666667e-04 0.00000000e+00 8.30533333e-02 6.81600000e-02 5.77333333e-03 8.93333333e-04 4.93333333e-04 0.00000000e+00 0.00000000e+00 0.00000000e+00 4.90666667e-03
 0.00000000e+00 0.00000000e+00 0.00000000e+00 8.00000000e-04 0.00000000e+00 2.66666667e-04 0.00000000e+00 9.33333333e-05 1.46666667e-04 1.02666667e-03 0.00000000e+00 6.40000000e-04 0.00000000e+00 0.00000000e+00 0.00000000e+00 0.00000000e+00 0.00000000e+00 0.00000000e+00 0.00000000e+00 5.06666667e-04 0.00000000e+00 0.00000000e+00 0.00000000e+00 2.80000000e-04 0.00000000e+00 0.00000000e+00 0.00000000e+00 1.20000000e-03 0.00000000e+00 0.00000000e+00 0.00000000e+00 0.00000000e+00 0.00000000e+00 0.00000000e+00 0.00000000e+00 0.00000000e+00 0.00000000e+00 0.00000000e+00 0.00000000e+00 2.13333333e-04 1.06666667e-04 4.40000000e-04 4.05333333e-03 1.84133333e-02 0.00000000e+00 2.42400000e-02 0.00000000e+00 2.53333333e-04 6.66666667e-05 0.00000000e+00 0.00000000e+00 0.00000000e+00 0.00000000e+00 4.75600000e-02 0.00000000e+00 0.00000000e+00 0.00000000e+00 5.41333333e-03 0.00000000e+00 0.00000000e+00 0.00000000e+00 5.21866667e-02 1.20000000e-04 0.00000000e+00 0.00000000e+00 0.00000000e+00 0.00000000e+00 6.66666667e-05
 0.00000000e+00 0.00000000e+00 0.00000000e+00 0.00000000e+00 0.00000000e+00 0.00000000e+00 0.00000000e+00 0.00000000e+00 0.00000000e+00 0.00000000e+00 0.00000000e+00 0.00000000e+00 0.00000000e+00 0.00000000e+00 0.00000000e+00 0.00000000e+00 0.00000000e+00 0.00000000e+00 0.00000000e+00 0.00000000e+00 0.00000000e+00 0.00000000e+00 0.00000000e+00 0.00000000e+00 0.00000000e+00 0.00000000e+00 0.00000000e+00 0.00000000e+00 0.00000000e+00 0.00000000e+00 0.00000000e+00 0.00000000e+00 0.00000000e+00 0.00000000e+00 0.00000000e+00 8.66666667e-04 0.00000000e+00 0.00000000e+00 0.00000000e+00 7.90800000e-02 1.73333333e-04 9.94666667e-03 1.50666667e-03 5.06666667e-04 7.06666667e-04 1.06666667e-04 2.93333333e-04 8.40000000e-04 4.52933333e-02 0.00000000e+00 0.00000000e+00 1.06666667e-04 0.00000000e+00 0.00000000e+00 0.00000000e+00 1.46666667e-03 0.00000000e+00 2.09333333e-03 1.06666667e-04 3.60000000e-04 2.50666667e-03 1.22666667e-03 1.80000000e-03 0.00000000e+00 9.33333333e-05 1.00133333e-02 0.00000000e+00 1.47200000e-02
