0.0	22.765	19.56986301369863	13.550825688073392	0.0	11.614901960784314	5.265884481296523	6.762515292390508	11.73445497630332	14.5063687150838	19.08046783625731	19.880000000000003	12.803809523809525	4.674299029126214	17.696	19.472631578947368	18.912933135215454	25.145000000000003	21.789379065641636	15.395789473684212	14.138656478828398	13.086548672566373	16.050027259840803	13.909333706606944	22.102857142857143	25.25094688221709	24.51647985989492	14.828170873786409	3.468686255327284	7.031903694404592	23.448	13.13241379310345	4.656708074534162	10.509832477105205	25.46	26.15030303030303	31.94545454545455	0.0	0.0	0.0	24.109090909090916	34.74	14.592542372881358	28.68	0.0	0.0	0.0	28.873846153846152	0.0	23.92	34.68	0.0	0.0	0.0	25.273333333333333	14.245714285714287	31.376666666666665	21.830476190476197	0.0	33.25066666666667	33.11882352941177	24.347899159663868	26.65942857142857	24.100235294117645	0.0	42.68	27.28	25.02923076923077
22.765	0.0	7.573820478123591	0.0	26.08	31.640000000000004	20.94	27.26428571428572	11.72377076229238	31.640000000000004	10.242678571428572	20.32	8.674000000000001	25.59121387283237	19.03666666666667	11.776294027565084	8.418713525713367	12.412603266090295	9.875682471264367	0.0	15.613207547169813	4.601717239196935	9.813403031887088	13.596219047619048	3.657732941220266	8.294990462215702	5.567773525924329	17.407674418604653	20.509377593361	17.61024154589372	12.183157894736842	36.92	20.660000000000004	9.62405498281787	22.203333333333337	2.1666908908658065	10.237180762852406	0.0	0.0	0.0	24.55764705882353	27.83	0.0	0.0	0.0	0.0	15.0	27.94333333333333	0.0	15.005	12.730545454545457	12.866666666666667	11.525470085470086	0.0	23.64	4.923636363636364	13.224172661870506	19.98	5.416666666666666	9.70266378689705	9.080610021786493	23.79	21.888	20.127058823529413	14.84	0.0	0.0	13.88857142857143
19.56986301369863	7.573820478123591	0.0	20.944761904761904	0.0	24.75809523809524	18.39829987856276	23.70708392603129	16.13811965811966	20.45237804878049	38.48269230769231	28.866666666666667	32.83397849462366	23.094718815089102	26.3	14.470556138509968	8.261575389523992	30.485714285714284	9.21147888589398	22.660000000000004	10.900423950679842	10.541805458362491	7.646148873235141	18.369429994465968	34.70666666666666	8.001507322581189	7.038878736682413	17.860791262135923	27.47538741360495	15.78490897009967	44.44615384615385	34.33818181818182	23.96842105263158	9.935139282735614	30.662857142857145	9.905284250816166	18.027189339255973	42.0	0.0	38.52	30.76108597285068	37.02307692307693	18.013846153846156	35.29333333333334	48.36	0.0	26.576	35.05978494623656	0.0	23.258053097345133	20.2874222668004	32.5	20.928000000000004	0.0	24.87797752808989	11.092631578947367	20.054382859804377	26.444489795918365	20.81	17.47824117576196	17.194018297452644	29.354305555555555	31.312941176470595	28.06555223880597	30.016	0.0	28.35384615384616	21.636377952755907
13.550825688073392	0.0	20.944761904761904	0.0	19.17111111111111	10.02682316118936	4.716193656093489	18.794985422740524	9.449261002394518	7.40104684157681	30.56333333333334	8.196461977039835	24.673125	19.15499580184719	13.095193277310926	0.0	28.37333333333333	34.28	34.040000000000006	2.9832371837841745	17.104615384615386	0.0	17.550454545454546	3.737977200674536	33.040000000000006	37.88	36.392	2.651985444621333	16.18396145905024	15.734117647058827	34.220000000000006	25.564	13.762838283828383	14.308935097668558	26.772	0.0	0.0	27.198857142857143	0.0	31.277647058823533	26.08440734557596	28.28988764044944	14.22530624177752	29.82773869346733	41.6	22.96137931034483	0.0	29.54253521126761	23.744000000000003	0.0	0.0	0.0	0.0	29.377500000000005	0.0	0.0	0.0	22.962006850695143	0.0	33.4	53.52	26.672108843537416	31.37551020408164	23.31	0.0	0.0	30.097777777777782	29.42451612903226
0.0	26.08	0.0	19.17111111111111	0.0	4.292004500033089	19.247692307692308	2.8868284376330355	9.072700729927009	18.853	0.0	8.959395656279508	3.6	15.715	3.336437501740317	0.0	28.4	0.0	0.0	17.41241379310345	0.0	0.0	32.0	14.771468531468532	0.0	0.0	0.0	21.18787878787879	4.542068965517242	23.56	0.0	2.6086632622409134	23.84	2.524993548387097	0.0	0.0	0.0	0.0	0.0	0.0	0.0	0.0	14.622857142857145	32.24	0.0	0.0	0.0	0.0	0.0	0.0	0.0	0.0	0.0	30.24	0.0	0.0	0.0	23.2	0.0	0.0	0.0	0.0	0.0	0.0	0.0	0.0	0.0	0.0
11.614901960784314	31.640000000000004	24.75809523809524	10.02682316118936	4.292004500033089	0.0	9.524963060747124	4.088095861603778	14.574770889487873	6.270745419009608	16.459023883696783	6.550105362997175	5.620315070890951	6.564973235195718	3.2609290504607187	24.813333333333336	25.813396226415097	21.17217391304348	27.24	10.49946193474528	20.68770093457944	18.05333333333333	22.166870037609694	10.925120154570704	20.77460317460318	24.27698113207547	25.498840579710144	9.536755802184762	9.04807795779279	17.123968253968254	21.92636363636364	4.406771386270899	19.44424778761062	7.139677801224972	0.0	38.32000000000001	39.760000000000005	25.67151515151515	0.0	0.0	30.27478260869565	34.49714285714286	18.18725663716814	33.032	0.0	23.44	0.0	33.77333333333333	0.0	0.0	0.0	0.0	0.0	32.53714285714286	0.0	0.0	0.0	27.13945945945946	0.0	43.6	0.0	30.68	34.480000000000004	27.113333333333337	0.0	0.0	28.48	34.10666666666667
5.265884481296523	20.94	18.39829987856276	4.716193656093489	19.247692307692308	9.524963060747124	0.0	10.139577900465955	9.072280793168332	4.934678257738841	26.519946996466437	6.503896867276735	20.883306451612903	9.57875081613535	14.387647058823529	18.064117647058826	18.473608562691133	29.91428571428572	22.57205955334988	4.857339743589744	13.06239035861258	14.05298245614035	14.558951470204311	8.057237021685285	27.597083333333337	27.136544175136823	23.213731099305274	7.990915117275636	14.522091598585774	5.199920093284763	32.69869158878505	21.772594458438288	12.867092998358434	13.83083034731823	24.20419580419581	25.824	31.748	28.778823529411767	0.0	29.54714285714286	23.088882019577536	27.449455909943715	12.49425	27.821506276150625	39.42307692307693	26.72	41.512	27.304495412844037	24.93	23.368421052631582	34.760000000000005	41.77333333333333	38.84	28.675238095238097	26.421176470588232	17.113333333333333	29.9704347826087	21.01865671641791	0.0	37.352	32.8624	23.66947413979658	27.450267857142855	22.147592385218367	0.0	37.120000000000005	26.84264900662252	25.435677154582766
6.762515292390508	27.26428571428572	23.70708392603129	18.794985422740524	2.8868284376330355	4.088095861603778	10.139577900465955	2.88	16.173444776119403	9.631460199667904	14.108238683127572	15.44837025588185	9.13740537301508	5.563909036349527	6.995460385438973	22.836969696969696	23.07708338405356	18.96589147286822	25.540754716981134	17.044187847163776	18.64632039684856	20.592432432432435	20.50051899307578	16.142695425195768	15.468354430379748	24.843875079668575	27.230003735524843	16.236734152007966	6.940657139876917	13.55112726471722	20.79767195767196	4.731749922569799	18.206868686868688	6.169042047677993	29.633333333333336	29.8075	36.89714285714286	27.130000000000003	0.0	33.36	29.96333333333334	36.720000000000006	18.03896103896104	36.102222222222224	20.64	0.0	25.376	34.51428571428572	0.0	27.07	38.32000000000001	0.0	39.2	31.860000000000003	29.6	17.360000000000003	37.0	27.20144578313253	0.0	37.822857142857146	37.06727272727273	29.093714285714288	33.21677419354839	28.96436363636364	0.0	0.0	34.160000000000004	30.986206896551728
11.73445497630332	11.72377076229238	16.13811965811966	9.449261002394518	9.072700729927009	14.574770889487873	9.072280793168332	16.173444776119403	0.0	13.9046514597481	28.60590163934426	3.577826866362112	23.508125	15.05171228997546	3.982739604332525	6.472435287902799	19.53631878557875	26.66051282051282	22.85056277056277	8.968963265306122	9.023093434343432	5.047492828456685	14.40561904761905	5.523419134310319	17.96173076923077	21.26070981210856	15.661388547218806	10.13232491230836	12.31870755878731	8.800090043576136	33.120000000000005	23.59870967741936	11.667384615384616	8.991412113806948	14.816239316239315	21.93	22.4	18.049946140035907	0.0	19.9448	14.563051546391751	17.64942084942085	2.8658811661454657	18.4906463878327	32.176	8.535581395348839	34.74666666666667	18.05467455621302	11.498333333333331	11.717941176470587	0.0	36.96	34.8	18.01144758735441	13.719714285714286	2.372231404958678	16.462608695652175	11.029177528089887	9.92	29.840000000000003	28.575	14.376425507577924	17.763419155509787	12.70672	0.0	29.880000000000003	17.352	15.949063509149624
14.5063687150838	31.640000000000004	20.45237804878049	7.40104684157681	18.853	6.270745419009608	4.934678257738841	9.631460199667904	13.9046514597481	0.0	29.263171605340283	5.11728262166878	23.17995296884186	18.450444024893365	15.844763193504738	20.62	25.12774193548388	33.49504273504274	32.135849056603774	4.191683145725586	15.522769230769232	19.54	16.81172322609079	8.166281782056668	29.848253968253964	34.24776556776557	34.92158192090396	5.569373788980702	19.72800514121873	14.637032640949556	35.29324503311259	23.843988355167397	16.74771320754717	18.90997775632686	31.21272727272728	0.0	32.92	31.913344651952464	0.0	34.32769230769232	29.003150684931505	31.874867924528303	17.04402322995181	32.677705863505295	46.88285714285715	24.20615384615385	52.8	31.59626666666667	29.27428571428572	24.96	0.0	0.0	40.36	32.16749082007344	0.0	22.04	36.32000000000001	26.00844097995546	34.28	50.6	0.0	29.83307232913073	34.852153846153854	28.180869565217392	0.0	44.16	32.84470588235295	33.30261603375528
19.08046783625731	10.242678571428572	38.48269230769231	30.56333333333334	0.0	16.459023883696783	26.519946996466437	14.108238683127572	28.60590163934426	29.263171605340283	0.0	25.54208849557522	4.11555785833489	14.371741690787506	0.0	20.434160583941605	15.730965732087228	3.2892349851564284	4.137779947627713	27.96829411764706	25.049557522123894	17.14541666666667	30.95719438877756	26.55367901234568	5.269400271917015	4.922476945234632	8.18124596864323	30.03147928994083	11.874620650313748	24.979863945578234	6.411006160164272	12.230445859872612	19.12	4.1459583461808	41.440000000000005	11.326153846153847	0.0	30.880000000000003	0.0	0.0	0.0	0.0	32.980000000000004	47.36	14.121639624252776	0.0	14.90239821528165	0.0	0.0	29.0	0.0	17.227710843373494	18.64952380952381	44.440000000000005	39.720000000000006	19.0	0.0	44.59	8.280607375271149	17.655499451152583	16.924326530612245	40.50666666666667	38.88	41.120000000000005	18.633066666666668	0.0	0.0	21.912
19.880000000000003	20.32	28.866666666666667	8.196461977039835	8.959395656279508	6.550105362997175	6.503896867276735	15.44837025588185	3.577826866362112	5.11728262166878	25.54208849557522	0.0	19.262834881630205	17.462745686421606	4.024211679089978	0.0	0.0	29.300952380952385	28.17473684210526	3.7662484978163375	27.96	10.080000000000002	21.165714285714284	6.531032522892327	25.719384615384616	30.70923076923077	31.91703703703704	8.52148984901381	16.89366590389016	18.528	31.38382978723405	19.938761528326744	18.76333333333333	15.40843668215564	0.0	0.0	0.0	3.1621909547738696	0.0	36.16	25.331200000000003	0.0	8.036971046770601	25.541290322580643	0.0	3.656	0.0	20.28	25.8	0.0	0.0	0.0	0.0	4.564848484848485	22.8	0.0	0.0	19.865064377682405	0.0	0.0	34.36	20.754444444444445	29.340000000000003	0.0	0.0	0.0	0.0	0.0
12.803809523809525	8.674000000000001	32.83397849462366	24.673125	3.6	5.620315070890951	20.883306451612903	9.13740537301508	23.508125	23.17995296884186	4.11555785833489	19.262834881630205	0.0	9.938897108271687	33.480000000000004	30.040000000000003	29.868181818181817	7.973639298892989	10.6990546802595	21.608146832445232	29.045714285714286	15.30354430379747	29.321472754050077	20.927394957983196	4.3454105310851485	4.804983479656377	4.038285571476175	24.60640640640641	9.741722439272976	21.9875	3.4977208866687484	8.228333333333335	22.8	8.009859337405146	0.0	10.090666666666667	0.0	22.58	0.0	0.0	35.68	0.0	25.410000000000004	0.0	14.765372781065093	0.0	16.45138749101366	36.720000000000006	0.0	30.640000000000004	32.28	17.522560975609757	18.16333333333333	0.0	34.52	0.0	0.0	32.28666666666667	8.123209628886661	17.381409455843	17.663716814159294	36.992	0.0	32.6	19.441589403973516	0.0	0.0	18.37333333333333
4.674299029126214	25.59121387283237	23.094718815089102	19.15499580184719	15.715	6.564973235195718	9.57875081613535	5.563909036349527	15.05171228997546	18.450444024893365	14.371741690787506	17.462745686421606	9.938897108271687	0.0	17.11368421052632	21.534838709677423	21.48717592910627	19.186526315789475	24.44286200194364	19.05957832595404	17.636118490967057	17.32108843537415	19.423167934722684	16.175268434367094	15.664440366972476	24.70139534883721	26.455770101925253	18.313118475397573	5.457191384992719	12.11224122604274	20.898627450980392	5.052348183025474	14.908533333333333	8.536869855660266	29.346	28.447567567567567	33.559200000000004	38.66	0.0	39.32000000000001	29.525	34.528888888888886	18.576058394160587	33.355000000000004	0.0	0.0	26.7	32.747317073170734	0.0	28.316000000000003	36.06	32.28	35.6	0.0	28.60186046511628	20.497777777777777	34.8175	26.973865030674848	22.08	36.17466666666667	34.582465753424664	28.512974910394263	31.79555555555556	27.76456140350877	0.0	0.0	35.620000000000005	29.31566265060241
17.696	19.03666666666667	26.3	13.095193277310926	3.336437501740317	3.2609290504607187	14.387647058823529	6.995460385438973	3.982739604332525	15.844763193504738	0.0	4.024211679089978	33.480000000000004	17.11368421052632	0.0	0.0	28.26666666666667	0.0	27.640000000000004	11.27795036028823	22.24	12.5136	24.4625	8.064501619973319	0.0	27.973333333333336	22.931111111111115	14.600257731958765	19.24077669902913	15.5875	0.0	6.301186440677967	17.214545454545455	17.42823529411765	0.0	0.0	0.0	25.32	0.0	0.0	21.44	0.0	8.404270462633452	25.516	0.0	16.160000000000004	0.0	0.0	0.0	0.0	0.0	0.0	0.0	24.4	0.0	0.0	0.0	17.43125	0.0	0.0	0.0	21.08	0.0	0.0	0.0	0.0	0.0	0.0
19.472631578947368	11.776294027565084	14.470556138509968	0.0	0.0	24.813333333333336	18.064117647058826	22.836969696969696	6.472435287902799	20.62	20.434160583941605	0.0	30.040000000000003	21.534838709677423	0.0	0.0	17.716134831460675	26.131764705882357	20.23963063552417	0.0	9.734783726791132	6.060778766573643	4.879101953411515	3.9192521961108193	20.57777777777778	21.1278223495702	6.073555453852022	5.017603007518797	16.95884057971015	12.020138445982736	0.0	0.0	11.28	12.122026373209374	22.36376811594203	20.630000000000003	22.69333333333333	27.2	0.0	27.640000000000004	24.232857142857146	29.276363636363637	10.96421052631579	31.58	44.120000000000005	0.0	40.42	26.611	0.0	18.918811849479585	26.96666666666667	0.0	28.790000000000003	0.0	20.33677940863646	9.844001199760047	19.53087013086401	20.660860215053766	26.72	29.14909090909091	19.85205970149254	21.1575	24.06953020134228	20.30429732868757	0.0	0.0	20.76888888888889	19.640055020632737
18.912933135215454	8.418713525713367	8.261575389523992	28.37333333333333	28.4	25.813396226415097	18.473608562691133	23.07708338405356	19.53631878557875	25.12774193548388	15.730965732087228	0.0	29.868181818181817	21.48717592910627	28.26666666666667	17.716134831460675	0.0	7.98921568627451	3.721908364346288	34.266666666666666	13.868946147270728	14.07578030810449	6.132170649477322	21.314008321775315	8.680092165898618	7.284775844798332	10.351857276382358	19.35710364963504	16.755733960948398	14.258224560036364	33.94666666666667	31.870000000000005	19.91175257731959	4.951516847382536	33.002857142857145	10.632211551111697	20.16153576129881	0.0	0.0	0.0	34.11809523809524	40.08	21.596	41.48	50.440000000000005	0.0	21.880000000000003	36.52571428571429	0.0	23.09347368421053	21.779598145285934	22.87	20.092289855072465	43.0	28.253333333333337	15.305753424657537	23.43954248366013	29.561	16.080000000000002	18.262257294916505	19.007159904534607	33.056774193548385	33.675	29.928979591836736	31.120000000000005	0.0	0.0	22.33818181818182
25.145000000000003	12.412603266090295	30.485714285714284	34.28	0.0	21.17217391304348	29.91428571428572	18.96589147286822	26.66051282051282	33.49504273504274	3.2892349851564284	29.300952380952385	7.973639298892989	19.186526315789475	0.0	26.131764705882357	7.98921568627451	0.0	2.838545131465697	33.32666666666667	26.228	19.41339805825243	29.406315789473684	30.309090909090912	8.636765254031278	7.857279265228317	9.76423875680321	34.330769230769235	15.881265822784812	25.737142857142857	9.045722585330427	15.170000000000002	0.0	9.34706166560712	0.0	11.721777777777778	0.0	0.0	0.0	0.0	46.38666666666667	0.0	0.0	43.373333333333335	16.706611226611226	0.0	17.02290076335878	35.36	0.0	0.0	0.0	19.70614327772326	20.252903225806453	0.0	0.0	0.0	0.0	0.0	12.162611683848798	19.86221834061136	18.78041553748871	41.28	0.0	44.88	20.931857142857144	0.0	0.0	23.026666666666664
21.789379065641636	9.875682471264367	9.21147888589398	34.040000000000006	0.0	27.24	22.57205955334988	25.540754716981134	22.85056277056277	32.135849056603774	4.137779947627713	28.17473684210526	10.6990546802595	24.44286200194364	27.640000000000004	20.23963063552417	3.721908364346288	2.838545131465697	0.0	30.74	17.32501815248084	16.79391114348143	15.58174916263491	24.15871264367816	9.010235344458708	6.696602837797042	10.197263539179998	23.0368544600939	19.74295223066992	17.460395108184386	10.244814814814816	31.666666666666668	22.69	7.365510218925013	35.80800000000001	11.199926335174956	22.499869281045758	0.0	0.0	0.0	35.29600000000001	38.88	0.0	47.32000000000001	17.639036144578313	0.0	17.452571428571428	39.20888888888889	0.0	24.653763440860217	22.597894736842104	20.178771331058023	19.90345415778252	53.28000000000001	29.18857142857143	18.95783783783784	27.454432989690723	36.384	12.830923076923076	19.211873751498203	18.234235033259427	35.07555555555556	36.5	32.45333333333333	22.114545454545457	0.0	0.0	22.64
15.395789473684212	0.0	22.660000000000004	2.9832371837841745	17.41241379310345	10.49946193474528	4.857339743589744	17.044187847163776	8.968963265306122	4.191683145725586	27.96829411764706	3.7662484978163375	21.608146832445232	19.05957832595404	11.27795036028823	0.0	34.266666666666666	33.32666666666667	30.74	0.0	0.0	0.0	19.81714285714286	4.397066044684508	29.223703703703706	33.08705882352941	34.846101694915255	3.425235494177058	18.75366330003906	22.84	34.040000000000006	23.19804878048781	15.999306358381505	18.128414357110408	29.32	0.0	0.0	24.281502590673576	26.4	29.61714285714286	25.18142076502733	27.934295532646047	12.353048051637582	28.348566878980893	42.74	19.909830508474577	48.4	27.99	20.7	0.0	0.0	0.0	0.0	27.863722222222226	0.0	0.0	0.0	21.774452677985177	0.0	0.0	43.24	25.72714635340186	30.10857142857143	25.913333333333338	0.0	0.0	31.092	29.70639175257732
14.138656478828398	15.613207547169813	10.900423950679842	17.104615384615386	0.0	20.68770093457944	13.06239035861258	18.64632039684856	9.023093434343432	15.522769230769232	25.049557522123894	27.96	29.045714285714286	17.636118490967057	22.24	9.734783726791132	13.868946147270728	26.228	17.32501815248084	0.0	0.0	8.883017272550273	7.930745358152336	10.233255913978496	20.96	19.589464882943144	14.58582456140351	7.817030473794785	16.797911816578484	8.993926659711594	40.6	30.047272727272723	18.642857142857142	7.894184947611113	25.07817073170732	20.08888888888889	24.39894736842105	34.24	0.0	36.92	26.124242424242425	31.7675	13.20375	33.57714285714286	42.76666666666667	0.0	44.24	29.339761904761907	0.0	20.024086815977835	28.52	35.120000000000005	35.88	0.0	22.266372325898956	11.433979318268864	21.39352525801195	21.54951612903226	0.0	28.988888888888887	26.132054794520556	23.49496382054993	25.60838905775076	22.54568203198495	0.0	36.120000000000005	24.512222222222224	22.604102564102565
13.086548672566373	4.601717239196935	10.541805458362491	0.0	0.0	18.05333333333333	14.05298245614035	20.592432432432435	5.047492828456685	19.54	17.14541666666667	10.080000000000002	15.30354430379747	17.32108843537415	12.5136	6.060778766573643	14.07578030810449	19.41339805825243	16.79391114348143	0.0	8.883017272550273	0.0	9.63508698989382	6.8219717280301	11.054476013041455	15.582584225128816	7.598043609851899	8.669814636358485	11.380162980209546	8.991363179315298	18.612	23.26	12.033725490196078	8.621055799373043	15.51530612244898	3.355618374558304	9.62818181818182	22.84	0.0	28.56	16.486666666666668	21.616744186046517	2.6596800000000003	21.272	22.0	0.0	0.0	18.505000000000003	17.0	9.925400663314432	18.494545454545456	26.640000000000004	23.4	20.64	13.018761804826864	2.1256149894227865	11.941276233692571	11.396393063583815	0.0	19.165714285714287	10.767956756756757	13.592100221075905	14.728230088495575	12.406529266281948	0.0	0.0	12.86	12.710762331838565
16.050027259840803	9.813403031887088	7.646148873235141	17.550454545454546	32.0	22.166870037609694	14.558951470204311	20.50051899307578	14.40561904761905	16.81172322609079	30.95719438877756	21.165714285714284	29.321472754050077	19.423167934722684	24.4625	4.879101953411515	6.132170649477322	29.406315789473684	15.58174916263491	19.81714285714286	7.930745358152336	9.63508698989382	0.0	14.053288453447134	27.62444444444445	15.003550272798131	10.31670031124508	11.762376637768076	17.78215200114215	11.651667335302772	41.504	30.767393364928918	19.863195266272196	7.567247678064146	26.75407407407408	11.47534117647059	18.777982675084424	35.82000000000001	0.0	37.192	29.95773195876289	33.58709677419355	15.26528	31.885	30.68	0.0	43.96	30.73924050632912	0.0	18.38706766917293	21.884886877828052	34.410000000000004	30.315555555555555	0.0	21.685472440944885	11.596085034729532	20.737987140061502	22.468281430219143	20.520000000000003	21.96397660818713	19.931047989781643	25.25648275862069	26.77329153605016	23.893947368421056	0.0	0.0	27.715000000000003	22.37908695652174
13.909333706606944	13.596219047619048	18.369429994465968	3.737977200674536	14.771468531468532	10.925120154570704	8.057237021685285	16.142695425195768	5.523419134310319	8.166281782056668	26.55367901234568	6.531032522892327	20.927394957983196	16.175268434367094	8.064501619973319	3.9192521961108193	21.314008321775315	30.309090909090912	24.15871264367816	4.397066044684508	10.233255913978496	6.8219717280301	14.053288453447134	0.0	21.393894736842107	22.12332268370607	12.46412823689564	4.753771964707664	14.071019373214426	11.280544364220026	32.57333333333334	23.451282051282053	13.371430007539582	11.911081535721356	22.48563737133809	21.986666666666668	27.47121951219512	24.573233492171543	0.0	27.21862068965517	21.40145805414098	24.92253452477661	9.441928546652791	24.531797676008203	39.45969230769231	18.0192	41.792	25.7497790368272	24.442857142857143	19.410578512396693	32.09	42.56666666666668	37.712	24.42332784184514	20.873003003003006	10.42729648241206	21.40532786885246	18.758803112840468	0.0	38.55294117647059	28.58975609756098	21.4763633647094	24.98973035261581	21.105322617680827	0.0	38.816	24.249702517162472	22.851659882406157
22.102857142857143	3.657732941220266	34.70666666666666	33.040000000000006	0.0	20.77460317460318	27.597083333333337	15.468354430379748	17.96173076923077	29.848253968253964	5.269400271917015	25.719384615384616	4.3454105310851485	15.664440366972476	0.0	20.57777777777778	8.680092165898618	8.636765254031278	9.010235344458708	29.223703703703706	20.96	11.054476013041455	27.62444444444445	21.393894736842107	0.0	7.573393645189762	6.486189124862688	28.376551724137933	12.224123711340209	25.415384615384617	8.165105665941166	12.87	30.040000000000003	7.564736842105264	23.880000000000003	2.780533980582524	18.8	0.0	0.0	0.0	0.0	0.0	0.0	38.120000000000005	7.921065145030909	37.32000000000001	7.920011337868482	23.160000000000004	0.0	29.72	11.88	10.586148531951642	11.622823529411765	0.0	24.9	0.0	29.0	0.0	2.7148435544430543	10.963383317713214	8.94132810799042	33.64	0.0	20.72	11.971062740076826	0.0	0.0	14.833103448275864
25.25094688221709	8.294990462215702	8.001507322581189	37.88	0.0	24.27698113207547	27.136544175136823	24.843875079668575	21.26070981210856	34.24776556776557	4.922476945234632	30.70923076923077	4.804983479656377	24.70139534883721	27.973333333333336	21.1278223495702	7.284775844798332	7.857279265228317	6.696602837797042	33.08705882352941	19.589464882943144	15.582584225128816	15.003550272798131	22.12332268370607	7.573393645189762	0.0	7.269161020197759	26.560684410646388	20.86424978317433	21.85348039215686	4.466202314616374	18.1008	27.48444444444444	9.767503254977155	31.63692307692308	9.468594255802742	20.92610478359909	0.0	0.0	37.52	34.42956521739131	35.980000000000004	27.98	42.13600000000001	17.120477863668306	44.720000000000006	16.700552342394452	35.80952380952381	0.0	31.17052631578948	20.30567493112948	19.187542691751084	18.44069872958258	0.0	29.55529411764706	20.762857142857143	26.76283464566929	34.44571428571429	11.450488215488216	18.29190600306152	17.146100920483534	36.35636363636364	30.934545454545457	29.11013698630137	20.814040940106143	0.0	0.0	22.03658536585366
24.51647985989492	5.567773525924329	7.038878736682413	36.392	0.0	25.498840579710144	23.213731099305274	27.230003735524843	15.661388547218806	34.92158192090396	8.18124596864323	31.91703703703704	4.038285571476175	26.455770101925253	22.931111111111115	6.073555453852022	10.351857276382358	9.76423875680321	10.197263539179998	34.846101694915255	14.58582456140351	7.598043609851899	10.31670031124508	12.46412823689564	6.486189124862688	7.269161020197759	0.0	11.789004880371383	23.066571136131017	20.44258461538461	3.987673068334078	27.28857142857143	26.16133333333333	10.433898781032614	30.962972972972977	8.93496052365207	16.816490287668785	37.86	0.0	34.77	29.99328395061729	37.23368421052632	21.64869565217392	37.831428571428575	17.083186925434116	42.96	17.456724903760737	34.887400881057275	0.0	18.060428762840555	19.51842696629213	18.762691349234604	18.55306547619048	0.0	21.480057306590258	9.02365232103204	18.66035007072136	27.2655737704918	10.678281136198107	17.008759011211428	16.978944810174372	30.31594936708861	33.06611111111111	27.78648351648352	21.14250666666667	0.0	0.0	19.044848484848487
14.828170873786409	17.407674418604653	17.860791262135923	2.651985444621333	21.18787878787879	9.536755802184762	7.990915117275636	16.236734152007966	10.13232491230836	5.569373788980702	30.03147928994083	8.52148984901381	24.60640640640641	18.313118475397573	14.600257731958765	5.017603007518797	19.35710364963504	34.330769230769235	23.0368544600939	3.425235494177058	7.817030473794785	8.669814636358485	11.762376637768076	4.753771964707664	28.376551724137933	26.560684410646388	11.789004880371383	0.0	16.23419054250989	9.96294410478239	36.62133333333334	25.7662311557789	14.914952540480176	13.273023829787236	24.511791458679976	26.51	28.798400000000004	29.54577777777778	0.0	31.934634146341462	25.948445171849425	29.40378205128205	14.244230616302186	30.25011252813203	43.10297872340426	23.340487804878048	47.42	28.112890951276103	23.77714285714286	19.81747470659652	31.75	45.5	41.24	29.88847983453981	22.59568069666183	11.685791447861966	22.902390891840604	22.477634958195303	0.0	40.06363636363637	31.94619047619048	24.67242729101884	25.58156806550665	22.48843054082715	48.52	43.38666666666667	25.59240875912409	25.6564142394822
3.468686255327284	20.509377593361	27.47538741360495	16.18396145905024	4.542068965517242	9.04807795779279	14.522091598585774	6.940657139876917	12.31870755878731	19.72800514121873	11.874620650313748	16.89366590389016	9.741722439272976	5.457191384992719	19.24077669902913	16.95884057971015	16.755733960948398	15.881265822784812	19.74295223066992	18.75366330003906	16.797911816578484	11.380162980209546	17.78215200114215	14.071019373214426	12.224123711340209	20.86424978317433	23.066571136131017	16.23419054250989	0.0	6.817547401846515	18.13727626459144	3.523586854460094	3.219623788713661	4.749316183181365	26.399672131147543	23.820425531914896	28.2956862745098	27.055	0.0	30.96	27.141768707482992	31.09666666666667	15.610562347188264	33.194	43.06	0.0	23.44	30.458214285714284	0.0	23.34695652173913	34.048	0.0	38.260000000000005	34.77	24.49917050691244	14.705531914893616	27.79259259259259	23.91116363636364	15.06	32.29185185185186	31.227441860465117	25.397534246575344	28.301642512077297	24.796508728179557	0.0	0.0	29.2875	25.823041474654374
7.031903694404592	17.61024154589372	15.78490897009967	15.734117647058827	23.56	17.123968253968254	5.199920093284763	13.55112726471722	8.800090043576136	14.637032640949556	24.979863945578234	18.528	21.9875	12.11224122604274	15.5875	12.020138445982736	14.258224560036364	25.737142857142857	17.460395108184386	22.84	8.993926659711594	8.991363179315298	11.651667335302772	11.280544364220026	25.415384615384617	21.85348039215686	20.44258461538461	9.96294410478239	6.817547401846515	0.0	33.986666666666665	21.62977777777778	7.778317757009347	5.069531054468814	23.7888198757764	21.736216216216217	27.953043478260877	30.432	0.0	34.86	23.32282722513089	29.886769230769232	11.898136752136754	29.183076923076925	42.30222222222223	0.0	0.0	27.417046413502103	0.0	20.310570129415883	28.734545454545454	0.0	29.67	31.160000000000004	22.327647058823533	11.547480106100796	21.546443914081145	20.07358272955789	0.0	31.2608	30.57130434782609	22.555995045417014	24.640534653465348	22.105067584173018	0.0	0.0	23.81365853658537	23.20279171210469
23.448	12.183157894736842	44.44615384615385	34.220000000000006	0.0	21.92636363636364	32.69869158878505	20.79767195767196	33.120000000000005	35.29324503311259	6.411006160164272	31.38382978723405	3.4977208866687484	20.898627450980392	0.0	0.0	33.94666666666667	9.045722585330427	10.244814814814816	34.040000000000006	40.6	18.612	41.504	32.57333333333334	8.165105665941166	4.466202314616374	3.987673068334078	36.62133333333334	18.13727626459144	33.986666666666665	0.0	18.87636363636364	0.0	12.297624460995689	0.0	0.0	0.0	0.0	0.0	0.0	0.0	0.0	0.0	0.0	17.58790378006873	0.0	17.971241217798596	0.0	0.0	0.0	0.0	19.889908256880734	20.908571428571427	0.0	0.0	0.0	0.0	0.0	11.866796116504856	20.5425	19.48680272108844	0.0	0.0	0.0	21.89975308641976	0.0	0.0	22.32
13.13241379310345	36.92	34.33818181818182	25.564	2.6086632622409134	4.406771386270899	21.772594458438288	4.731749922569799	23.59870967741936	23.843988355167397	12.230445859872612	19.938761528326744	8.228333333333335	5.052348183025474	6.301186440677967	0.0	31.870000000000005	15.170000000000002	31.666666666666668	23.19804878048781	30.047272727272723	23.26	30.767393364928918	23.451282051282053	12.87	18.1008	27.28857142857143	25.7662311557789	3.523586854460094	21.62977777777778	18.87636363636364	0.0	0.0	2.8945039760135574	0.0	0.0	39.92	0.0	0.0	0.0	0.0	0.0	0.0	0.0	0.0	0.0	0.0	0.0	0.0	0.0	0.0	0.0	0.0	0.0	36.760000000000005	0.0	0.0	31.420000000000005	0.0	0.0	0.0	34.46	0.0	38.14	0.0	0.0	0.0	33.160000000000004
4.656708074534162	20.660000000000004	23.96842105263158	13.762838283828383	23.84	19.44424778761062	12.867092998358434	18.206868686868688	11.667384615384616	16.74771320754717	19.12	18.76333333333333	22.8	14.908533333333333	17.214545454545455	11.28	19.91175257731959	0.0	22.69	15.999306358381505	18.642857142857142	12.033725490196078	19.863195266272196	13.371430007539582	30.040000000000003	27.48444444444444	26.16133333333333	14.914952540480176	3.219623788713661	7.778317757009347	0.0	0.0	0.0	3.731888667992048	25.904000000000003	0.0	0.0	0.0	0.0	0.0	26.025454545454544	30.024	13.698823529411763	25.840000000000003	54.6	0.0	0.0	29.437142857142856	0.0	22.57	0.0	0.0	0.0	0.0	24.105454545454545	13.8	0.0	22.226046511627903	0.0	0.0	0.0	24.826486486486488	27.737142857142857	23.454545454545457	0.0	0.0	27.28	24.155
10.509832477105205	9.62405498281787	9.935139282735614	14.308935097668558	2.524993548387097	7.139677801224972	13.83083034731823	6.169042047677993	8.991412113806948	18.90997775632686	4.1459583461808	15.40843668215564	8.009859337405146	8.536869855660266	17.42823529411765	12.122026373209374	4.951516847382536	9.34706166560712	7.365510218925013	18.128414357110408	7.894184947611113	8.621055799373043	7.567247678064146	11.911081535721356	7.564736842105264	9.767503254977155	10.433898781032614	13.273023829787236	4.749316183181365	5.069531054468814	12.297624460995689	2.8945039760135574	3.731888667992048	0.0	23.761720430107527	10.646315789473684	17.4925	32.56	0.0	29.24	25.48964285714286	29.101333333333333	12.235773195876288	30.456	18.54222222222222	36.68	18.70888888888889	27.23596330275229	0.0	18.331501416430594	21.644848484848488	22.144615384615385	19.93894736842105	27.32	21.29442922374429	10.730916334661355	20.465514403292183	20.51744774477448	14.172	19.245254237288137	18.430669456066948	23.04739240506329	23.89783333333333	21.921758241758244	23.613333333333337	0.0	25.581538461538464	23.245490196078432
25.46	22.203333333333337	30.662857142857145	26.772	0.0	0.0	24.20419580419581	29.633333333333336	14.816239316239315	31.21272727272728	41.440000000000005	0.0	0.0	29.346	0.0	22.36376811594203	33.002857142857145	0.0	35.80800000000001	29.32	25.07817073170732	15.51530612244898	26.75407407407408	22.48563737133809	23.880000000000003	31.63692307692308	30.962972972972977	24.511791458679976	26.399672131147543	23.7888198757764	0.0	0.0	25.904000000000003	23.761720430107527	0.0	20.536631578947368	17.58950785340314	16.69524528301887	0.0	18.598940397350997	7.316249862011323	10.9221775147929	11.700693779904308	16.009273447820345	19.976049766718507	18.21333333333333	27.67294117647059	3.277801293356849	18.365	14.904782276546982	17.54006800941669	24.44074074074074	21.364557364033352	16.41650485436893	13.392518277822909	12.763538998835855	16.404936284372905	12.925901816462964	26.840000000000003	22.73332133213321	23.54634873323398	14.23908163265306	3.404525393477203	6.087621296956124	33.152	18.96	8.558709677419355	10.204979641693813
26.15030303030303	2.1666908908658065	9.905284250816166	0.0	0.0	38.32000000000001	25.824	29.8075	21.93	0.0	11.326153846153847	0.0	10.090666666666667	28.447567567567567	0.0	20.630000000000003	10.632211551111697	11.721777777777778	11.199926335174956	0.0	20.08888888888889	3.355618374558304	11.47534117647059	21.986666666666668	2.780533980582524	9.468594255802742	8.93496052365207	26.51	23.820425531914896	21.736216216216217	0.0	0.0	0.0	10.646315789473684	20.536631578947368	0.0	7.749755697655354	27.53	29.160000000000004	28.30608695652174	20.46978229317852	27.85842105263158	11.995243691669549	24.239148936170217	12.099615384615388	19.894545454545455	8.11548686244204	24.712653061224493	20.682016806722693	14.05902608695652	9.909050632911391	11.028021390374333	9.719456635318704	0.0	16.815951661631424	5.108451085206415	10.808184311574328	15.023245367770915	4.56792902066487	7.434178938594054	5.234020818007519	19.76504297994269	22.44232804232804	17.77401785714286	12.317551020408164	40.64	21.660000000000004	13.574972067039107
31.94545454545455	10.237180762852406	18.027189339255973	0.0	0.0	39.760000000000005	31.748	36.89714285714286	22.4	32.92	0.0	0.0	0.0	33.559200000000004	0.0	22.69333333333333	20.16153576129881	0.0	22.499869281045758	0.0	24.39894736842105	9.62818181818182	18.777982675084424	27.47121951219512	18.8	20.92610478359909	16.816490287668785	28.798400000000004	28.2956862745098	27.953043478260877	0.0	39.92	0.0	17.4925	17.58950785340314	7.749755697655354	0.0	25.06354330708661	0.0	25.41476983349657	18.42654722254125	24.082173624917164	18.08257142857143	22.8699358974359	38.14807947019868	30.606666666666666	36.33625	21.2313922772777	28.905	13.334052064159874	8.721350838873821	21.96	7.498956596108617	25.624615384615385	10.82014864864865	7.929735006973502	7.583138232131913	17.83621042377009	17.812	6.230350014463408	9.050568032524026	18.215875961421077	27.81845947756196	15.65752159287208	27.005714285714287	37.32000000000001	26.37333333333333	13.326672620110736
0.0	0.0	42.0	27.198857142857143	0.0	25.67151515151515	28.778823529411767	27.130000000000003	18.049946140035907	31.913344651952464	30.880000000000003	3.1621909547738696	22.58	38.66	25.32	27.2	0.0	0.0	0.0	24.281502590673576	34.24	22.84	35.82000000000001	24.573233492171543	0.0	0.0	37.86	29.54577777777778	27.055	30.432	0.0	0.0	0.0	32.56	16.69524528301887	27.53	25.06354330708661	0.0	26.32	10.254752972258917	12.837531556802244	18.2981913303438	13.567093896713615	5.39294479339516	31.124267782426777	6.96192375	34.665000000000006	19.00689812612956	15.577511520737328	28.52	26.27373493975904	34.156164383561645	30.95253333333334	2.834107359748955	20.401525423728813	20.2068085106383	22.553755135579294	4.511606933447465	33.58	32.37075862068966	32.02953271028038	3.95182990532158	19.25670848708487	16.9415873015873	37.104	27.086666666666662	18.780745473908414	19.01007664233577
0.0	0.0	0.0	0.0	0.0	0.0	0.0	0.0	0.0	0.0	0.0	0.0	0.0	0.0	0.0	0.0	0.0	0.0	0.0	26.4	0.0	0.0	0.0	0.0	0.0	0.0	0.0	0.0	0.0	0.0	0.0	0.0	0.0	0.0	0.0	29.160000000000004	0.0	26.32	0.0	2.717445597391047	20.916	2.471258680555556	10.201804511278196	20.024761904761903	10.732307692307694	13.694545454545455	16.42857142857143	4.708737864077671	3.0031020106151374	0.0	0.0	0.0	0.0	24.133333333333336	0.0	19.05333333333333	0.0	12.928974358974358	0.0	0.0	29.24	21.1	3.52460606060606	0.0	0.0	2.3262216886754703	0.0	3.0708370044052864
0.0	0.0	38.52	31.277647058823533	0.0	0.0	29.54714285714286	33.36	19.9448	34.32769230769232	0.0	36.16	0.0	39.32000000000001	0.0	27.640000000000004	0.0	0.0	0.0	29.61714285714286	36.92	28.56	37.192	27.21862068965517	0.0	37.52	34.77	31.934634146341462	30.96	34.86	0.0	0.0	0.0	29.24	18.598940397350997	28.30608695652174	25.41476983349657	10.254752972258917	2.717445597391047	0.0	9.601459502377493	4.528401753186025	12.32975169300226	6.132071294552039	21.661255349500717	6.372067702400591	26.56613698630137	11.118442613867238	3.31056632190444	30.048	27.515303643724696	26.47222222222222	29.03692307692308	11.707230046948355	20.78532323820617	20.993587786259543	22.71500093545369	10.853596432552957	29.68	29.108844621513946	29.323478260869564	9.55815293214982	15.279975234115009	19.16735751295337	28.885161290322586	6.215967061658968	20.51731707317073	11.55892352239823
24.109090909090916	24.55764705882353	30.76108597285068	26.08440734557596	0.0	30.27478260869565	23.088882019577536	29.96333333333334	14.563051546391751	29.003150684931505	0.0	25.331200000000003	35.68	29.525	21.44	24.232857142857146	34.11809523809524	46.38666666666667	35.29600000000001	25.18142076502733	26.124242424242425	16.486666666666668	29.95773195876289	21.40145805414098	0.0	34.42956521739131	29.99328395061729	25.948445171849425	27.141768707482992	23.32282722513089	0.0	0.0	26.025454545454544	25.48964285714286	7.316249862011323	20.46978229317852	18.42654722254125	12.837531556802244	20.916	9.601459502377493	0.0	9.69548586118252	10.025928180158248	4.56905118881956	26.19324958761578	9.874625550660792	30.308875	9.18952932069582	14.94981132075472	19.05719512195122	18.952680820001216	29.773760000000003	22.43466921728041	13.64712643678161	13.16630029440628	13.862919142340482	15.573354254490406	8.439955060458917	29.21764705882353	23.719376069236187	24.279251837007347	7.549448153134916	14.843638636448867	5.918324048479695	32.87026315789474	22.66602298850575	14.55286307053942	15.169210499992854
34.74	27.83	37.02307692307693	28.28988764044944	0.0	34.49714285714286	27.449455909943715	36.720000000000006	17.64942084942085	31.874867924528303	0.0	0.0	0.0	34.528888888888886	0.0	29.276363636363637	40.08	0.0	38.88	27.934295532646047	31.7675	21.616744186046517	33.58709677419355	24.92253452477661	0.0	35.980000000000004	37.23368421052632	29.40378205128205	31.09666666666667	29.886769230769232	0.0	0.0	30.024	29.101333333333333	10.9221775147929	27.85842105263158	24.082173624917164	18.2981913303438	2.471258680555556	4.528401753186025	9.69548586118252	3.12	13.929569976544176	8.98966906668461	15.651135984758277	15.207503053000082	21.5687979539642	5.042548428359064	3.881259688660197	22.16397790055249	24.63116395494368	22.29217391304348	28.476422136422137	17.252400440044006	20.0821639192013	19.754626865671643	22.51153953454225	14.271359286176876	23.73	27.88648697214735	29.51742674301112	12.986615493775398	10.024885652681064	14.45476949104751	23.696907216494846	5.380588888163478	19.704041450777204	5.661739719266834
