0	1	32	14	0	1205	70421	27298	5054	1155	0	50	0	126886	40	1236	1	0	1	32	1867	313	1223	3086	0	1	48	5482	159892	40732	0	0	12726	9662	0	1106	47	139	12	2260	0	0	7	1	0	0	6	0	0	3	1	1	0	0	0	5	2	9	2	1	0	0	2	0	12	0	0	0	1	8	11	7	2	0	0	1	4	0	11	0	0	0	2	0	1	0	8002	0	0	1	11	1	3694	2	3470	0	2143	1	0	900	5489	642	4225	0	27	27320	2330	359	18812	18492	60856	54	2	72	3	0	0	1569	0	63	4265	3410	398	1	1	20	65	6653	839	88	25	3	5	13	19845	2209	0	1	6	34	7	79	5	160	1	68	9	0	1830	2209	184	621	0	497	2047	6920	153	1154	1336	3957	111	2	154	0	0	1	1964	0	32	8002	0	1	0	18	468	71	228	26	287	1	27	19	10	1976	26263	53	2723	1	1577	1065	69402	840	466	120702	96591	2507	18	4129	0	0	11	20075	1	1151	13044	7259	438	248	3	1	55	1147	287	55	21	2	3	5	2316	218	0	0	4	26	9	56	8	22	1	2	3	0	1474	213	10	68	0	342	2035	3243	78	17	115	607	46	1	118	0	0	0	412	0	14	0	1	0	0	598	1591	875	30	70389	0	14327	0	46	3	4	0	0	0	147914	27	5	11	10771	0	0	1	118511	4	230	0	0	0	0	0	1	0	1	0	0	0	0	0	0	0	0	0	0	0	0	0	0	2030	0	2	2	0	0	104	0	147	0	0	0	0	0	0	0	856	0	0	1	109	0	0	0	177	0	0	0	0	0	0	0	0	0	0	0	0	14305	0	1496	0	0	221	0	0	236	4887	0	0	0	0	0	3	0	2	0	0	0	1	1	13880	1	0	45764	0	13619	20	119	1	1732	153	15729	35643	2	1	0	0	0	0	0	0	0	0	0	0	0	0	0	0	0	0	0	0	0	0	0	0	0	0	0	0	0	1	1	0	0	0	0	0	0	0	0	0	0	0	11	1205	1	18	598	14305	0	7258	79453	1724	98765	23	89074	1	22404	17334	307	4	0	1	5157	594	61	676	7162	0	2	20	2287	57206	2378	0	14989	2395	42081	6	760	25	12670	861	29075	14370	0	5	0	1	0	1	1	2	0	0	1	5	0	0	4	0	4	0	0	50	0	0	1	5	0	0	0	0	3	2	9	6	0	0	0	3	0	10	0	0	1	2	0	70421	11	468	1591	0	7258	0	19954	5363	89937	0	4136	0	35389	10	2088	22	0	3	840	5340	1283	3913	48312	0	2	273	66035	12029	120750	0	0	112	1412	0	663	366	106	33	105	2	0	21	11	1	1	14	0	0	4	6	2	1	0	3	5	3	19	4	0	16	0	1	0	77	0	0	0	0	12	90	95	10	0	0	3	10	0	20	0	0	0	2	0	27298	1	71	875	1496	79453	19954	0	7208	37799	6	8998	0	228082	3805	1883	17	0	2	2981	3609	403	2909	20408	0	1	105	10361	87599	14819	0	3943	12461	54825	4	2023	103	11995	435	11825	4835	3	21	7	1	2	7	0	1	6	4	2	1	0	4	9	8	42	1	0	2	0	1	0	32	0	0	0	0	20	29	44	17	0	0	1	11	0	17	0	0	0	4	4	5054	3694	228	30	0	1724	5363	7208	0	2258	2	11384	0	2239	6209	13720	65	1	13	39	8499	43242	7504	63057	3	11	1341	14869	4505	30272	0	0	1510	7078	10	36352	1155	436	103	102434	7	6	674	325	25	24	417	3	0	259	18	131	0	1	126	813	328	12291	156	0	14	0	114	1	1151	17	0	6	4	635	4648	986	1621	2	6	43	939	16	1301	0	0	69	143	0	1155	2	26	70389	0	98765	89937	37799	2258	0	0	192254	0	8742	121	360	3	0	0	237297	902	114	551	23205	0	1	19	52473	1127	4473	0	0	836	3530	0	113	24	42	2	498	0	0	2	1	0	0	0	0	0	0	1	1	54	0	0	0	1	5	0	0	358	0	0	0	5	0	0	0	17	2	4	12	2	0	0	1	2	0	2	0	0	0	0	0	0	3470	287	0	221	23	0	6	2	0	0	0	209533	0	84	117	606	56990	47980	0	7	68	244	3	31361	123529	11365	0	3	2	1886	0	0	35803	0	463	17187	62594	10140	25	23	6736	5	4151	930	104	1	0	62	1	817	28	0	0	0	0	0	0	0	133	0	73	0	0	64	67	10	60	0	20	60	125	1	631	90	104	2	0	6	0	0	0	55	0	50	0	1	14327	0	89074	4136	8998	11384	192254	0	0	0	55	4724	24	0	0	0	129414	28	24	40	14209	0	0	1	6985	77	279	0	0	86	133	2189	843	3	8	0	24159	0	0	0	0	0	0	0	0	0	0	0	0	303	0	62	2	3	0	2157	0	21337	0	0	0	0	0	0	0	7730	1	0	2	24	0	0	0	60	0	1	0	0	0	0	165	0	2143	27	0	0	1	0	0	0	0	209533	0	0	0	2	2	15	1002	618	0	0	0	11	1	45775	57584	18412	0	1	0	28566	0	0	15424	4	924	8411	14120	1469	18	9	14237	114	789	344	25	5	0	99	0	167	2	0	0	0	0	0	0	0	177	0	4672	0	0	3	5	1	4	0	0	0	2	0	149	10	13	0	0	0	1	0	0	48	1	126886	1	19	46	236	22404	35389	228082	2239	8742	0	55	0	0	1956	794	4	0	0	115	1195	189	717	2736	1	0	25	3951	70052	8585	0	11676	7098	15979	2	687	39	4595	439	5602	907	3	5	1	0	0	2	0	0	0	0	0	0	0	0	1	2	5	0	0	0	0	1	0	4	0	0	0	0	5	5	8	2	0	0	0	0	0	8	0	0	1	1	1	40	0	10	3	4887	17334	10	3805	6209	121	84	4724	2	1956	0	148	0	0	0	6	194	12	477	260	0	0	13	61	2924	238	0	11	130	2952	88	10582	68	3298	1481	261893	35328	22	66	4	3	0	25	2	4	3	0	0	0	0	3	14	5	20	2	0	0	0	1	1	16	0	0	0	0	9	9	19	7	0	0	0	8	0	22	0	0	0	9	37	1236	900	1976	4	0	307	2088	1883	13720	360	117	24	2	794	148	0	1179	18	317	6	37697	23153	102689	8966	31	458	65493	14764	527	3289	1	0	156	4384	2	13533	12041	5116	1430	2569	27	18	3102	1028	299	241	857	25	8	477	277	380	4	2	316	1421	629	2819	232	2	25	1	238	5	5973	72	7	8	5	1736	8374	6434	1774	12	44	255	1617	58	3654	0	0	111	725	2	1	5489	26263	0	0	4	22	17	65	3	606	0	15	4	0	1179	0	57	44487	0	109	1283	50806	57	468	58913	18309	129	1	98	1	0	1	4843	0	297	18325	9598	1100	17	1	1	44	1629	476	40	21	1	0	6	3600	352	1	0	2	16	7	48	3	42	0	13	3	0	1403	337	28	112	0	397	2174	3406	49	48	220	966	59	1	121	0	0	1	678	0	0	642	53	0	0	0	0	0	1	0	56990	0	1002	0	0	18	57	0	27634	0	1	13	36	1	2639	69897	1508	0	0	0	26	0	0	744	0	33	1284	1253	164	0	0	6	0	531	124	11	0	0	4	0	110	7	0	0	0	0	0	0	0	16	0	9	0	0	18	5	0	8	0	4	22	28	2	71	6	14	0	0	2	0	0	0	10	0	1	4225	2723	0	0	1	3	2	13	0	47980	0	618	0	0	317	44487	27634	0	0	22	273	739	14	3883	138126	10367	19	0	17	11	0	0	3634	0	72	7755	7104	677	5	0	6	7	1601	201	25	2	2	3	2	2198	128	0	0	0	3	3	13	1	56	0	18	1	0	287	269	17	127	0	103	557	734	14	230	208	333	9	0	22	0	0	0	220	0	32	0	1	147914	0	5157	840	2981	39	237297	0	129414	0	115	6	6	0	0	0	0	44	4	22	16193	0	0	0	32146	27	468	0	0	3	12	0	1	1	1	1	5	0	0	0	0	0	0	0	0	0	0	0	0	3619	0	0	0	0	0	0	0	3368	0	0	0	0	0	0	0	431	1	0	1	0	0	0	0	0	0	0	0	0	0	0	0	1867	27	1577	27	3	594	5340	3609	8499	902	7	28	0	1195	194	37697	109	1	22	44	0	488	128196	9737	1	35	1818	74009	734	112275	0	0	300	12127	2	15694	8380	4167	1311	3817	37	21	705	220	32	22	384	2	4	252	19	117	0	0	201	779	360	833	134	1	11	0	135	0	942	9	0	3	2	557	1171	1434	441	1	13	42	557	24	1310	0	0	62	150	2	313	27320	1065	5	0	61	1283	403	43242	114	68	24	0	189	12	23153	1283	13	273	4	488	0	3380	29419	23	782	41592	4060	155	847	0	0	35	1472	0	3025	4276	1709	402	188	12	5	2116	1388	1028	248	412	20	13	105	1154	255	0	0	83	393	149	1800	60	6	3	1	67	3	7042	163	14	35	3	1333	33818	8094	1095	9	122	1528	652	22	1348	0	0	17	1301	1	1223	2330	69402	11	2	676	3913	2909	7504	551	244	40	11	717	477	102689	50806	36	739	22	128196	3380	0	6945	120	2216	46910	46572	541	41462	0	0	352	59734	13	55161	53549	25455	5916	8370	154	76	4692	1933	679	408	1142	24	17	579	1288	564	2	4	327	1531	654	1989	274	16	26	0	243	6	9629	172	15	44	19	2376	11345	12191	2210	15	129	727	2112	62	4715	0	0	105	1293	20	3086	359	840	10771	0	7162	48312	20408	63057	23205	3	14209	1	2736	260	8966	57	1	14	16193	9737	29419	6945	0	0	19	848	365566	2543	19889	0	0	426	4119	0	3320	874	380	100	1287	4	1	72	19	1	1	16	0	0	10	9	8	40	0	4	32	18	74	5	0	91	0	7	0	154	1	0	0	1	39	167	157	33	0	0	4	37	2	76	0	0	2	6	1	0	18812	466	0	0	0	0	0	3	0	31361	0	45775	1	0	31	468	2639	3883	0	1	23	120	0	0	19023	44932	1	0	1	29	0	0	6427	0	89	12029	13400	1835	0	1	8019	0	4797	1019	88	1	0	129	0	1881	23	0	0	0	0	0	0	0	2323	0	1868	0	0	10	146	21	130	0	4	15	50	0	3261	210	186	1	0	0	11	0	0	166	0	1	18492	120702	0	0	2	2	1	11	1	123529	0	57584	0	0	458	58913	69897	138126	0	35	782	2216	19	19023	0	232932	36	0	36	6828	0	0	6673	0	137	22159	14152	1477	4	2	98	10	2650	299	26	4	0	6	2	4834	212	0	0	0	5	3	13	0	64	0	20	0	0	413	316	20	138	0	116	584	1046	18	255	171	434	9	0	22	1	0	1	231	0	48	60856	96591	1	1	20	273	105	1341	19	11365	1	18412	25	13	65493	18309	1508	10367	0	1818	41592	46910	848	44932	232932	0	2483	21	1374	3719	0	11	8898	0	1504	26541	11507	1276	198	5	30	380	3417	1410	262	140	11	6	32	7987	800	0	2	24	95	53	331	21	83	2	26	20	1	3938	632	65	187	0	1295	9066	8484	309	385	553	4174	177	5	405	0	0	7	2015	0	5482	54	2507	118511	1	2287	66035	10361	14869	52473	0	6985	0	3951	61	14764	129	0	19	32146	74009	4060	46572	365566	1	36	2483	0	2684	46830	0	0	252	4573	1	5348	1898	664	211	962	8	7	146	43	8	13	95	0	3	52	18	25	144	0	58	181	67	309	27	0	21	0	29	0	477	3	0	1	34	119	450	551	114	0	4	17	131	9	279	0	0	6	46	0	159892	2	18	4	13880	57206	12029	87599	4505	1127	3	77	1	70052	2924	527	1	0	0	27	734	155	541	2543	0	0	21	2684	0	29504	0	37488	88524	35226	3	2203	33	16447	1352	25390	2532	4	13	2	2	0	1	0	2	0	0	0	0	0	0	3	0	10	2	0	0	0	0	0	3	0	0	0	0	4	9	8	0	0	0	0	3	0	7	0	0	1	1	3	40732	72	4129	230	1	2378	120750	14819	30272	4473	2	279	0	8585	238	3289	98	0	17	468	112275	847	41462	19889	1	36	1374	46830	29504	0	0	0	751	9622	2	14266	6040	1163	397	3979	18	10	677	212	39	22	479	3	1	278	59	125	2	0	275	1031	444	1103	173	3	22	0	177	3	1060	20	3	3	6	608	1287	1602	484	1	16	60	591	24	1588	0	0	65	169	0	0	3	0	0	0	0	0	0	0	0	1886	0	28566	0	0	1	1	26	11	0	0	0	0	0	29	6828	3719	0	0	0	0	0	0	0	0	0	6	7	3	0	0	0	0	1	0	0	0	0	0	0	0	0	0	0	0	0	0	0	0	0	0	0	0	0	0	0	0	0	0	0	0	0	0	0	0	0	0	0	0	0	0	0	0	0	0	0	0	0	45764	14989	0	3943	0	0	0	0	0	11676	11	0	0	0	0	0	0	0	0	0	0	0	0	0	37488	0	0	0	0	1651	0	0	0	64	0	303	2314	0	0	0	0	0	0	0	0	0	0	0	0	0	0	0	0	0	0	0	0	0	0	0	0	0	0	0	0	0	0	0	0	0	0	0	0	0	0	0	0	0	0	0	12726	0	11	0	0	2395	112	12461	1510	836	0	86	0	7098	130	156	1	0	0	3	300	35	352	426	0	0	11	252	88524	751	0	0	0	7931	0	2620	13	184	1	8615	0	0	1	0	0	0	3	0	0	0	0	0	0	0	0	2	1	6	1	0	0	0	0	0	3	0	0	0	0	2	1	6	1	0	0	0	1	0	6	0	0	0	0	0	9662	1569	20075	0	13619	42081	1412	54825	7078	3530	35803	133	15424	15979	2952	4384	4843	744	3634	12	12127	1472	59734	4119	6427	6673	8898	4573	35226	9622	0	1651	7931	0	101	38822	27144	271597	28092	44226	15736	10521	4308	904	890	121	133	54	1181	64	720	88	0	1	26	121	65	210	17	693	3	3	17	10	1016	73	5	12	0	308	1385	1794	136	91	40	262	162	11	363	0	0	9	531	57	0	0	1	0	20	6	0	4	10	0	0	2189	4	2	88	2	0	0	0	0	2	0	13	0	0	0	0	1	3	2	0	0	0	101	0	3914	32	155	46	616	46	61	2527	30	13	4	130	45	28	2	0	0	0	22	0	0	0	0	0	1	2	1	0	33	1	0	0	0	0	0	2	2	1	0	0	0	1	4	5	0	0	1	54	225506	1106	63	1151	1	119	760	663	2023	36352	113	463	843	924	687	10582	13533	297	33	72	1	15694	3025	55161	3320	89	137	1504	5348	2203	14266	0	0	2620	38822	3914	0	84733	70233	42053	35090	3748	21098	67360	2244	1944	217	15563	309	2896	1475	54	969	2	2	1530	3047	2140	5953	443	480	29	10	576	170	2875	118	2	11	11	3764	2259	5548	1668	4	47	166	2749	214	8530	0	0	636	2432	1264	47	4265	13044	0	1	25	366	103	1155	24	17187	3	8411	39	68	12041	18325	1284	7755	1	8380	4276	53549	874	12029	22159	26541	1898	33	6040	6	0	13	27144	32	84733	0	158208	54110	1579	253	5125	3316	16183	13411	1045	377	11	2790	221	1294	222	2	0	122	388	250	546	64	3856	6	112	70	6	1506	116	15	45	0	746	1917	2555	370	929	80	379	502	15	1220	0	0	57	1483	3	139	3410	7259	1	1732	12670	106	11995	436	42	62594	8	14120	4595	3298	5116	9598	1253	7104	1	4167	1709	25455	380	13400	14152	11507	664	16447	1163	7	64	184	271597	155	70233	158208	0	26447	53986	13352	8841	2243	3409	2327	166	79	64	2206	24	688	58	0	0	10	39	22	129	5	958	0	60	5	7	736	53	8	23	1	170	1026	1223	98	438	47	179	105	2	212	0	0	7	1121	89	12	398	438	0	153	861	33	435	103	2	10140	0	1469	439	1481	1430	1100	164	677	1	1311	402	5916	100	1835	1477	1276	211	1352	397	3	0	1	28092	46	42053	54110	26447	0	25002	6916	5817	636	532	590	56	34	53	916	3	64	4	0	0	4	10	10	25	2	157	0	17	1	1	130	0	1	1	0	36	149	187	18	72	0	21	27	1	45	0	0	2	517	22	2260	1	248	0	15729	29075	105	11825	102434	498	25	24159	18	5602	261893	2569	17	0	5	5	3817	188	8370	1287	0	4	198	962	25390	3979	0	303	8615	44226	616	35090	1579	53986	25002	0	29603	256	992	54	38	3	272	17	53	49	5	24	0	1	35	142	66	335	21	3	2	0	28	26	224	4	0	0	0	159	178	292	114	0	4	6	172	3	287	0	0	7	64	1067	0	1	3	0	35643	14370	2	4835	7	0	23	0	9	907	35328	27	1	0	0	0	37	12	154	4	1	2	5	8	2532	18	0	2314	0	15736	46	3748	253	13352	6916	29603	0	188	132	5	15	1	6	2	49	0	0	0	0	0	0	0	0	1	0	4	0	0	0	0	6	0	0	0	0	1	3	8	0	0	0	0	2	0	0	0	0	0	15	40	0	20	1	0	2	0	0	3	6	0	6736	0	14237	3	22	18	1	6	6	0	21	5	76	1	8019	98	30	7	4	10	0	0	0	10521	61	21098	5125	8841	5817	256	188	0	5194	644	1080	54	35	37	1461	0	1	0	0	0	0	0	0	1	0	676	0	8	0	1	4	0	0	0	0	2	4	5	0	15	0	0	1	0	1	0	0	0	481	24	7	65	55	0	1	5	21	21	674	2	5	0	114	5	66	3102	44	0	7	0	705	2116	4692	72	0	10	380	146	13	677	0	0	1	4308	2527	67360	3316	2243	636	992	132	5194	0	105457	37517	46502	46410	6038	20866	7999	83	2244	2	205	1282	2394	2617	13382	170	1261	1346	67	1107	5338	7932	412	54	122	5	12379	5024	33117	3173	71	301	549	3751	2760	17290	0	0	6193	50964	1754	1	6653	1147	0	0	0	11	7	325	1	4151	0	789	1	4	1028	1629	531	1601	0	220	1388	1933	19	4797	2650	3417	43	2	212	1	0	0	904	30	2244	16183	3409	532	54	5	644	105457	0	167527	60779	4470	896	6697	422	14075	11268	0	14	158	782	382	1531	103	12574	9	12687	167	51	12439	8090	2208	4489	7	15545	11313	56413	2473	33999	20289	15281	1734	219	8891	100	0	77	38272	15	0	839	287	0	0	1	1	1	25	0	930	0	344	0	3	299	476	124	201	0	32	1028	679	1	1019	299	1410	8	2	39	0	0	0	890	13	1944	13411	2327	590	38	15	1080	37517	167527	0	40742	66233	8777	7812	3109	4253	15023	0	522	6577	187	4852	319	17	47405	13	12321	5351	2547	3543	6518	3078	3703	0	7654	4082	18901	343	18043	22595	12119	231	11523	2892	171	103	248	289542	36	0	88	55	0	0	0	1	2	24	0	104	0	25	0	0	241	40	11	25	0	22	248	408	1	88	26	262	13	0	22	0	0	0	121	4	217	1045	166	56	3	1	54	46502	60779	40742	0	22094	7141	7241	375	541	2102	0	82	649	89	490	341	13	7955	1	1605	544	1069	1869	554	430	448	0	1141	1622	11474	448	2015	3080	1500	158	1724	3526	24	19	56	56810	7	6	25	21	0	0	1	14	7	417	0	1	0	5	2	25	857	21	0	2	0	384	412	1142	16	1	4	140	95	1	479	0	0	3	133	130	15563	377	79	34	272	6	35	46410	4470	66233	22094	0	24407	880	11698	28	655	16	18847	78507	1772	18141	121192	649	67	32426	3	19627	256757	1504	82	3	5	82	2721	765	6848	2179	6	20	195	1055	55602	8371	0	786	8888	72820	131	0	3	2	0	0	1	0	0	3	0	0	0	0	0	2	25	1	0	2	0	2	20	24	0	0	0	11	0	0	3	0	0	0	54	45	309	11	64	53	17	2	37	6038	896	8777	7141	24407	0	1307	54	2	52	0	24589	14510	12	6500	13	0	29	16	2	2015	27965	80	6	0	1	0	39	62	459	25	1	4	9	11	5237	161	0	3156	8	26940	45	0	5	3	0	0	2	0	1	0	0	62	0	99	0	4	8	0	4	3	0	4	13	17	0	129	6	6	3	2	1	0	0	0	1181	28	2896	2790	2206	916	53	49	1461	20866	6697	7812	7241	880	1307	0	30	47	29	0	1	24	5	14	16	0	7360	0	7223	13	48	33	1	18	6	0	36	17	258	11	1935	89	41	1	124	91	3	1	6	7119	21	3	13	5	0	0	0	4	6	259	0	1	0	0	0	3	477	6	0	2	0	252	105	579	10	0	2	32	52	0	278	0	0	0	64	2	1475	221	24	3	49	0	0	7999	422	3109	375	11698	54	30	0	4	108	7	3	12482	70928	30707	1437	599	2	52	0	114313	131	561	13	0	1	22	1289	261	1737	1858	1	7	48	7230	133463	28247	0	0	34515	11130	44	1	19845	2316	0	0	0	6	4	18	1	817	0	167	0	0	277	3600	110	2198	0	19	1154	1288	9	1881	4834	7987	18	0	59	0	0	0	720	0	54	1294	688	64	5	0	1	83	14075	4253	541	28	2	47	4	0	10846	0	0	6	29	12	324	8	5320	0	4168	4	0	3030	10218	934	6322	0	256	28770	9606	226	25154	25238	88547	129	1	84	34	0	0	4405	0	1	2209	218	0	0	1	2	2	131	1	28	0	2	0	0	380	352	7	128	0	117	255	564	8	23	212	800	25	0	125	0	0	0	88	0	969	222	58	4	24	0	0	2244	11268	15023	2102	655	52	29	108	10846	0	0	3	60	282	124	525	57	2342	4	130	46	9	1353	41631	464	4898	0	1905	1195	125002	1228	1102	104654	130379	1093	40	1181	2	0	16	14181	0	0	0	0	2030	0	5	1	1	0	54	0	303	0	0	0	4	1	0	0	3619	0	0	2	40	0	0	0	144	0	2	0	0	0	0	0	2	2	0	0	0	0	0	2	0	0	0	16	0	0	7	0	0	0	0	840	2416	94	45	57744	0	13547	0	22	1	8	0	0	0	164824	12	2	9	18408	0	0	0	56464	0	29	0	0	4	4	0	0	1	0	0	0	0	0	0	1	0	0	0	0	0	0	2	0	0	0	0	0	0	4	0	0	0	2	0	0	0	0	0	0	1	22	2	0	0	0	1	0	0	205	14	522	82	18847	24589	1	3	0	3	0	0	9858	1	11862	1	0	0	0	0	332	6036	4	1	0	0	0	5	2	18	1	0	1	0	0	7129	8	0	27376	0	26001	2	0	6	4	2	0	0	3	4	126	0	0	62	0	0	3	316	2	0	0	0	201	83	327	4	0	0	24	58	0	275	0	0	0	26	0	1530	122	10	4	35	0	0	1282	158	6577	649	78507	14510	24	12482	6	60	840	9858	0	7845	107530	10075	62021	6	82916	0	53707	20527	468	11	1	0	8375	751	134	904	12191	0	3	32	3232	39915	3002	0	6708	2381	26722	1212	5	34	26	2	0	4	5	9	813	0	0	2	0	1	14	1421	16	0	3	0	779	393	1531	32	0	5	95	181	3	1031	0	0	2	121	0	3047	388	39	10	142	0	0	2394	782	187	89	1772	12	5	70928	29	282	2416	1	7845	0	22617	14188	127538	1	2849	1	62227	2	2936	27	1	8	2307	8444	650	7780	31625	2	30	140	165653	9681	126469	0	0	2175	3058	0	2	7	9	0	0	0	3	8	328	1	0	3	0	2	5	629	7	0	3	0	360	149	654	18	0	3	53	67	0	444	0	0	1	65	0	2140	250	22	10	66	0	0	2617	382	4852	490	18141	6500	14	30707	12	124	94	11862	107530	22617	0	6976	27432	1	16980	0	177663	2475	937	13	1	3	640	1982	363	2354	17142	3	9	66	6345	48391	8584	0	23740	4681	24826	7	9	79	56	0	0	4	19	42	12291	5	0	0	0	5	20	2819	48	0	13	0	833	1800	1989	74	0	13	331	309	10	1103	0	0	6	210	0	5953	546	129	25	335	1	1	13382	1531	319	341	121192	13	16	1437	324	525	45	1	10075	14188	6976	0	5414	5	14603	0	2158	816	6566	79	3	11	509	3630	26574	4305	100004	6	49	662	9356	170	10494	0	0	256	896	0	2	5	8	104	0	0	4	1	156	0	0	2157	0	0	2	232	3	0	1	0	134	60	274	5	0	0	21	27	2	173	0	0	1	17	0	443	64	5	2	21	0	0	170	103	17	13	649	0	0	599	8	57	57744	0	62021	127538	27432	5414	0	1	131354	0	27015	56	980	4	0	1	181476	1296	160	1248	28971	1	6	32	34638	95	3929	0	0	246	285	3	1	160	22	0	0	0	0	0	0	0	133	0	177	0	0	2	42	16	56	0	1	6	16	0	2323	64	83	0	0	3	0	0	0	693	1	480	3856	958	157	3	4	676	1261	12574	47405	7955	67	29	7360	2	5320	2342	0	0	6	1	1	5	1	0	0	131066	3	4	83	1338	45845	12919	0	15	155	496	12	29314	79167	9328	8	7	9	7700	0	0	36249	0	0	1	1	147	0	50	16	2	14	358	0	21337	0	0	0	25	0	0	0	3368	11	3	26	91	0	0	2	21	0	22	0	0	0	3	2	29	6	0	0	2	0	0	1346	9	13	1	32426	16	0	52	0	4	13547	0	82916	2849	16980	14603	131354	0	0	0	1265	6629	190	0	0	0	178792	148	26	151	6348	0	1	7	3053	55	549	0	0	28	56	226	0	68	2	0	0	0	0	0	0	0	73	0	4672	0	0	1	13	9	18	0	0	1	0	0	1868	20	26	0	0	0	0	0	0	3	1	10	112	60	17	0	0	8	67	12687	12321	1605	3	2	7223	0	4168	130	0	0	0	1	0	0	0	131066	0	0	0	0	15	161	1680	1274	0	2	8	60	2	51671	61532	39523	1	0	1	76380	0	0	4703	0	2	9	3	0	0	0	1	1	114	0	0	0	0	1	1	238	3	0	1	0	135	67	243	7	0	0	20	29	0	177	0	0	0	17	0	576	70	5	1	28	0	0	1107	167	5351	544	19627	2015	13	114313	4	46	22	332	53707	62227	177663	2158	27015	3	1265	0	0	2339	442	3	1	0	102	881	113	1003	4849	0	3	20	7152	107489	3920	0	20956	3429	13349	17	0	0	0	0	0	1	0	0	1	0	0	0	0	0	1	5	0	0	0	0	0	3	6	0	0	0	1	0	0	3	0	0	0	10	33	170	6	7	1	26	0	1	5338	51	2547	1069	256757	27965	48	131	0	9	1	6036	20527	2	2475	816	56	4	6629	0	2339	0	5	1	0	0	5	12	3	39	10	1	0	2	6	5369	15	0	428	122	4596	2042	12	1830	1474	0	0	5	77	32	1151	5	64	0	3	4	16	5973	1403	18	287	0	942	7042	9629	154	10	413	3938	477	3	1060	0	0	3	1016	1	2875	1506	736	130	224	6	4	7932	12439	3543	1869	1504	80	33	561	3030	1353	8	4	468	2936	937	6566	980	83	190	15	442	5	0	888	68	287	37	47644	33098	98953	31010	85	1108	31002	18544	62	4463	0	0	76	4566	1	0	2209	213	0	0	0	0	0	17	0	67	0	5	0	0	72	337	5	269	0	9	163	172	1	146	316	632	3	0	20	0	0	0	73	0	118	116	53	0	4	0	0	412	8090	6518	554	82	6	1	13	10218	41631	0	1	11	27	13	79	4	1338	0	161	3	1	888	0	274	31364	0	2933	1641	92534	168	1300	79340	24167	100	1500	109	4	0	3	11480	0	0	184	10	0	0	0	0	0	0	0	10	0	1	0	0	7	28	0	17	0	0	14	15	0	21	20	65	0	0	3	0	0	0	5	0	2	15	8	1	0	0	0	54	2208	3078	430	3	0	18	0	934	464	0	0	1	1	1	3	0	45845	0	1680	1	0	68	274	0	32977	0	17	91	255	3	1458	82241	2427	3	1	5	117	0	0	805	0	0	621	68	0	0	0	0	0	6	0	60	0	4	0	0	8	112	8	127	0	3	35	44	0	130	138	187	1	0	3	0	0	0	12	0	11	45	23	1	0	0	0	122	4489	3703	448	5	1	6	1	6322	4898	0	0	0	8	3	11	1	12919	0	1274	0	0	287	31364	32977	0	0	66	533	1126	29	4041	125368	11684	13	0	22	35	0	1	1123	0	1	0	0	856	0	0	0	0	4	17	0	7730	0	0	0	5	0	0	0	431	2	3	19	1	0	0	0	34	0	6	0	0	0	0	0	11	0	1	0	0	0	0	5	7	0	0	82	0	0	22	0	0	164824	0	8375	2307	640	509	181476	0	178792	0	102	5	37	0	0	0	0	40	7	54	17581	0	0	0	27345	2	186	0	0	9	19	1	8	497	342	0	0	3	12	20	635	2	20	1	0	5	9	1736	397	4	103	1	557	1333	2376	39	4	116	1295	119	4	608	0	0	2	308	0	3764	746	170	36	159	1	2	12379	15545	7654	1141	2721	39	36	1289	256	1905	12	5	751	8444	1982	3630	1296	15	148	2	881	12	47644	2933	17	66	40	0	1995	134311	13906	11	241	2594	53402	126	130556	0	2	137	16485	1	11	2047	2035	0	1	2	90	29	4648	4	60	0	0	5	9	8374	2174	22	557	0	1171	33818	11345	167	15	584	9066	450	9	1287	0	0	1	1385	2	2259	1917	1026	149	178	3	4	5024	11313	4082	1622	765	62	17	261	28770	1195	2	2	134	650	363	26574	160	155	26	8	113	3	33098	1641	91	533	7	1995	0	8916	33737	137	2074	56695	636	35	2351	0	0	60	5406	0	7	6920	3243	1	1	9	95	44	986	12	125	2	2	8	19	6434	3406	28	734	1	1434	8094	12191	157	50	1046	8484	551	8	1602	0	0	6	1794	2	5548	2555	1223	187	292	8	5	33117	56413	18901	11474	6848	459	258	1737	9606	125002	9	18	904	7780	2354	4305	1248	496	151	60	1003	39	98953	92534	255	1126	54	134311	8916	0	12136	411	6205	60080	30853	268	43320	0	0	234	29231	4	2	153	78	109	0	6	10	17	1621	2	1	24	0	2	7	1774	49	2	14	0	441	1095	2210	33	0	18	309	114	0	484	0	0	1	136	1	1668	370	98	18	114	0	0	3173	2473	343	448	2179	25	11	1858	226	1228	18408	1	12191	31625	17142	100004	28971	12	6348	2	4849	10	31010	168	3	29	17581	13906	33737	12136	0	9	169	724	320706	107	17400	0	0	82	659	0	0	1154	17	0	0	0	0	0	2	0	631	0	149	0	0	12	48	71	230	0	1	9	15	0	3261	255	385	0	0	1	0	0	0	91	0	4	929	438	72	0	0	15	71	33999	18043	2015	6	1	1935	1	25154	1102	0	0	0	2	3	6	1	29314	0	51671	0	1	85	1300	1458	4041	0	11	137	411	9	0	10170	13322	5	0	9	206	0	0	3624	0	0	1336	115	0	0	0	0	0	6	0	90	0	10	0	0	44	220	6	208	0	13	122	129	0	210	171	553	4	0	16	0	0	0	40	0	47	80	47	0	4	0	0	301	20289	22595	3080	20	4	89	7	25238	104654	0	1	3	30	9	49	6	79167	1	61532	3	0	1108	79340	82241	125368	0	241	2074	6205	169	10170	0	350804	133	1	71	9248	0	2	10694	0	1	3957	607	0	0	0	3	1	43	1	104	0	13	0	0	255	966	14	333	0	42	1528	727	4	186	434	4174	17	0	60	0	0	0	262	0	166	379	179	21	6	0	0	549	15281	12119	1500	195	9	41	48	88547	130379	0	0	32	140	66	662	32	9328	7	39523	20	2	31002	24167	2427	11684	0	2594	56695	60080	724	13322	350804	0	317	14	435	10655	0	4	11432	0	4	111	46	177	0	3	10	11	939	2	2	60	0	0	8	1617	59	0	9	0	557	652	2112	37	1	9	177	131	3	591	0	0	1	162	1	2749	502	105	27	172	2	1	3751	1734	231	158	1055	11	1	7230	129	1093	56464	0	3232	165653	6345	9356	34638	8	3053	1	7152	6	18544	100	3	13	27345	53402	636	30853	320706	5	133	317	0	394	52327	0	0	130	503	0	0	2	1	0	0	0	0	0	16	0	0	0	0	0	0	58	1	0	0	0	24	22	62	2	0	0	5	9	0	24	0	0	0	11	4	214	15	2	1	3	0	0	2760	219	11523	1724	55602	5237	124	133463	1	40	0	7129	39915	9681	48391	170	95	7	55	0	107489	5369	62	1500	1	0	2	126	35	268	107	0	1	14	394	0	50034	0	16740	112649	23544	4	11	154	118	0	0	10	20	17	1301	2	6	1	0	8	22	3654	121	2	22	0	1310	1348	4715	76	0	22	405	279	7	1588	0	0	6	363	5	8530	1220	212	45	287	0	1	17290	8891	2892	3526	8371	161	91	28247	84	1181	29	8	3002	126469	8584	10494	3929	9	549	1	3920	15	4463	109	5	22	186	130556	2351	43320	17400	9	71	435	52327	50034	0	0	0	2537	9983	1	0	0	0	0	0	0	0	0	0	0	0	0	1	0	0	0	0	0	0	0	0	0	0	0	11	1	0	0	0	0	0	0	0	0	0	0	0	0	0	0	0	0	0	100	171	24	0	0	3	0	34	2	0	0	0	0	0	0	0	7700	0	76380	0	0	0	4	117	35	0	0	0	0	0	206	9248	10655	0	0	0	0	0	0	23	0	0	0	0	0	0	0	0	0	0	0	0	0	0	0	0	0	0	0	0	0	0	0	0	0	0	0	0	0	0	0	0	0	0	0	0	0	0	0	0	0	0	0	0	0	103	19	786	3156	1	0	0	0	0	27376	6708	0	23740	0	0	0	0	0	20956	428	0	0	0	0	0	2	0	0	0	0	0	0	0	16740	0	0	0	0	4964	0	0	1	0	0	0	1	0	0	69	0	0	0	0	1	0	111	1	0	0	0	62	17	105	2	0	1	7	6	1	65	0	0	0	9	1	636	57	7	2	7	0	0	6193	77	248	56	8888	8	6	34515	0	16	4	0	2381	2175	4681	256	246	0	28	0	3429	122	76	3	0	1	9	137	60	234	82	0	2	4	130	112649	2537	0	0	0	2154	7	2	1964	412	0	0	2	2	4	143	0	55	0	48	1	9	725	678	10	220	0	150	1301	1293	6	166	231	2015	46	1	169	0	0	0	531	54	2432	1483	1121	517	64	15	481	50964	38272	289542	56810	72820	26940	7119	11130	4405	14181	4	26001	26722	3058	24826	896	285	36249	56	4703	13349	4596	4566	11480	805	1123	19	16485	5406	29231	659	3624	10694	11432	503	23544	9983	23	4964	2154	0	60	0	0	0	0	11	0	0	4	0	0	0	165	1	1	37	2	0	0	0	0	2	1	20	1	0	0	0	0	3	0	0	0	0	57	225506	1264	3	89	22	1067	40	24	1754	15	36	7	131	45	21	44	0	0	0	2	1212	0	7	0	3	0	226	0	17	2042	1	0	0	0	1	1	0	4	0	0	0	0	0	4	1	0	0	7	60	0
