0.0	22.020000000000003	16.94195257160456	16.098964143426294	0.0	17.179775280898877	6.600758697993364	8.373043478260872	11.98780487804878	15.621070195627158	22.784615384615385	17.080617760617763	0.0	3.661538564021716	10.64	18.19333333333333	18.54856366614727	26.616000000000003	22.17621440536013	15.714598825831704	12.380332717190388	17.32	16.32930196483971	15.014033898305088	0.0	21.82660735753787	24.44214511041009	14.874089147286824	3.541289144783036	5.646037029610321	32.84	12.52	4.795629139072848	9.716010603048378	0.0	0.0	0.0	30.48	0.0	37.6	31.18	0.0	14.015172413793104	27.56	0.0	0.0	0.0	0.0	0.0	24.058181818181826	0.0	0.0	0.0	26.8	26.249411764705883	14.31	0.0	23.11714285714286	0.0	0.0	34.160000000000004	25.54875949367089	30.96	24.98	0.0	50.92	0.0	0.0
22.020000000000003	0.0	7.3415384615384625	19.44	27.71	23.610000000000003	21.463157894736845	25.36857142857143	13.779025135397864	21.44	6.892402804333971	21.466086956521742	8.246756146179404	24.91428571428572	20.69020937188435	11.44202218860313	9.476324324324326	12.719478098788445	13.124874822862544	0.0	17.68046966731898	5.519636349008407	17.12557103064067	15.035328552271006	4.56911970074813	12.164628687690742	7.122920489646494	18.345567392311256	22.08	18.7627397260274	13.091764705882357	0.0	0.0	7.483601895734597	0.0	4.870321560358461	14.254328358208957	0.0	0.0	0.0	33.3	0.0	0.0	43.84	17.592000000000002	0.0	15.23555555555556	0.0	0.0	13.866666666666667	15.400122324159025	19.624	15.910634146341463	0.0	0.0	5.5200000000000005	15.319393939393942	28.93	7.962045454545455	14.697461300309598	13.636373494735514	31.35428571428572	0.0	0.0	0.0	0.0	0.0	13.95818181818182
16.94195257160456	7.3415384615384625	0.0	23.990243902439023	0.0	23.16834750265675	17.263627364663893	21.920239800486	27.140000000000004	20.624703720716585	23.28451282051282	32.59333333333334	21.888	20.22621910590072	30.68285714285714	17.49555555555556	7.405581057660781	18.368176100628933	14.986099865047231	25.68380952380953	9.263034977738732	0.0	7.602030551952732	18.47527777777778	0.0	7.753074370265987	6.783576644603959	13.666751777165242	20.34110424028269	13.34420207584562	0.0	34.03	22.588	9.098752054406347	0.0	9.712207792207794	18.46208383233533	46.24	0.0	0.0	31.985000000000003	33.6	23.76	0.0	0.0	0.0	0.0	32.333333333333336	0.0	24.64	21.41379310344828	0.0	23.824	0.0	27.540000000000003	14.5	19.611830985915493	28.49	18.528	22.536	17.36528711943794	31.953333333333337	0.0	25.2	0.0	0.0	0.0	17.64
16.098964143426294	19.44	23.990243902439023	0.0	21.7	12.756103598441438	7.288757701676458	17.935321477428182	11.186393296089388	5.179588338227008	34.03846153846154	8.426052084997604	31.4	18.99493751661792	14.922870813397129	11.36313725490196	32.50666666666667	34.92	32.35	3.1495594800015683	21.058181818181826	11.79809523809524	20.4781679389313	3.851334741482231	0.0	31.589767441860467	24.337865168539327	3.1118225757961198	18.49091134190797	16.742608695652176	0.0	28.56666666666667	16.14857142857143	18.631149301826	0.0	41.88	0.0	28.586368260427264	0.0	31.171045364891523	25.713112582781456	32.527079646017704	14.332165166754896	30.19312953763852	47.720000000000006	26.478447204968944	0.0	35.968	22.453333333333337	27.1	0.0	0.0	0.0	27.09539299610895	28.166666666666668	19.24	34.81142857142858	23.142392621870883	0.0	45.720000000000006	35.17846153846154	26.87496109670248	35.46363636363637	36.71333333333334	0.0	0.0	31.24	35.22666666666667
0.0	27.71	0.0	21.7	0.0	3.5131837073981718	20.110769230769236	4.214333788085494	9.874782608695654	20.708571428571428	0.0	11.755398230088495	6.4	4.7674666666666665	3.3390111438824883	0.0	0.0	38.48	0.0	21.562857142857144	0.0	21.35555555555556	30.2	16.856727272727277	34.160000000000004	0.0	33.98857142857143	21.7	4.325543071161049	23.72	0.0	2.801876297218763	0.0	3.0826204238921004	0.0	0.0	0.0	0.0	0.0	0.0	0.0	0.0	0.0	0.0	0.0	0.0	0.0	0.0	0.0	0.0	0.0	0.0	0.0	0.0	0.0	0.0	0.0	20.360000000000003	0.0	0.0	0.0	37.24	0.0	0.0	0.0	0.0	0.0	0.0
17.179775280898877	23.610000000000003	23.16834750265675	12.756103598441438	3.5131837073981718	0.0	9.172051987527189	5.444944328818224	7.690833493743986	7.068086943117004	18.094701986754966	5.900712307038663	17.694857142857142	10.421656702656078	3.591406188427043	20.2	27.104322147651004	23.277974683544304	23.955696202531648	9.785146847633262	19.011159090909093	18.056	20.517177500842035	13.990725341426405	25.28	28.03395305164319	29.80865369649805	11.348309682328324	12.999006741947118	15.61975265017668	19.12	4.2145562441674045	18.809895470383275	6.379194307891333	0.0	0.0	35.28	31.12413793103449	0.0	33.94948905109489	27.941669626998227	34.21423728813559	16.36177874186551	32.63282051282052	0.0	27.51139534883721	0.0	34.196000000000005	13.320000000000002	30.81	0.0	0.0	0.0	29.48626984126984	29.32888888888889	20.17047619047619	37.57230769230769	25.834358881875566	26.56	0.0	40.12923076923077	28.8848582403512	36.877500000000005	31.065000000000005	0.0	45.96	45.52	35.29666666666667
6.600758697993364	21.463157894736845	17.263627364663893	7.288757701676458	20.110769230769236	9.172051987527189	0.0	9.116719208913707	10.55821212121212	4.408355216161684	28.271338582677167	15.157166666666669	34.68	9.800791872563764	15.271578947368422	14.59695652173913	20.539451749498557	31.393809523809523	26.50561967833491	7.5366811279826464	13.044359182431403	15.072530120481924	14.392012867363857	10.679000895713374	30.72000000000001	24.92215087111192	23.120278297664576	6.874344947908878	14.63447952314391	7.356879845168464	0.0	24.42577777777777	13.685683578315158	15.201406813049536	0.0	26.3	36.03272727272728	28.810491803278687	0.0	31.334626865671645	24.111352525801195	30.977551020408168	13.23702228544334	29.874962216624688	42.41	27.51891891891892	21.51	30.466315789473686	26.76	25.558181818181826	41.392	0.0	45.32000000000001	27.455686274509805	26.514210526315782	14.133513513513511	31.55333333333333	21.88960236018471	34.88	42.2	32.312801822323465	24.494817758601112	33.80192771084337	27.18193548387097	0.0	36.81333333333334	35.408	30.46434782608696
8.373043478260872	25.36857142857143	21.920239800486	17.935321477428182	4.214333788085494	5.444944328818224	9.116719208913707	0.0	14.03112563840654	11.55217309829893	14.73903903903904	14.405634930068548	13.911919191919193	4.198901154391034	5.749510019691881	24.21555555555556	24.26390830514844	23.235915492957748	26.945085995086	16.042755016220113	17.936857388480277	19.844285714285714	20.02308089894992	17.657871154962276	25.666666666666668	26.677285547661967	28.36617926476662	18.09007073217358	8.273558895138947	12.827547683923706	21.82	3.2077698612524777	17.706377858002405	5.537105592593671	33.5	0.0	41.760000000000005	31.09333333333334	0.0	34.958991596638654	27.505727029438003	33.84056737588653	17.52730964467005	33.18959537572255	42.120000000000005	29.587096774193547	0.0	34.227500000000006	30.140000000000004	28.123076923076923	0.0	0.0	0.0	31.12461538461539	30.102736842105266	18.830645161290324	37.120000000000005	26.05508764859964	40.28	49.6	38.75090909090909	28.4804434723584	36.28571428571429	29.738823529411768	0.0	41.2	35.660000000000004	33.67118644067797
11.98780487804878	13.779025135397864	27.140000000000004	11.186393296089388	9.874782608695654	7.690833493743986	10.55821212121212	14.03112563840654	0.0	14.526403024134922	22.89829099307159	5.267437947312319	16.843969526864477	14.0838213518032	3.7236317011985514	6.710818181818182	26.948	26.2071144278607	25.90363636363637	11.45888278154161	11.89578475336323	5.758885105393419	13.353333333333332	5.826962442057256	19.876024390243906	25.682197253433213	20.539453878549114	10.630441313677926	17.55036042402827	10.048382197848555	0.0	0.0	12.184347826086958	19.480882352941176	11.946666666666667	21.296	30.62	16.300800454158388	30.306666666666665	19.07539499036609	12.78587409314299	20.2769823434992	2.522881558849028	17.951455271355243	38.41333333333334	12.826989528795812	8.480067739204065	20.26031746031746	7.795555555555556	13.409176470588235	30.68	0.0	0.0	14.312806539509538	17.034415954415955	2.8101119537739256	19.71174603174603	10.791153553042909	11.0	35.6	24.590222222222224	13.675228208037666	24.936222222222224	17.24666666666667	0.0	31.08	23.31428571428572	19.04848484848485
15.621070195627158	21.44	20.624703720716585	5.179588338227008	20.708571428571428	7.068086943117004	4.408355216161684	11.55217309829893	14.526403024134922	0.0	29.609082308420057	3.900734834894692	33.01111111111111	17.675164539289987	16.355802098950527	19.23764705882353	25.73705494505495	34.15238095238096	30.944761904761908	4.069165695107733	16.335236994219656	19.045	17.92215938303342	9.580308659088807	29.96	27.61403556771546	28.495416058394163	6.774639461468425	19.23348430129717	12.689924944812365	34.92	26.08522613065327	18.665704225352112	19.108199131861515	0.0	40.84	0.0	31.63280153158903	54.96	34.15462915601023	27.922926224426533	34.90534351145038	17.369106327462493	33.10715431348724	55.42	29.6869525959368	23.12	36.38428571428572	23.742857142857144	30.3264	0.0	0.0	46.64	30.22596392333709	34.18666666666667	18.56	39.3725	26.174213368534744	0.0	0.0	38.57153846153847	29.07687648456057	40.8976	40.02666666666666	0.0	46.32000000000001	32.176	35.696000000000005
22.784615384615385	6.892402804333971	23.28451282051282	34.03846153846154	0.0	18.094701986754966	28.271338582677167	14.73903903903904	22.89829099307159	29.609082308420057	2.08	24.92244575936884	3.4568228807344434	14.671177808094589	14.106776859504132	20.73170731707317	12.327481662591689	4.234240456310346	3.1907817605462085	28.98183387270766	23.819111111111116	13.89758865248227	25.030280373831776	27.08327586206897	3.6371605370694686	3.842570870232029	9.080667329576844	30.91873015873016	13.452802617230097	23.842222222222222	2.8285350004112857	15.3073488372093	25.82	5.270919210899222	0.0	9.07718309859155	23.18	0.0	0.0	39.440000000000005	43.21600000000001	43.28	37.34	0.0	17.043368421052634	0.0	16.8570197044335	0.0	0.0	19.2	21.184000000000005	20.672	18.138723404255323	51.8	0.0	13.16	20.880000000000003	40.936551724137935	11.098884120171675	18.85031207598372	18.40491005291005	43.3616	0.0	0.0	20.23555555555556	0.0	0.0	24.986666666666668
17.080617760617763	21.466086956521742	32.59333333333334	8.426052084997604	11.755398230088495	5.900712307038663	15.157166666666669	14.405634930068548	5.267437947312319	3.900734834894692	24.92244575936884	0.0	27.568888888888885	15.161063105175293	5.470459745305418	16.92	36.54857142857143	28.661256038647345	26.01135483870968	3.9466033937849296	29.968	14.6928	29.52470588235294	6.49337536117678	26.85	30.965493562231764	32.693000000000005	10.91158418578933	16.520681011930037	24.592	39.38	17.572663316582915	23.1	14.645656387311652	0.0	0.0	0.0	29.46409638554217	0.0	32.41736842105264	25.84372549019608	32.308800000000005	10.983250249252244	31.32292803970224	0.0	23.68	0.0	40.56	17.533333333333335	29.8	0.0	0.0	0.0	27.73772621809745	28.62	0.0	30.96	23.339435626102293	0.0	45.68	35.17333333333333	27.14292040063258	30.07	0.0	0.0	0.0	0.0	32.806666666666665
0.0	8.246756146179404	21.888	31.4	6.4	17.694857142857142	34.68	13.911919191919193	16.843969526864477	33.01111111111111	3.4568228807344434	27.568888888888885	0.0	16.947027027027026	29.795714285714286	23.30952681388013	14.925133689839573	9.657941176470588	11.635897944017836	33.232	28.345185185185187	14.633960575386254	26.60751879699248	26.292402327514548	5.250970307651048	3.141437851727196	4.241973879279916	29.36607329842932	12.571111111111112	31.18	2.4167922298165374	12.206	0.0	9.866387995712754	0.0	10.17	21.258333333333336	0.0	11.6775	12.539130434782608	22.160000000000004	12.395384615384614	0.0	24.42	16.385597269624576	23.69	15.554304733727813	11.863703703703704	0.0	24.352	21.25	18.588865979381445	18.457634408602157	25.410000000000004	0.0	14.088888888888889	25.03555555555556	20.520000000000003	10.009780775716695	17.08799715065891	16.81652148148148	24.64666666666667	11.57	0.0	19.25048034934498	12.810666666666666	0.0	4.438590130916415
3.661538564021716	24.91428571428572	20.22621910590072	18.99493751661792	4.7674666666666665	10.421656702656078	9.800791872563764	4.198901154391034	14.0838213518032	17.675164539289987	14.671177808094589	15.161063105175293	16.947027027027026	0.0	6.675567398119124	23.610666666666667	22.040801213693637	22.766542750929368	24.41340548898338	18.39713224105595	16.15292188651437	16.5575	19.326277805620883	17.497921883760046	17.69777777777778	24.86624050281912	26.95651932606541	17.289877273196055	4.021011567508092	10.280320115472517	21.130000000000003	4.739252599798726	17.03881188118812	5.688395501751367	0.0	0.0	35.260000000000005	34.596000000000004	0.0	35.76205128205129	27.45822485207101	34.81152542372881	17.301894736842108	35.84909090909091	40.48	33.90857142857143	33.64	35.10666666666667	0.0	26.794823529411765	0.0	0.0	0.0	39.94666666666667	27.6625	17.239652173913043	33.11	26.467661212704524	0.0	42.68	39.167058823529416	28.380526232865925	37.95333333333333	31.51384615384616	0.0	0.0	30.72000000000001	35.388000000000005
10.64	20.69020937188435	30.68285714285714	14.922870813397129	3.3390111438824883	3.591406188427043	15.271578947368422	5.749510019691881	3.7236317011985514	16.355802098950527	14.106776859504132	5.470459745305418	29.795714285714286	6.675567398119124	0.0	29.96	31.68800000000001	25.411063829787235	22.504	14.998371212121214	27.660000000000004	14.595635018495685	26.901333333333334	9.792024230186774	27.25169230769231	28.75609756097561	27.99650574712644	15.397998411437651	6.099816360601002	22.486666666666668	0.0	5.362186022070415	24.68	5.264075691411936	0.0	0.0	0.0	21.46	0.0	23.96	28.061818181818182	38.88	7.247638888888889	23.030967741935484	0.0	11.453333333333331	14.38	0.0	13.56	24.8	0.0	0.0	0.0	17.636363636363637	26.72	15.738947368421057	26.28	24.91877551020408	27.8	0.0	0.0	27.12438356164384	0.0	0.0	0.0	0.0	0.0	0.0
18.19333333333333	11.44202218860313	17.49555555555556	11.36313725490196	0.0	20.2	14.59695652173913	24.21555555555556	6.710818181818182	19.23764705882353	20.73170731707317	16.92	23.30952681388013	23.610666666666667	29.96	2.2	19.23245641838352	24.930697674418607	21.31256544502618	0.0	3.00217691092442	5.965371165156574	3.488945319324165	5.616335482560797	17.902803738317758	18.245170896785112	7.51264818729935	7.527308802308802	21.191475409836062	13.434666666666669	0.0	0.0	18.59466666666667	13.739086294416245	21.11636363636364	11.966060606060603	22.54222222222222	0.0	0.0	35.28285714285714	27.926666666666662	29.76615384615385	14.446153846153845	32.03777777777778	26.360000000000003	0.0	31.2	26.243076923076927	26.72	18.483819601593627	25.4	0.0	34.660000000000004	25.880000000000003	21.211011774967293	9.876267105669308	19.71498824505601	19.56996277255806	23.360000000000003	30.58857142857143	19.156860187688885	21.152433212996392	22.20428571428572	22.468310810810813	0.0	0.0	22.33	20.14857142857143
18.54856366614727	9.476324324324326	7.405581057660781	32.50666666666667	0.0	27.104322147651004	20.539451749498557	24.26390830514844	26.948	25.73705494505495	12.327481662591689	36.54857142857143	14.925133689839573	22.040801213693637	31.68800000000001	19.23245641838352	0.0	11.02502994011976	4.58431661721923	31.048	14.2656273822229	17.372429378531073	7.767171422284164	26.41553719008265	14.933333333333334	7.359823730979208	11.724900134029925	19.58835240801905	16.104340690283998	13.128343326241597	16.40666666666667	34.18666666666667	18.135377358490565	5.925924462445257	0.0	13.124800000000002	21.27869281045752	0.0	0.0	0.0	0.0	0.0	0.0	43.08	0.0	0.0	32.96	0.0	0.0	28.28	22.622702702702703	0.0	23.25714285714286	0.0	25.56	21.336	26.62	41.10666666666667	17.983333333333334	21.591351351351356	20.456590330788806	44.16	0.0	0.0	0.0	0.0	0.0	0.0
26.616000000000003	12.719478098788445	18.368176100628933	34.92	38.48	23.277974683544304	31.393809523809523	23.235915492957748	26.2071144278607	34.15238095238096	4.234240456310346	28.661256038647345	9.657941176470588	22.766542750929368	25.411063829787235	24.930697674418607	11.02502994011976	0.0	4.157493995522085	33.276875000000004	22.802105263157895	17.55981257321359	23.32989939637827	29.48757062146893	7.75468602082676	5.442504965243297	10.726570289132605	31.047007299270074	22.476058890147225	21.38205405405406	12.38	19.025714285714287	25.626666666666665	10.295755880038472	0.0	12.496307692307692	24.432	0.0	0.0	0.0	43.440000000000005	0.0	38.28	0.0	19.143486238532116	0.0	18.52281271129141	0.0	0.0	32.760000000000005	25.672	21.630000000000003	20.12470588235294	47.440000000000005	0.0	17.34	26.6	42.2	14.63334410339257	20.05763459584966	19.464543946932007	49.75	0.0	0.0	21.776623376623377	0.0	0.0	26.135555555555555
22.17621440536013	13.124874822862544	14.986099865047231	32.35	0.0	23.955696202531648	26.50561967833491	26.945085995086	25.90363636363637	30.944761904761908	3.1907817605462085	26.01135483870968	11.635897944017836	24.41340548898338	22.504	21.31256544502618	4.58431661721923	4.157493995522085	0.0	31.76333333333334	18.95336178283547	17.583356207111667	16.601004243281473	28.222826475849736	8.533744025491238	6.183083338431109	10.310387525835058	25.087752895752896	19.442747252747257	16.566124763705105	12.871454545454544	16.793333333333333	21.521714285714285	6.232807691045707	34.08	11.775924170616111	25.48	0.0	0.0	0.0	37.74666666666667	0.0	0.0	0.0	19.893253012048195	0.0	19.227755102040817	0.0	0.0	25.746666666666663	21.597894736842104	23.07809523809524	18.94742857142857	0.0	40.040000000000006	21.0	26.506666666666668	44.48	14.689980657640234	20.22048474280732	19.55203725687152	0.0	0.0	33.56	22.65692307692308	0.0	0.0	25.60285714285714
15.714598825831704	0.0	25.68380952380953	3.1495594800015683	21.562857142857144	9.785146847633262	7.5366811279826464	16.042755016220113	11.45888278154161	4.069165695107733	28.98183387270766	3.9466033937849296	33.232	18.39713224105595	14.998371212121214	0.0	31.048	33.276875000000004	31.76333333333334	0.0	20.982857142857146	0.0	23.378333333333337	4.683935258648049	0.0	34.30177777777779	32.56	5.149833365012989	18.577660031667044	20.005000000000003	36.17333333333333	25.790188679245283	19.494117647058825	18.477754962354556	24.24	0.0	0.0	28.13898773006135	0.0	31.00954612005857	25.00567708333333	32.72761904761905	14.330773910104764	29.78201682917056	47.88	25.959180035650625	0.0	35.46545454545455	20.160000000000004	28.166666666666668	0.0	0.0	0.0	26.491185759402818	35.3	0.0	36.51111111111111	23.082782405864712	0.0	47.9	36.556666666666665	26.28308565703791	38.61888888888889	36.190000000000005	0.0	50.4	29.72	37.792
12.380332717190388	17.68046966731898	9.263034977738732	21.058181818181826	0.0	19.011159090909093	13.044359182431403	17.936857388480277	11.89578475336323	16.335236994219656	23.819111111111116	29.968	28.345185185185187	16.15292188651437	27.660000000000004	3.00217691092442	14.2656273822229	22.802105263157895	18.95336178283547	20.982857142857146	0.0	12.008787971770484	4.391021695469229	4.95641958041958	26.021176470588237	15.820966559271191	12.647064502875924	7.099530581072651	10.886750902527076	5.1666815412688925	0.0	31.320000000000004	16.22048780487805	7.813654320678383	25.635555555555555	0.0	29.540000000000003	0.0	0.0	36.86222222222223	29.590943396226415	34.24333333333334	17.470769230769232	36.464000000000006	0.0	0.0	0.0	28.299	0.0	22.33567917205692	28.96	0.0	0.0	0.0	25.7450540315877	14.32106014271152	25.57766120218579	22.272697715289983	0.0	38.96	23.6086274509804	25.669214840379635	26.362857142857145	24.92858085808581	0.0	0.0	22.912	22.4
17.32	5.519636349008407	0.0	11.79809523809524	21.35555555555556	18.056	15.072530120481924	19.844285714285714	5.758885105393419	19.045	13.89758865248227	14.6928	14.633960575386254	16.5575	14.595635018495685	5.965371165156574	17.372429378531073	17.55981257321359	17.583356207111667	0.0	12.008787971770484	0.0	11.35549687950072	6.661299797809231	11.87108042545251	17.254619620640426	10.970189573459717	11.492463864062673	19.702222222222225	11.391330049261086	20.084444444444443	0.0	14.366666666666667	16.826451612903227	0.0	4.064571428571429	21.6	31.640000000000004	0.0	23.12	21.585454545454542	20.85333333333333	6.986666666666666	31.09333333333334	0.0	0.0	32.56	17.89	0.0	12.51225900327392	24.64	0.0	18.093333333333334	0.0	17.0687	3.366813880126183	15.17016888888889	12.876714285714286	11.042666666666667	24.712	12.940656506447832	17.476872727272728	0.0	13.504	0.0	0.0	14.4	33.4
16.32930196483971	17.12557103064067	7.602030551952732	20.4781679389313	30.2	20.517177500842035	14.392012867363857	20.02308089894992	13.353333333333332	17.92215938303342	25.030280373831776	29.52470588235294	26.60751879699248	19.326277805620883	26.901333333333334	3.488945319324165	7.767171422284164	23.32989939637827	16.601004243281473	23.378333333333337	4.391021695469229	11.35549687950072	0.0	16.562	24.348571428571425	14.432558752651852	11.454362164935308	9.837498520050818	16.720272108843538	8.979604451051944	0.0	34.02	19.442500000000003	9.193996247654784	23.32	11.62451612903226	21.872727272727275	0.0	0.0	36.760000000000005	31.35	39.040000000000006	19.813333333333333	36.48	0.0	0.0	18.03	0.0	0.0	20.79500065436461	27.01	0.0	29.92	0.0	25.40647948164147	14.023727043572205	23.548951406649618	22.055180722891567	27.160000000000004	27.886666666666667	19.957162245527453	27.92342857142857	28.226666666666667	24.99741935483871	0.0	0.0	0.0	21.96
15.014033898305088	15.035328552271006	18.47527777777778	3.851334741482231	16.856727272727277	13.990725341426405	10.679000895713374	17.657871154962276	5.826962442057256	9.580308659088807	27.08327586206897	6.49337536117678	26.292402327514548	17.497921883760046	9.792024230186774	5.616335482560797	26.41553719008265	29.48757062146893	28.222826475849736	4.683935258648049	4.95641958041958	6.661299797809231	16.562	0.0	22.30960451977401	25.23063611220861	16.947183391792855	3.789317953438099	15.512191047892472	12.962370264814158	30.2	27.167272727272728	14.99292347442815	15.86070696603339	24.39586206896552	21.92705882352941	33.00586666666667	23.605086705202314	37.38666666666667	27.248159564823208	21.172806606785574	28.297550418101327	9.510496679179903	25.06746532379185	40.0625	22.00038502673797	23.168000000000003	28.04819047619048	22.19111111111112	19.905866666666668	38.35	0.0	37.48	22.11811893715732	21.8885846648388	10.123798253842269	23.214097664543523	19.354540453752183	27.140000000000004	41.61	28.24742230347349	21.462203630279	30.126666666666665	23.2021560283688	0.0	35.486666666666665	26.910000000000004	27.80184615384616
0.0	4.56911970074813	0.0	0.0	34.160000000000004	25.28	30.72000000000001	25.666666666666668	19.876024390243906	29.96	3.6371605370694686	26.85	5.250970307651048	17.69777777777778	27.25169230769231	17.902803738317758	14.933333333333334	7.75468602082676	8.533744025491238	0.0	26.021176470588237	11.87108042545251	24.348571428571425	22.30960451977401	0.0	8.80805784003615	5.883757717211263	26.782752293577985	23.92	25.371428571428574	10.698225419664269	0.0	0.0	10.317857142857145	0.0	6.675643564356436	20.96	0.0	0.0	0.0	0.0	0.0	0.0	0.0	14.708235294117648	38.6	13.197386934673366	0.0	0.0	0.0	20.0496	17.0	15.652892561983473	0.0	0.0	16.360000000000003	23.860000000000003	0.0	8.780333333333335	15.554585635359118	15.952064162093713	0.0	0.0	0.0	17.515555555555558	0.0	0.0	26.440000000000005
21.82660735753787	12.164628687690742	7.753074370265987	31.589767441860467	0.0	28.03395305164319	24.92215087111192	26.677285547661967	25.682197253433213	27.61403556771546	3.842570870232029	30.965493562231764	3.141437851727196	24.86624050281912	28.75609756097561	18.245170896785112	7.359823730979208	5.442504965243297	6.183083338431109	34.30177777777779	15.820966559271191	17.254619620640426	14.432558752651852	25.23063611220861	8.80805784003615	0.0	8.36586549858986	24.862351984625622	20.44200191193837	18.738745137157107	2.9368802354539283	26.008000000000003	21.90233009708738	9.920271739130436	32.32000000000001	11.20952380952381	20.891428571428573	0.0	0.0	0.0	41.04615384615385	45.220000000000006	0.0	44.96	19.13497771173849	49.56	18.448578694546484	38.14666666666667	0.0	27.924	20.466265664160403	21.693186813186813	18.703445800430725	0.0	36.02	19.4325	28.42086956521739	41.7723076923077	14.297341442224155	19.66918782598728	18.775284578281845	45.35076923076923	33.720000000000006	35.13333333333334	22.28	0.0	0.0	22.602285714285717
24.44214511041009	7.122920489646494	6.783576644603959	24.337865168539327	33.98857142857143	29.80865369649805	23.120278297664576	28.36617926476662	20.539453878549114	28.495416058394163	9.080667329576844	32.693000000000005	4.241973879279916	26.95651932606541	27.99650574712644	7.51264818729935	11.724900134029925	10.726570289132605	10.310387525835058	32.56	12.647064502875924	10.970189573459717	11.454362164935308	16.947183391792855	5.883757717211263	8.36586549858986	0.0	16.014703991584362	26.6311316872428	20.96883907125701	6.249010989010989	25.815000000000005	25.91972027972028	9.636119659270731	31.9968	9.373870984165777	18.322908134510616	35.480000000000004	0.0	39.56631578947368	30.55771689497717	38.59351351351352	22.210461538461537	36.46518518518519	19.86751196172249	44.440000000000005	19.09261634506243	35.668000000000006	32.14666666666667	16.48905475079794	20.76491769547325	22.368121212121217	19.39504253214639	41.88	24.488404255319157	9.285559025608997	19.09468339034588	27.684401294498382	14.910127492644657	19.801834575167494	16.867949478254435	29.16525073746313	36.21454545454546	29.68827586206897	22.63704433497537	0.0	0.0	20.860761904761905
14.874089147286824	18.345567392311256	13.666751777165242	3.1118225757961198	21.7	11.348309682328324	6.874344947908878	18.09007073217358	10.630441313677926	6.774639461468425	30.91873015873016	10.91158418578933	29.36607329842932	17.289877273196055	15.397998411437651	7.527308802308802	19.58835240801905	31.047007299270074	25.087752895752896	5.149833365012989	7.099530581072651	11.492463864062673	9.837498520050818	3.789317953438099	26.782752293577985	24.862351984625622	16.014703991584362	0.0	14.819675444107208	7.505987562590858	0.0	27.72705882352941	14.077005146735448	10.555256762463287	25.283428571428573	23.47090909090909	35.508235294117654	28.761575984990618	35.92	31.473044925124796	23.835601529120755	30.55557603686636	13.39977950826844	30.132618110236223	43.92470588235294	26.36480218281037	21.757647058823533	28.93032258064516	27.858181818181823	21.78997329448896	38.35272727272728	0.0	40.64	27.395311411992264	24.445681176645373	13.140230991337829	26.966433990895297	20.992544027752523	33.1	43.43789473684211	27.651377777777785	24.431618951612904	30.506232179226068	24.16982456140351	0.0	40.422222222222224	24.562162162162164	30.263090909090916
3.541289144783036	22.08	20.34110424028269	18.49091134190797	4.325543071161049	12.999006741947118	14.63447952314391	8.273558895138947	17.55036042402827	19.23348430129717	13.452802617230097	16.520681011930037	12.571111111111112	4.021011567508092	6.099816360601002	21.191475409836062	16.104340690283998	22.476058890147225	19.442747252747257	18.577660031667044	10.886750902527076	19.702222222222225	16.720272108843538	15.512191047892472	23.92	20.44200191193837	26.6311316872428	14.819675444107208	0.0	5.754098254161592	19.56	2.61282917278512	3.50101500363134	3.929660366148019	0.0	0.0	44.28	40.31333333333334	0.0	38.94315789473684	31.47323076923077	35.73913043478261	20.160504201680677	40.29653333333333	0.0	36.06769230769231	0.0	37.03555555555556	0.0	25.54888888888889	0.0	0.0	0.0	38.592	27.779487179487177	16.577882352941177	36.36	28.55858906525573	0.0	0.0	40.67142857142858	31.402944444444444	40.708000000000006	27.08	0.0	0.0	0.0	38.69500000000001
5.646037029610321	18.7627397260274	13.34420207584562	16.742608695652176	23.72	15.61975265017668	7.356879845168464	12.827547683923706	10.048382197848555	12.689924944812365	23.842222222222222	24.592	31.18	10.280320115472517	22.486666666666668	13.434666666666669	13.128343326241597	21.38205405405406	16.566124763705105	20.005000000000003	5.1666815412688925	11.391330049261086	8.979604451051944	12.962370264814158	25.371428571428574	18.738745137157107	20.96883907125701	7.505987562590858	5.754098254161592	0.0	0.0	24.08	6.716520787746172	4.049739388524616	26.72	33.84	32.540000000000006	0.0	0.0	31.76545454545455	24.91743119266055	31.679069767441867	12.152033898305088	32.8	36.6	0.0	0.0	29.81733333333333	0.0	20.95447183098592	46.68	0.0	0.0	29.96	22.887015945330297	12.23570887673538	24.314534161490684	22.023460585027276	0.0	36.720000000000006	29.338181818181823	23.61333817243326	32.78736842105263	22.977011494252874	0.0	0.0	30.21	34.85818181818182
32.84	13.091764705882357	0.0	0.0	0.0	19.12	0.0	21.82	0.0	34.92	2.8285350004112857	39.38	2.4167922298165374	21.130000000000003	0.0	0.0	16.40666666666667	12.38	12.871454545454544	36.17333333333333	0.0	20.084444444444443	0.0	30.2	10.698225419664269	2.9368802354539283	6.249010989010989	0.0	19.56	0.0	0.0	21.92	0.0	13.813413173652696	0.0	0.0	0.0	0.0	0.0	0.0	0.0	0.0	0.0	0.0	21.360000000000003	0.0	21.018947368421056	0.0	0.0	0.0	0.0	0.0	24.76	0.0	0.0	0.0	0.0	0.0	13.574117647058824	22.56571428571429	21.575	0.0	0.0	0.0	0.0	0.0	0.0	0.0
12.52	0.0	34.03	28.56666666666667	2.801876297218763	4.2145562441674045	24.42577777777777	3.2077698612524777	0.0	26.08522613065327	15.3073488372093	17.572663316582915	12.206	4.739252599798726	5.362186022070415	0.0	34.18666666666667	19.025714285714287	16.793333333333333	25.790188679245283	31.320000000000004	0.0	34.02	27.167272727272728	0.0	26.008000000000003	25.815000000000005	27.72705882352941	2.61282917278512	24.08	21.92	0.0	0.0	3.343126546633672	0.0	0.0	0.0	0.0	0.0	0.0	36.6	0.0	32.52	0.0	0.0	0.0	0.0	0.0	0.0	0.0	0.0	0.0	0.0	0.0	0.0	0.0	0.0	36.28888888888889	0.0	0.0	0.0	40.572	0.0	0.0	0.0	0.0	0.0	53.48
4.795629139072848	0.0	22.588	16.14857142857143	0.0	18.809895470383275	13.685683578315158	17.706377858002405	12.184347826086958	18.665704225352112	25.82	23.1	0.0	17.03881188118812	24.68	18.59466666666667	18.135377358490565	25.626666666666665	21.521714285714285	19.494117647058825	16.22048780487805	14.366666666666667	19.442500000000003	14.99292347442815	0.0	21.90233009708738	25.91972027972028	14.077005146735448	3.50101500363134	6.716520787746172	0.0	0.0	0.0	4.245734693877552	0.0	0.0	0.0	0.0	0.0	37.58	27.375	32.18	14.795555555555556	31.664000000000005	0.0	0.0	0.0	33.32000000000001	0.0	20.088	0.0	0.0	0.0	0.0	25.28	11.68	0.0	23.868993288590605	0.0	0.0	37.08	26.683773584905666	0.0	25.640000000000004	0.0	0.0	0.0	0.0
9.716010603048378	7.483601895734597	9.098752054406347	18.631149301826	3.0826204238921004	6.379194307891333	15.201406813049536	5.537105592593671	19.480882352941176	19.108199131861515	5.270919210899222	14.645656387311652	9.866387995712754	5.688395501751367	5.264075691411936	13.739086294416245	5.925924462445257	10.295755880038472	6.232807691045707	18.477754962354556	7.813654320678383	16.826451612903227	9.193996247654784	15.86070696603339	10.317857142857145	9.920271739130436	9.636119659270731	10.555256762463287	3.929660366148019	4.049739388524616	13.813413173652696	3.343126546633672	4.245734693877552	0.0	49.4	11.288	20.165714285714287	42.24	0.0	37.94285714285714	31.566538461538464	39.03636363636364	22.47529411764706	39.89619047619048	18.360000000000003	33.833333333333336	21.91692307692308	35.653333333333336	28.840000000000003	21.966666666666665	0.0	0.0	24.392	37.84571428571429	31.376	17.94	32.160000000000004	28.432109375	18.086153846153845	23.12740740740741	19.177714285714284	32.59271162123387	35.13333333333334	36.760000000000005	0.0	0.0	0.0	0.0
0.0	0.0	0.0	0.0	0.0	0.0	0.0	33.5	11.946666666666667	0.0	0.0	0.0	0.0	0.0	0.0	21.11636363636364	0.0	0.0	34.08	24.24	25.635555555555555	0.0	23.32	24.39586206896552	0.0	32.32000000000001	31.9968	25.283428571428573	0.0	26.72	0.0	0.0	0.0	49.4	0.0	27.160000000000004	16.369157894736844	14.52	16.852307692307694	16.66542465753425	6.591548379735281	9.256952197625925	18.28	13.850960475117756	21.726183406113535	16.55257142857143	24.626666666666665	3.6336316261213737	18.14666666666667	13.8126582278481	17.90838347372644	24.329956933677863	18.972234762979685	13.908011204481792	11.914455445544554	10.48421052631579	16.429650349650352	13.18330201342282	22.615	21.79359261538461	23.512206047032475	12.593969089868349	3.737697714471909	4.295387620908182	0.0	16.69923076923077	8.041666666666668	11.415260836829084
0.0	4.870321560358461	9.712207792207794	41.88	0.0	0.0	26.3	0.0	21.296	40.84	9.07718309859155	0.0	10.17	0.0	0.0	11.966060606060603	13.124800000000002	12.496307692307692	11.775924170616111	0.0	0.0	4.064571428571429	11.62451612903226	21.92705882352941	6.675643564356436	11.20952380952381	9.373870984165777	23.47090909090909	0.0	33.84	0.0	0.0	0.0	11.288	27.160000000000004	0.0	7.733333333333334	0.0	30.640000000000004	27.85333333333333	24.90526315789474	30.488000000000007	12.287904925009082	28.32	10.62456647398844	22.60465116279069	7.72193344668448	26.19333333333333	19.72432989690721	10.93108583247156	8.430492845786963	13.633576642335765	10.760478087649403	38.528000000000006	17.911914893617023	4.91038391527387	13.994966887417217	13.1443305814391	3.7051373892322585	10.582896688087	5.853940092676763	18.536016597510372	26.348571428571425	24.392	13.637037037037038	0.0	0.0	15.012
0.0	14.254328358208957	18.46208383233533	0.0	0.0	35.28	36.03272727272728	41.760000000000005	30.62	0.0	23.18	0.0	21.258333333333336	35.260000000000005	0.0	22.54222222222222	21.27869281045752	24.432	25.48	0.0	29.540000000000003	21.6	21.872727272727275	33.00586666666667	20.96	20.891428571428573	18.322908134510616	35.508235294117654	44.28	32.540000000000006	0.0	0.0	0.0	20.165714285714287	16.369157894736844	7.733333333333334	0.0	26.325333333333333	33.84	25.0527231807952	17.618505587699136	22.49914161684004	26.06	23.98968772694263	20.169320388349515	30.4825	14.16	20.13514755186722	26.004	15.176296296296297	8.574897133220912	17.616576576576577	13.26596153846154	26.472432432432434	10.580073484384569	0.0	8.180015855890225	20.202025316455696	0.0	8.074673765086663	7.393498594797147	18.53637705681846	26.9351476793249	10.633218342448464	0.0	33.66769230769231	26.37333333333333	11.137892918825562
30.48	0.0	46.24	28.586368260427264	0.0	31.12413793103449	28.810491803278687	31.09333333333334	16.300800454158388	31.63280153158903	0.0	29.46409638554217	0.0	34.596000000000004	21.46	0.0	0.0	0.0	0.0	28.13898773006135	0.0	31.640000000000004	0.0	23.605086705202314	0.0	0.0	35.480000000000004	28.761575984990618	40.31333333333334	0.0	0.0	0.0	0.0	42.24	14.52	0.0	26.325333333333333	0.0	28.12	11.672618296529969	9.12406862745098	20.620600000000003	12.406429217139758	4.410738650306749	32.10782608695652	8.375974032665258	0.0	18.960272665303343	14.841383285302593	17.533333333333335	37.96	35.68	29.640000000000004	3.2330000152138303	0.0	17.220000000000002	22.23257731958763	4.008758282208589	0.0	35.14823529411765	28.173333333333336	4.253845170163227	20.463980198019804	20.48	0.0	27.62	17.123389830508476	18.89701347708895
0.0	0.0	0.0	0.0	0.0	0.0	0.0	0.0	30.306666666666665	54.96	0.0	0.0	11.6775	0.0	0.0	0.0	0.0	0.0	0.0	0.0	0.0	0.0	0.0	37.38666666666667	0.0	0.0	0.0	35.92	0.0	0.0	0.0	0.0	0.0	0.0	16.852307692307694	30.640000000000004	33.84	28.12	0.0	4.104710452186805	21.91685279187817	6.154894091415832	13.290769230769232	23.744705882352942	14.551466666666666	18.77034389140272	19.37333333333333	9.240443458980044	3.0260355196557382	0.0	35.84	18.48	22.456	23.11332185886403	31.48	19.880000000000003	33.33241379310345	22.676571428571428	25.640000000000004	30.093333333333334	23.746666666666663	26.879560439560443	4.016405307599518	20.097647058823533	0.0	3.153094444050238	12.42	3.8332221293665385
37.6	0.0	0.0	31.171045364891523	0.0	33.94948905109489	31.334626865671645	34.958991596638654	19.07539499036609	34.15462915601023	39.440000000000005	32.41736842105264	12.539130434782608	35.76205128205129	23.96	35.28285714285714	0.0	0.0	0.0	31.00954612005857	36.86222222222223	23.12	36.760000000000005	27.248159564823208	0.0	0.0	39.56631578947368	31.473044925124796	38.94315789473684	31.76545454545455	0.0	0.0	37.58	37.94285714285714	16.66542465753425	27.85333333333333	25.0527231807952	11.672618296529969	4.104710452186805	0.0	10.11909440898647	5.332025980498445	11.96031311154599	7.821421229484876	16.544395373291273	7.423170099793343	20.760388349514564	9.618928505789375	3.454211998135696	19.71636363636364	27.85150395778364	26.880000000000003	26.02133333333333	10.51368146519006	20.935766423357663	22.093333333333337	22.626464625352703	12.245484087102176	22.135	27.600806826997676	29.58606498194946	12.530357336520478	9.39653951551025	17.350027397260273	23.825454545454544	6.13333026042867	20.29676767676768	6.83025277680346
31.18	33.3	31.985000000000003	25.713112582781456	0.0	27.941669626998227	24.111352525801195	27.505727029438003	12.78587409314299	27.922926224426533	43.21600000000001	25.84372549019608	22.160000000000004	27.45822485207101	28.061818181818182	27.926666666666662	0.0	43.440000000000005	37.74666666666667	25.00567708333333	29.590943396226415	21.585454545454542	31.35	21.172806606785574	0.0	41.04615384615385	30.55771689497717	23.835601529120755	31.47323076923077	24.91743119266055	0.0	36.6	27.375	31.566538461538464	6.591548379735281	24.90526315789474	17.618505587699136	9.12406862745098	21.91685279187817	10.11909440898647	0.0	9.340644795989531	9.567925778661364	4.738323272239021	23.517008695652176	11.091393939393942	28.399466666666665	8.393127057274523	13.979111111111113	14.20406779661017	18.24139573160696	25.257216550241807	20.330944754363863	11.280977147360128	11.48167970260223	14.421232227488153	15.030279358260154	9.373099017384732	26.613333333333337	21.28863016079965	22.559719007158627	6.749791431564465	13.835367223146708	6.081517306780464	33.910000000000004	23.736057142857145	13.020010869565215	13.08002736080192
0.0	0.0	33.6	32.527079646017704	0.0	34.21423728813559	30.977551020408168	33.84056737588653	20.2769823434992	34.90534351145038	43.28	32.308800000000005	12.395384615384614	34.81152542372881	38.88	29.76615384615385	0.0	0.0	0.0	32.72761904761905	34.24333333333334	20.85333333333333	39.040000000000006	28.297550418101327	0.0	45.220000000000006	38.59351351351352	30.55557603686636	35.73913043478261	31.679069767441867	0.0	0.0	32.18	39.03636363636364	9.256952197625925	30.488000000000007	22.49914161684004	20.620600000000003	6.154894091415832	5.332025980498445	9.340644795989531	0.0	15.2012351543943	11.137626814948426	15.216996336996337	15.633327373561793	19.706347305389222	4.77215706737321	7.659185098952269	19.761777777777777	24.72737981810308	30.788813559322037	26.805718411552352	16.341079944741427	19.32031007751938	19.614457831325304	21.184354276835165	16.61605522682446	19.065454545454543	26.776089978248184	29.038388489208632	16.877037639877926	7.316802025102838	12.969940229885058	22.74222222222222	6.988526024022176	18.761486988847587	5.947230648070524
14.015172413793104	0.0	23.76	14.332165166754896	0.0	16.36177874186551	13.23702228544334	17.52730964467005	2.522881558849028	17.369106327462493	37.34	10.983250249252244	0.0	17.301894736842108	7.247638888888889	14.446153846153845	0.0	38.28	0.0	14.330773910104764	17.470769230769232	6.986666666666666	19.813333333333333	9.510496679179903	0.0	0.0	22.210461538461537	13.39977950826844	20.160504201680677	12.152033898305088	0.0	32.52	14.795555555555556	22.47529411764706	18.28	12.287904925009082	26.06	12.406429217139758	13.290769230769232	11.96031311154599	9.567925778661364	15.2012351543943	0.0	14.470751011714592	24.778738738738745	3.620341154307245	22.927926267281105	14.93678756476684	3.564227412382066	10.664375	20.523924050632917	27.67714285714286	24.212	10.727083448085928	11.74	5.039709331664682	23.060512820512823	5.260065755240956	17.894055299539172	24.46443514644352	17.511940945573848	10.30320290909091	18.98273901808785	21.251111111111115	29.426666666666662	19.975172413793103	16.32	19.91612121212121
