0.0	23.46	15.990653713156595	15.175706806282722	16.961904761904762	12.75865889212828	5.578682395178869	11.2585417071748	10.317514450867051	11.8600399733511	18.96360655737705	11.48500745156483	23.44	5.196887423185743	16.12	0.0	17.451216644052465	25.857333333333333	21.112094117647057	13.494161162483488	12.341754385964911	11.182272727272728	13.583072329130724	12.290272596843616	24.44	22.038159425248036	23.464824902723738	13.350769230769233	4.193672550560995	5.715479277610558	0.0	16.53022900763359	6.701739130434783	10.33785818500146	22.110000000000003	24.2	26.52	0.0	0.0	0.0	21.787384615384617	27.57454545454545	12.4	25.360000000000003	35.6	24.04	0.0	25.889411764705887	0.0	19.11483870967742	0.0	0.0	37.2	26.840000000000003	23.524897959183672	14.16	25.28	20.516325088339222	0.0	0.0	31.408000000000005	22.421747572815537	23.04416	21.78407547169811	0.0	0.0	22.29818181818182	20.770000000000003
23.46	0.0	8.022702702702704	21.84	0.0	22.775	19.208421052631586	24.865714285714283	12.057391118701965	23.49090909090909	9.469752066115705	16.520000000000003	7.859960396039606	25.713488372093025	18.73175141242938	6.138373443983403	8.783252032520327	10.681290322580647	6.434599664991626	24.08	15.953717277486913	4.480094031605068	10.351724137931036	13.079762904420846	3.9677826642076894	7.647367367367368	6.058402241690572	17.343866943866946	19.908349514563103	17.152364273204903	14.0	36.6	17.77241379310345	8.686077738515902	0.0	2.95459727385378	9.898823529411766	0.0	0.0	0.0	0.0	32.4	13.84	0.0	0.0	0.0	10.987692307692308	0.0	0.0	20.84	12.063915343915344	16.0	10.53029411764706	0.0	26.56	2.2928358208955224	14.976	0.0	7.819047619047621	10.702322097378278	8.962570694087404	0.0	0.0	21.96	0.0	0.0	0.0	10.845714285714289
15.990653713156595	8.022702702702704	0.0	22.734237288135592	29.85142857142857	23.1948794489093	16.216233893269894	20.840362697963805	17.230886075949368	20.488820512820517	30.540000000000003	26.03288888888889	34.510000000000005	18.770552297480187	23.73	14.010714285714286	7.871596664489107	13.811027027027029	9.069617211511597	23.922666666666668	7.709248133824985	13.318545454545454	7.189114716613746	17.566503747148907	27.12	7.728401846982621	6.66257153016475	14.798072364316903	14.607836636274584	12.09797735460628	15.6	30.07633898305085	16.917454545454547	7.616751440741669	27.116000000000003	9.01341935483871	16.720000000000002	35.192	0.0	0.0	26.96181818181818	34.263030303030305	18.99333333333333	36.60666666666667	45.24	31.8	18.72	30.35142857142857	0.0	20.242978723404256	18.98488888888889	0.0	20.381333333333338	34.64	24.203669724770645	10.17746835443038	19.931538461538462	25.90224066390041	15.070000000000002	17.511764705882353	15.149128367670366	27.95342465753425	27.28941176470589	26.27252525252525	0.0	0.0	26.880000000000003	22.626666666666665
15.175706806282722	21.84	22.734237288135592	0.0	27.43	10.522959139784946	7.004440362157197	18.56297435897436	10.319847959455856	7.069566063977748	29.75705882352941	7.411182829026385	0.0	19.45820278712158	13.041353065539113	13.420000000000002	24.472	36.120000000000005	28.940000000000005	3.013616248012469	18.75111111111111	15.95076923076923	17.78454545454546	3.4969052268811027	0.0	28.640000000000004	28.042285714285715	2.9397620580578336	17.691874874674152	17.49473684210526	0.0	26.505000000000003	15.60690616621984	16.042712168837	25.568000000000005	0.0	0.0	25.708566340160285	0.0	26.276	23.522133333333333	26.20086105675147	13.168052230685529	26.55817816476892	40.39333333333334	22.53873417721519	0.0	27.90143790849673	20.855	30.6	0.0	0.0	0.0	23.52094861660079	0.0	0.0	34.52	20.867492663840885	0.0	0.0	32.56	24.77482352941177	29.403310344827588	26.733333333333334	0.0	43.48	27.24	28.51168831168831
16.961904761904762	0.0	29.85142857142857	27.43	0.0	3.4627841616043327	20.725	6.130211706102117	9.90325581395349	20.27012987012987	10.374782608695654	16.821348314606745	17.560000000000002	8.647272727272728	2.698061651783462	0.0	28.76	14.96	31.59333333333334	22.15478260869565	25.56	23.68	26.57454545454545	14.781818181818185	0.0	29.1552	28.30857142857143	23.156	2.746604938271605	21.002051282051287	0.0	2.6248949971861024	0.0	2.8354693169269605	0.0	0.0	0.0	0.0	0.0	0.0	32.46	37.8	22.520000000000003	0.0	0.0	0.0	0.0	0.0	0.0	33.760000000000005	0.0	0.0	0.0	0.0	0.0	0.0	0.0	29.360000000000003	0.0	0.0	0.0	34.56	0.0	30.640000000000004	0.0	0.0	0.0	32.040000000000006
12.75865889212828	22.775	23.1948794489093	10.522959139784946	3.4627841616043327	0.0	8.318343786701318	5.2969340600719015	7.945826736536961	5.111738150652037	16.384669806384093	6.114509817606551	21.91212598425197	9.536502080363118	3.900685927672956	16.160000000000004	26.297201365187718	22.108845070422536	27.15081967213115	10.115477060495332	16.94304789550073	16.149387755102044	18.38093220338983	12.037712048716832	0.0	25.78812077512393	25.698931677018635	11.354514234875444	10.357039449873326	16.521868743047833	23.046666666666667	5.174511478434232	16.381195542046605	5.963095824628146	27.09846153846154	0.0	33.56	27.350612244897963	0.0	27.662857142857145	25.08	26.497992177314217	14.441454545454548	28.18491525423729	38.072	23.2816	0.0	28.18688259109312	0.0	22.168000000000003	0.0	0.0	0.0	25.300350877192983	30.02	24.44	31.670000000000005	22.34053079619429	0.0	52.34	35.74285714285715	25.190731707317077	29.048988764044942	26.74684563758389	0.0	37.870000000000005	28.06666666666667	28.26117647058824
5.578682395178869	19.208421052631586	16.216233893269894	7.004440362157197	20.725	8.318343786701318	0.0	8.786274820030062	9.782782564622403	4.368179922358754	24.778852713178296	8.908612440191387	30.465000000000003	9.5987500934887	13.616	11.392217898832683	20.16300983326208	29.055304347826088	24.212652259332025	7.718112805959561	11.354759906143627	12.349517241379312	13.303350188888796	8.060040752564015	0.0	23.868422690226858	21.45932659590676	6.945567281192977	12.912420529475446	6.337524046205532	34.480000000000004	21.597619047619048	12.070707484828052	11.986901665771091	22.53409523809524	21.160000000000004	28.660000000000004	25.84108843537415	0.0	27.0	21.76099406201892	25.640822320117472	12.777542533081284	26.26175438596492	35.472	22.417142857142856	0.0	25.824568527918785	20.020000000000003	24.56853333333333	33.675	0.0	32.790000000000006	23.067272727272726	25.31183673469388	20.194000000000003	28.57	19.67375557206538	0.0	34.792	27.896	22.67906614785992	24.79314578005115	22.232646855563235	0.0	33.38545454545455	24.60181818181818	24.83653333333333
11.2585417071748	24.865714285714283	20.840362697963805	18.56297435897436	6.130211706102117	5.2969340600719015	8.786274820030062	5.040000000000001	12.205987513324198	7.103481290097832	15.040897679726132	14.423908195771793	20.166511627906974	4.496084197129795	4.920400667779633	16.24421052631579	23.14403267528932	25.63398601398601	26.23513553657631	15.604217215482382	15.80902921379502	16.485378151260505	17.42374572445727	13.821720255368543	30.49333333333333	27.23129215861517	27.36408702028844	14.457562604340566	8.852203772037722	13.31113822586391	22.19333333333333	7.358298491939678	15.853006475485662	6.712537033110175	26.00556962025316	0.0	32.52	27.8334065934066	0.0	27.446582278481014	24.860195750775844	27.42892007321538	14.867191011235954	28.24271698113208	39.93454545454546	22.68	45.28	28.354251497005997	32.0	24.604918032786887	0.0	0.0	37.040000000000006	26.4352	29.10962962962963	21.0275	31.120000000000005	22.90541369132629	0.0	40.81333333333334	36.46	25.3345249917246	28.80609715242881	26.08554112554113	0.0	38.29846153846154	27.86865671641791	28.29464646464647
10.317514450867051	12.057391118701965	17.230886075949368	10.319847959455856	9.90325581395349	7.945826736536961	9.782782564622403	12.205987513324198	0.0	12.263941629509526	26.1418018018018	3.7668806325068536	21.46769230769231	12.899486404833835	3.670017838030682	6.820939597315435	20.07243243243244	32.33	23.85142857142857	8.869062215477998	13.20448	4.753962211531758	15.704545454545457	4.773064938490232	18.73243697478992	20.813305084745764	18.29813153781412	9.592562831963445	11.7131392	9.34219072417236	35.08	22.134945054945057	11.19800878477306	11.283288183092017	11.814782608695651	0.0	20.18	14.287100175746923	0.0	14.706266666666668	11.55727879562562	15.002493506493508	2.1393900175038456	15.007269238150068	26.613333333333337	8.575375638220276	0.0	15.748682505399568	7.309931972789116	8.24	20.672	0.0	22.2	11.91953434225844	14.63643312101911	8.861818181818183	17.808	9.618587625744372	0.0	29.714285714285715	31.186666666666667	12.691841163844504	13.924758128469469	11.660182370820667	0.0	25.03555555555556	13.448846153846157	12.814753246753249
11.8600399733511	23.49090909090909	20.488820512820517	7.069566063977748	20.27012987012987	5.111738150652037	4.368179922358754	7.103481290097832	12.263941629509526	0.0	25.243987915407857	4.166666346169255	30.52142857142857	15.489291388315316	11.792380952380952	18.76666666666667	24.92440677966102	30.30924731182796	28.63540229885058	3.806037330810653	15.015351812366736	16.65960784313726	16.754414535666218	8.685416933248028	0.0	28.173303769401333	28.05777777777778	6.452478029023969	16.99321972922088	12.865398773006136	34.653333333333336	22.59433242506812	15.676316088686756	15.997135504237724	26.775	0.0	0.0	27.46954385964913	0.0	26.958800000000004	24.36196721311476	27.59092636579573	15.306028513238289	28.295442092154424	39.28	24.783000000000005	0.0	28.93908496732026	20.520000000000003	28.57333333333333	0.0	0.0	0.0	25.49291338582677	33.00666666666667	22.48	29.18	22.613473315835524	0.0	36.84	0.0	25.79623296158612	30.281488372093023	26.53333333333334	0.0	0.0	29.259047619047617	28.51083969465649
18.96360655737705	9.469752066115705	30.540000000000003	29.75705882352941	10.374782608695654	16.384669806384093	24.778852713178296	15.040897679726132	26.1418018018018	25.243987915407857	0.0	24.65338364779874	3.403057586108937	14.074744957060116	15.585000000000004	18.428148148148143	9.066752688172045	3.15562506617458	3.687469264233025	27.00151933701658	16.95581108829569	16.307301587301588	16.585614545454547	27.765652173913047	4.9470591790046194	4.436693938374273	7.386694457972145	25.612893203883495	11.374903240848685	20.51874015748032	3.295285488812552	10.512795497185742	20.06736842105263	4.867740280484576	34.34	9.928	0.0	0.0	0.0	42.58666666666667	36.8464	42.85714285714285	27.192	39.68	14.225714285714286	0.0	15.283137254901964	40.684444444444445	0.0	27.840000000000003	0.0	0.0	20.520000000000003	0.0	31.307272727272725	17.28	26.87333333333333	35.96170212765958	6.840000000000001	17.26888888888889	14.505391304347828	38.27904761904762	38.616	36.31830985915493	0.0	0.0	40.040000000000006	39.45714285714286
11.48500745156483	16.520000000000003	26.03288888888889	7.411182829026385	16.821348314606745	6.114509817606551	8.908612440191387	14.423908195771793	3.7668806325068536	4.166666346169255	24.65338364779874	0.0	30.02714285714286	17.60909972299169	4.02143605732209	0.0	28.911111111111115	28.848562300319493	29.754838709677426	3.4440150762681805	25.31	12.268148148148148	23.608695652173918	4.720283311199646	28.826666666666664	30.897727840199757	32.53131578947368	7.895211647558218	17.514841051896674	19.261935483870968	31.74666666666667	21.13787135585377	17.005507246376816	15.853420315595326	0.0	0.0	0.0	22.552268907563025	0.0	19.76333333333333	25.824827586206897	28.347169811320757	7.880722891566267	22.21153374233129	0.0	15.580408163265307	0.0	32.8	12.09	0.0	0.0	0.0	0.0	19.863448275862076	0.0	0.0	0.0	17.346787878787882	0.0	0.0	0.0	24.87914438502674	33.382222222222225	0.0	0.0	0.0	30.040000000000003	29.67
23.44	7.859960396039606	34.510000000000005	0.0	17.560000000000002	21.91212598425197	30.465000000000003	20.166511627906974	21.46769230769231	30.52142857142857	3.403057586108937	30.02714285714286	0.0	20.30828828828829	26.0	0.0	33.120000000000005	8.441379310344828	12.373333333333331	32.327407407407414	0.0	13.379411764705884	26.413333333333338	27.52444444444445	4.57225351881354	2.655432198087065	3.021892998722275	31.386666666666667	16.506206896551724	25.9	2.734194921696822	16.901818181818182	0.0	10.167707100591716	0.0	9.093333333333334	0.0	0.0	0.0	0.0	42.38	0.0	0.0	0.0	14.408505747126435	0.0	15.339856115107915	0.0	0.0	0.0	0.0	0.0	19.69333333333333	0.0	0.0	0.0	0.0	0.0	8.72	17.043076923076924	15.748493150684933	47.36	41.720000000000006	40.720000000000006	17.44	0.0	0.0	2.4400000000000004
5.196887423185743	25.713488372093025	18.770552297480187	19.45820278712158	8.647272727272728	9.536502080363118	9.5987500934887	4.496084197129795	12.899486404833835	15.489291388315316	14.074744957060116	17.60909972299169	20.30828828828829	0.0	16.006153846153847	25.32	20.31139442231076	22.06506798516688	23.473932014205992	18.24752267884323	15.115218130311614	13.990935550935552	16.321133448666707	16.107330549309346	28.87	24.45802722513089	25.385382436260624	16.90175154944759	4.639138602236915	10.5293813797083	22.472	7.181538715808611	15.477064220183488	8.602659277012183	25.882	28.426666666666662	29.880000000000003	31.96	0.0	28.311111111111117	25.2452927756654	29.859481865284977	15.729642857142858	31.78666666666667	0.0	27.68800000000001	0.0	29.52279569892473	0.0	22.905866666666668	38.626666666666665	43.120000000000005	37.384	29.953333333333337	26.032521246458924	15.426666666666668	26.823529411764707	23.968788819875776	33.720000000000006	35.013333333333335	32.77454545454545	25.772459875532263	27.50107142857143	25.143486655309484	0.0	36.720000000000006	26.588085106382977	26.360281690140845
16.12	18.73175141242938	23.73	13.041353065539113	2.698061651783462	3.900685927672956	13.616	4.920400667779633	3.670017838030682	11.792380952380952	15.585000000000004	4.02143605732209	26.0	16.006153846153847	0.0	0.0	25.192	0.0	0.0	10.277317073170732	18.880000000000003	12.295616835994196	21.270000000000003	6.294339069937752	24.204444444444444	29.32888888888889	24.87525423728814	14.280557103064066	16.841333333333335	15.9	0.0	6.25530612244898	18.805714285714288	8.1075	0.0	0.0	0.0	18.56	0.0	20.76	21.360000000000003	0.0	7.702857142857144	20.0	0.0	0.0	0.0	0.0	12.04	0.0	0.0	0.0	0.0	19.9	0.0	0.0	0.0	16.98	0.0	0.0	0.0	21.844	26.6	0.0	0.0	0.0	0.0	0.0
0.0	6.138373443983403	14.010714285714286	13.420000000000002	0.0	16.160000000000004	11.392217898832683	16.24421052631579	6.820939597315435	18.76666666666667	18.428148148148143	0.0	0.0	25.32	0.0	0.0	17.948474576271188	29.52	19.15578947368421	16.34	3.3608796720310523	4.978456582633053	3.078985133871491	4.432051164915487	19.68	16.857481910274963	4.9493618303877245	5.879223874301381	16.160000000000004	11.540732984293191	0.0	0.0	14.225	12.100336134453784	20.12129032258065	10.410666666666668	18.56336569579288	0.0	0.0	23.54	21.08	25.23736526946108	9.692038834951456	26.8	27.77647058823529	0.0	0.0	24.00329896907217	0.0	16.048357038657915	24.392941176470597	30.19333333333333	26.27692307692308	26.0	18.18416277611316	8.571471384726486	17.12137446481502	18.76131147540984	0.0	25.35116883116883	15.951139581928524	18.73289316827144	20.23973553719009	18.3789463220676	0.0	0.0	18.88771573604061	17.216894977168952
17.451216644052465	8.783252032520327	7.871596664489107	24.472	28.76	26.297201365187718	20.16300983326208	23.14403267528932	20.07243243243244	24.92440677966102	9.066752688172045	28.911111111111115	33.120000000000005	20.31139442231076	25.192	17.948474576271188	0.0	8.187109004739337	3.0515395642201835	29.056363636363635	7.307735753052917	14.229130434782608	6.463106391347099	21.80294871794872	10.356923076923078	6.875786628020402	10.32750790671132	18.41283757338552	15.672288017557928	11.766366757428674	0.0	30.60770642201835	17.647604562737644	5.09217932167586	27.56	11.619870410367172	20.96	38.64	0.0	0.0	31.72000000000001	36.57333333333334	21.093333333333337	0.0	0.0	0.0	19.418333333333333	29.32	0.0	23.427868852459017	19.89297619047619	23.346666666666668	18.459205387205387	0.0	27.23775	16.563174603174605	25.380000000000003	30.678260869565214	15.138791946308723	17.569750854909625	17.497020526825832	29.907142857142865	31.44296296296296	29.3221978021978	0.0	0.0	0.0	17.250555555555557
25.857333333333333	10.681290322580647	13.811027027027029	36.120000000000005	14.96	22.108845070422536	29.055304347826088	25.63398601398601	32.33	30.30924731182796	3.15562506617458	28.848562300319493	8.441379310344828	22.06506798516688	0.0	29.52	8.187109004739337	0.0	3.04124283660158	31.363478260869567	20.434736842105263	17.92	18.8082096069869	30.110000000000003	7.222608695652174	4.402551580359924	10.363172065628945	29.922352941176467	20.77913924050633	20.7689552238806	9.45	15.9246511627907	25.346666666666668	10.112446300715993	39.56	12.7125	0.0	0.0	0.0	0.0	40.306666666666665	0.0	0.0	0.0	15.144000000000002	0.0	16.617349397590363	0.0	0.0	34.7	0.0	19.14	22.860000000000003	0.0	34.77	0.0	0.0	40.936	10.387368421052631	18.992207792207797	18.151752577319588	43.693333333333335	36.96	38.408	19.3	0.0	0.0	0.0
21.112094117647057	6.434599664991626	9.069617211511597	28.940000000000005	31.59333333333334	27.15081967213115	24.212652259332025	26.23513553657631	23.85142857142857	28.63540229885058	3.687469264233025	29.754838709677426	12.373333333333331	23.473932014205992	0.0	19.15578947368421	3.0515395642201835	3.04124283660158	0.0	31.233333333333334	15.602076923076924	16.134505494505497	13.973216871623952	24.76342105263158	6.366178368121442	5.513072759258424	8.804371963222286	20.346289308176104	18.44886975242196	15.52141962421712	9.330000000000002	29.38985074626866	20.31643979057592	7.413492356794893	26.2	7.984418276024495	36.24	0.0	0.0	0.0	0.0	0.0	38.6	0.0	16.695	0.0	14.71316129032258	47.48	0.0	25.602170542635665	22.018181818181823	17.721739130434784	15.617828571428571	0.0	29.0774358974359	18.73538461538461	28.001428571428573	34.46	9.419615384615383	16.260124342419896	15.319014211189062	28.76	33.440000000000005	32.4208	18.84	0.0	34.32000000000001	15.64
13.494161162483488	24.08	23.922666666666668	3.013616248012469	22.15478260869565	10.115477060495332	7.718112805959561	15.604217215482382	8.869062215477998	3.806037330810653	27.00151933701658	3.4440150762681805	32.327407407407414	18.24752267884323	10.277317073170732	16.34	29.056363636363635	31.363478260869567	31.233333333333334	0.0	18.654545454545456	15.87111111111111	21.50618181818182	3.3493765013054837	0.0	32.66427350427351	33.607710843373496	5.096314003862415	17.171518395555257	19.0	35.21333333333334	23.800387096774195	14.721898380792856	15.77719138916919	29.12	0.0	0.0	24.15305044035228	0.0	24.32	21.99849765258216	25.08346368715084	11.712296296296298	25.049192692987628	38.34	21.28164383561644	0.0	26.837814207650275	17.772000000000002	27.06	0.0	0.0	0.0	22.102119460500965	32.2	21.2	30.140000000000004	19.463223423898707	0.0	47.720000000000006	42.0	23.00369382022472	27.45319371727749	22.453333333333337	0.0	36.78666666666667	25.53076923076923	25.856907216494847
12.341754385964911	15.953717277486913	7.709248133824985	18.75111111111111	25.56	16.94304789550073	11.354759906143627	15.80902921379502	13.20448	15.015351812366736	16.95581108829569	25.31	0.0	15.115218130311614	18.880000000000003	3.3608796720310523	7.307735753052917	20.434736842105263	15.602076923076924	18.654545454545456	0.0	9.126871890547264	7.553459482864473	8.67289204097715	21.782857142857143	16.227954842543078	13.359183673469389	4.447845014245014	12.799435523114356	5.298612750375218	0.0	27.550857142857144	13.439436619718313	6.89641897068041	23.16331360946746	24.96	23.903846153846157	0.0	0.0	26.48	23.707555555555555	28.590697674418607	13.005628140703518	30.15	28.2656	0.0	0.0	27.088314606741573	0.0	18.829555170421724	26.84342857142857	34.64	29.17473684210526	0.0	21.569988042364194	11.80490326776134	20.430788548468108	21.41885844748858	0.0	28.77152	21.513394495412847	22.32160060400151	22.476402997502085	21.1485288326301	0.0	37.92	20.495193798449613	19.84202985074627
11.182272727272728	4.480094031605068	13.318545454545454	15.95076923076923	23.68	16.149387755102044	12.349517241379312	16.485378151260505	4.753962211531758	16.65960784313726	16.307301587301588	12.268148148148148	13.379411764705884	13.990935550935552	12.295616835994196	4.978456582633053	14.229130434782608	17.92	16.134505494505497	15.87111111111111	9.126871890547264	0.0	8.505360336664914	6.001243295852229	10.747612253462025	15.70623015873016	6.628553452667932	9.789637105432684	9.11116679132386	8.7623250227781	0.0	20.424	8.649423180592994	8.667531992687387	12.461666666666668	2.558481012658228	11.706666666666669	0.0	0.0	16.520000000000003	13.274920634920631	18.33777777777778	2.105748218527316	19.28	19.46	0.0	0.0	16.645555555555557	0.0	9.28328961513653	15.50666666666667	23.56	20.191111111111116	0.0	12.564691750574104	2.6336537894426426	12.484733364069465	10.396756756756757	0.0	20.54222222222222	9.949961389961391	12.387996832937452	12.1312077294686	11.24138698630137	0.0	0.0	10.664126984126984	10.4612
13.583072329130724	10.351724137931036	7.189114716613746	17.78454545454546	26.57454545454545	18.38093220338983	13.303350188888796	17.42374572445727	15.704545454545457	16.754414535666218	16.585614545454547	23.608695652173918	26.413333333333338	16.321133448666707	21.270000000000003	3.078985133871491	6.463106391347099	18.8082096069869	13.973216871623952	21.50618181818182	7.553459482864473	8.505360336664914	0.0	13.989921736935116	21.112	13.926270264044458	10.742959371882955	8.079269940020968	13.676039142590868	7.974277338616744	0.0	28.532698412698416	15.745454545454546	9.684279183949888	24.34232558139535	11.451	18.533175542406312	32.592	0.0	0.0	25.478541666666665	31.235200000000003	15.660000000000002	34.2	26.82181818181818	0.0	0.0	27.98307692307693	0.0	17.385571268648192	24.0432	32.96	27.625333333333334	32.58	21.492732847834414	10.93240357823728	19.16139448147253	23.62791461412151	0.0	28.110857142857142	17.810697350951507	24.853647058823533	25.36120754716981	22.9201268230818	0.0	0.0	22.712	20.51319587628866
12.290272596843616	13.079762904420846	17.566503747148907	3.4969052268811027	14.781818181818185	12.037712048716832	8.060040752564015	13.821720255368543	4.773064938490232	8.685416933248028	27.765652173913047	4.720283311199646	27.52444444444445	16.107330549309346	6.294339069937752	4.432051164915487	21.80294871794872	30.110000000000003	24.76342105263158	3.3493765013054837	8.67289204097715	6.001243295852229	13.989921736935116	0.0	20.517721518987344	23.3108418230563	16.31392145015106	3.9076336783806953	13.656051929987251	11.176348234671256	0.0	24.235744680851063	12.191563512887791	11.60607585523054	19.70435925520263	22.026666666666664	22.25877551020408	21.025700099304867	0.0	21.076666666666664	19.19368894338852	22.62263758486205	8.890809428685577	21.671356449375867	33.573076923076925	17.745204081632654	41.720000000000006	23.43717927854625	14.997333333333334	16.024820220719118	28.4446511627907	35.120000000000005	30.32933333333333	19.197305263157897	18.63694863630071	9.264755865567532	21.40413098236776	17.545492363059314	34.08	29.62322580645161	23.6819801980198	19.274099171980584	21.265919492485462	19.08181168953204	0.0	31.69513513513514	20.045116607773856	19.94535369273917
24.44	3.9677826642076894	27.12	0.0	0.0	0.0	0.0	30.49333333333333	18.73243697478992	0.0	4.9470591790046194	28.826666666666664	4.57225351881354	28.87	24.204444444444444	19.68	10.356923076923078	7.222608695652174	6.366178368121442	0.0	21.782857142857143	10.747612253462025	21.112	20.517721518987344	0.0	7.726156839852112	6.508251963776455	23.84	23.10153846153846	23.51	9.636363636363637	0.0	0.0	10.086349206349206	0.0	6.457021276595745	0.0	0.0	0.0	0.0	0.0	0.0	0.0	0.0	9.271667969089174	0.0	9.710441956393636	0.0	0.0	0.0	14.672	13.318181818181818	13.924137931034483	0.0	0.0	10.56	0.0	0.0	5.045652797704448	12.764334236299227	11.76220728687655	0.0	0.0	0.0	13.467731092436974	0.0	0.0	2.298550724637681
22.038159425248036	7.647367367367368	7.728401846982621	28.640000000000004	29.1552	25.78812077512393	23.868422690226858	27.23129215861517	20.813305084745764	28.173303769401333	4.436693938374273	30.897727840199757	2.655432198087065	24.45802722513089	29.32888888888889	16.857481910274963	6.875786628020402	4.402551580359924	5.513072759258424	32.66427350427351	16.227954842543078	15.70623015873016	13.926270264044458	23.3108418230563	7.726156839852112	0.0	7.469064487387068	23.771886041049733	20.22063792419693	18.165327899221936	3.042776747561074	30.178918918918924	22.109161290322582	9.84974234853217	34.61	9.711794871794872	31.81777777777778	46.96	0.0	0.0	36.85230769230769	43.90666666666667	24.38285714285714	43.440000000000005	16.008497175141244	0.0	15.07970411074712	34.620000000000005	0.0	27.675636363636364	18.77664	18.814901960784315	16.98688064192578	39.48	30.372339331619536	20.3895	28.55344262295082	34.86518518518519	9.876771653543306	17.447494532199272	15.997623922413794	34.837647058823535	34.86	33.14652631578947	19.278823529411767	0.0	30.74666666666667	18.2112
23.464824902723738	6.058402241690572	6.66257153016475	28.042285714285715	28.30857142857143	25.698931677018635	21.45932659590676	27.36408702028844	18.29813153781412	28.05777777777778	7.386694457972145	32.53131578947368	3.021892998722275	25.385382436260624	24.87525423728814	4.9493618303877245	10.32750790671132	10.363172065628945	8.804371963222286	33.607710843373496	13.359183673469389	6.628553452667932	10.742959371882955	16.31392145015106	6.508251963776455	7.469064487387068	0.0	18.05126057529611	22.96426132145509	21.47907223326707	3.5415384615384617	27.544375	23.80740740740741	9.483116562142792	30.048	7.668390620585742	15.366449934980494	0.0	0.0	31.8	29.86171428571428	35.55692307692308	21.80470588235294	39.14666666666667	15.09462587736724	0.0	15.825097154318666	32.13866666666667	0.0	16.13635745324013	18.47771964076533	16.639647887323942	15.802115244347192	0.0	24.284116094986807	8.837702664318583	18.547389712725696	28.477348066298344	8.212018541930046	15.81280245758034	15.233189874150153	29.22	30.985142857142858	29.325182724252493	17.584149184149187	0.0	28.413333333333338	16.1928
13.350769230769233	17.343866943866946	14.798072364316903	2.9397620580578336	23.156	11.354514234875444	6.945567281192977	14.457562604340566	9.592562831963445	6.452478029023969	25.612893203883495	7.895211647558218	31.386666666666667	16.90175154944759	14.280557103064066	5.879223874301381	18.41283757338552	29.922352941176467	20.346289308176104	5.096314003862415	4.447845014245014	9.789637105432684	8.079269940020968	3.9076336783806953	23.84	23.771886041049733	18.05126057529611	0.0	15.301194732582948	7.685665461827914	0.0	25.852282157676356	13.026001251334144	11.11807488959383	21.71508744656044	29.933333333333337	26.9536	25.77723446893788	0.0	25.44257142857143	21.429303229852614	25.414567619047624	12.408234554973822	26.38433283358321	35.536410256410264	21.90914127423823	38.52	25.24389688249401	21.773333333333333	17.172792630419544	31.057500000000005	39.720000000000006	33.148965517241386	23.5837652811736	21.67713201409596	12.54258064516129	25.5204	19.81665591979856	0.0	36.24933333333333	27.045675675675675	22.41810347271439	22.50921242150141	21.2027431082959	0.0	34.57714285714286	21.28662674650699	21.322965779467683
4.193672550560995	19.908349514563103	14.607836636274584	17.691874874674152	2.746604938271605	10.357039449873326	12.912420529475446	8.852203772037722	11.7131392	16.99321972922088	11.374903240848685	17.514841051896674	16.506206896551724	4.639138602236915	16.841333333333335	16.160000000000004	15.672288017557928	20.77913924050633	18.44886975242196	17.171518395555257	12.799435523114356	9.11116679132386	13.676039142590868	13.656051929987251	23.10153846153846	20.22063792419693	22.96426132145509	15.301194732582948	0.0	5.154828506539795	0.0	3.1222735998664555	3.143276053017041	6.721130650864953	22.474222222222227	24.62	26.545714285714286	32.124	0.0	31.432	24.494582132564844	28.813194444444445	12.457725947521864	31.269565217391307	32.88	28.46181818181818	0.0	26.973787234042558	0.0	17.969141791044777	30.016	0.0	33.44500000000001	30.662857142857145	21.23851926977688	12.104000000000005	22.831111111111117	22.22876494023905	0.0	31.31428571428572	32.35111111111112	22.69377810007252	23.09168278529981	21.62150153846154	0.0	34.120000000000005	21.47822222222222	20.842025316455697
5.715479277610558	17.152364273204903	12.09797735460628	17.49473684210526	21.002051282051287	16.521868743047833	6.337524046205532	13.31113822586391	9.34219072417236	12.865398773006136	20.51874015748032	19.261935483870968	25.9	10.5293813797083	15.9	11.540732984293191	11.766366757428674	20.7689552238806	15.52141962421712	19.0	5.298612750375218	8.7623250227781	7.974277338616744	11.176348234671256	23.51	18.165327899221936	21.47907223326707	7.685665461827914	5.154828506539795	0.0	0.0	21.05031847133758	6.7628472702142375	4.746447646644216	21.388693333333336	20.43	24.554	28.56	0.0	26.925714285714285	21.29763332035812	26.999222999223	11.436304974073362	25.96358208955224	30.33052631578948	26.28	45.6	25.27779578606159	0.0	17.94996488013437	29.7936170212766	36.36	31.631612903225808	26.093333333333334	20.969416218222307	11.517185136468267	20.48538587848933	20.028377622377626	0.0	30.13008695652174	30.86235294117647	21.42389368499762	22.051165320866986	20.55428202802137	0.0	34.56	20.784192439862544	19.93253731343284
0.0	14.0	15.6	0.0	0.0	23.046666666666667	34.480000000000004	22.19333333333333	35.08	34.653333333333336	3.295285488812552	31.74666666666667	2.734194921696822	22.472	0.0	0.0	0.0	9.45	9.330000000000002	35.21333333333334	0.0	0.0	0.0	0.0	9.636363636363637	3.042776747561074	3.5415384615384617	0.0	0.0	0.0	0.0	0.0	0.0	13.6596875	0.0	0.0	0.0	0.0	0.0	0.0	0.0	0.0	0.0	0.0	16.976	0.0	18.003636363636364	0.0	0.0	0.0	0.0	0.0	0.0	0.0	0.0	0.0	0.0	0.0	0.0	20.12	18.32	48.32000000000001	0.0	0.0	0.0	0.0	0.0	0.0
16.53022900763359	36.6	30.07633898305085	26.505000000000003	2.6248949971861024	5.174511478434232	21.597619047619048	7.358298491939678	22.134945054945057	22.59433242506812	10.512795497185742	21.13787135585377	16.901818181818182	7.181538715808611	6.25530612244898	0.0	30.60770642201835	15.9246511627907	29.38985074626866	23.800387096774195	27.550857142857144	20.424	28.532698412698416	24.235744680851063	0.0	30.178918918918924	27.544375	25.852282157676356	3.1222735998664555	21.05031847133758	0.0	0.0	24.745	3.670170393433343	35.720000000000006	0.0	0.0	39.92	0.0	0.0	34.17371428571429	39.248000000000005	24.392	0.0	0.0	0.0	0.0	37.91	0.0	31.56	0.0	0.0	0.0	0.0	33.220000000000006	0.0	0.0	32.39392405063292	0.0	0.0	53.0	35.14666666666667	34.67076923076923	33.36857142857143	0.0	0.0	38.720000000000006	38.4
6.701739130434783	17.77241379310345	16.917454545454547	15.60690616621984	0.0	16.381195542046605	12.070707484828052	15.853006475485662	11.19800878477306	15.676316088686756	20.06736842105263	17.005507246376816	0.0	15.477064220183488	18.805714285714288	14.225	17.647604562737644	25.346666666666668	20.31643979057592	14.721898380792856	13.439436619718313	8.649423180592994	15.745454545454546	12.191563512887791	0.0	22.109161290322582	23.80740740740741	13.026001251334144	3.143276053017041	6.7628472702142375	0.0	24.745	0.0	5.553002821442966	21.6	0.0	30.160000000000004	28.592	0.0	28.660000000000004	22.50268907563025	27.59587628865979	11.880796019900496	29.06615384615385	0.0	25.640000000000004	0.0	25.71838383838384	0.0	16.9848	30.81714285714286	0.0	31.520000000000003	26.352	20.239867695700116	10.52164383561644	20.630000000000003	20.42392652123996	0.0	28.99333333333333	30.860000000000003	21.89446348061317	22.086481876332623	20.630408457472367	0.0	37.2	20.94518518518519	19.383181818181814
10.33785818500146	8.686077738515902	7.616751440741669	16.042712168837	2.8354693169269605	5.963095824628146	11.986901665771091	6.712537033110175	11.283288183092017	15.997135504237724	4.867740280484576	15.853420315595326	10.167707100591716	8.602659277012183	8.1075	12.100336134453784	5.09217932167586	10.112446300715993	7.413492356794893	15.77719138916919	6.89641897068041	8.667531992687387	9.684279183949888	11.60607585523054	10.086349206349206	9.84974234853217	9.483116562142792	11.11807488959383	6.721130650864953	4.746447646644216	13.6596875	3.670170393433343	5.553002821442966	0.0	22.73122807017544	10.90808510638298	20.226666666666667	30.17714285714286	0.0	0.0	23.508731466227346	28.336315789473684	12.670746268656718	29.8	33.92	20.84	18.312	27.049142857142854	0.0	16.87989949748744	19.84	21.68	17.072558139534884	25.728	20.50704453441296	11.469206349206347	19.608602150537635	21.551957671957677	12.086666666666668	16.84888888888889	16.027965616045844	23.44355140186916	22.392376873661668	21.189215376513957	0.0	0.0	20.234615384615388	20.219310344827587
22.110000000000003	0.0	27.116000000000003	25.568000000000005	0.0	27.09846153846154	22.53409523809524	26.00556962025316	11.814782608695651	26.775	34.34	0.0	0.0	25.882	0.0	20.12129032258065	27.56	39.56	26.2	29.12	23.16331360946746	12.461666666666668	24.34232558139535	19.70435925520263	0.0	34.61	30.048	21.71508744656044	22.474222222222227	21.388693333333336	0.0	35.720000000000006	21.6	22.73122807017544	0.0	19.108	16.4560780669145	13.324807256235824	14.52	9.967436918990703	4.89344016397261	8.697827540106953	9.374504934734162	10.66490718548804	17.661723577235772	10.316994307400382	26.360000000000003	4.846197857305676	0.0	10.39294117647059	17.84570776255708	23.830570107858243	19.61674893617021	11.103717171717172	12.583545331529097	11.85079754601227	14.58977049180328	12.064944578313254	22.34	20.03225898638089	24.361135135135136	12.357596427121395	3.861410842586545	6.103264843289336	26.68	13.680701754385964	7.094545454545456	10.95851123940548
24.2	2.95459727385378	9.01341935483871	0.0	0.0	0.0	21.160000000000004	0.0	0.0	0.0	9.928	0.0	9.093333333333334	28.426666666666662	0.0	10.410666666666668	11.619870410367172	12.7125	7.984418276024495	0.0	24.96	2.558481012658228	11.451	22.026666666666664	6.457021276595745	9.711794871794872	7.668390620585742	29.933333333333337	24.62	20.43	0.0	0.0	0.0	10.90808510638298	19.108	0.0	6.760623376623377	0.0	0.0	0.0	19.29904761904762	25.020000000000003	12.575244061602714	0.0	11.856923076923078	18.98	7.215952594225866	22.930666666666667	19.399669421487605	11.097573221757324	9.56336231884058	11.0809756097561	7.753748218527316	0.0	14.998072289156628	5.40931330608106	9.59505617977528	15.63759684999365	4.412902939634663	7.621411554496724	5.145891955404473	19.58961968680089	19.957125748503	18.68930693069307	0.0	0.0	19.773333333333333	9.13202614379085
26.52	9.898823529411766	16.720000000000002	0.0	0.0	33.56	28.660000000000004	32.52	20.18	0.0	0.0	0.0	0.0	29.880000000000003	0.0	18.56336569579288	20.96	0.0	36.24	0.0	23.903846153846157	11.706666666666669	18.533175542406312	22.25877551020408	0.0	31.81777777777778	15.366449934980494	26.9536	26.545714285714286	24.554	0.0	0.0	30.160000000000004	20.226666666666667	16.4560780669145	6.760623376623377	0.0	23.009007633587785	0.0	21.095379644588046	15.97331874023882	20.91368409052044	16.302500000000002	21.03245492371706	21.636046511627907	29.673333333333336	26.48	19.334160161044828	23.360000000000003	9.80601001669449	8.666702455150661	14.954863813229574	10.313474264705883	23.045333333333332	10.146582481919411	7.351532033426184	8.114519694846646	16.280968090026207	12.760000000000002	6.6439855209938	7.614207389143779	14.890898249499552	22.384288577154308	12.163761467889907	0.0	30.083870967741937	0.0	9.121663569789048
0.0	0.0	35.192	25.708566340160285	0.0	27.350612244897963	25.84108843537415	27.8334065934066	14.287100175746923	27.46954385964913	0.0	22.552268907563025	0.0	31.96	18.56	0.0	38.64	0.0	0.0	24.15305044035228	0.0	0.0	32.592	21.025700099304867	0.0	46.96	0.0	25.77723446893788	32.124	28.56	0.0	39.92	28.592	30.17714285714286	13.324807256235824	0.0	23.009007633587785	0.0	0.0	10.558152840212506	8.191989966555184	17.80543674108892	11.419260617170792	7.071820662320131	27.98352941176471	6.436509245377311	34.248000000000005	17.926446335078534	12.764303448275864	0.0	27.752	33.81	29.365714285714283	2.808396196363094	18.55911111111111	0.0	20.09843478260869	3.847711116623552	0.0	27.515807860262008	29.08	4.356163774199612	17.408755876851522	15.69925925925926	0.0	24.11854545454546	16.421941747572816	15.850332967435056
0.0	0.0	0.0	0.0	0.0	0.0	0.0	0.0	0.0	0.0	0.0	0.0	0.0	0.0	0.0	0.0	0.0	0.0	0.0	0.0	0.0	0.0	0.0	0.0	0.0	0.0	0.0	0.0	0.0	0.0	0.0	0.0	0.0	0.0	14.52	0.0	0.0	0.0	0.0	2.0046258212702317	0.0	2.376971369437737	0.0	21.730666666666668	10.6	21.137777777777774	0.0	8.20888888888889	2.088314875785693	0.0	0.0	0.0	36.0	0.0	0.0	0.0	0.0	0.0	0.0	33.86	0.0	26.4	3.7	0.0	0.0	2.2950361097737124	0.0	4.137341040462428
0.0	0.0	0.0	26.276	0.0	27.662857142857145	27.0	27.446582278481014	14.706266666666668	26.958800000000004	42.58666666666667	19.76333333333333	0.0	28.311111111111117	20.76	23.54	0.0	0.0	0.0	24.32	26.48	16.520000000000003	0.0	21.076666666666664	0.0	0.0	31.8	25.44257142857143	31.432	26.925714285714285	0.0	0.0	28.660000000000004	0.0	9.967436918990703	0.0	21.095379644588046	10.558152840212506	2.0046258212702317	0.0	6.52966583095786	5.336606704923967	7.1447464983231415	4.483971519780716	16.007588591184096	5.48725386073218	22.57315068493151	11.130372438297064	3.118418007650723	0.0	24.434285714285718	22.985316455696204	22.784060150375943	7.714427510746385	16.838552971576227	14.88	18.523466666666668	9.938659269533057	0.0	23.86762645914397	24.23905376344086	9.45603567085529	12.787762384550796	17.071578947368423	27.18	6.527735464127848	17.36859813084112	9.03590416646781
21.787384615384617	0.0	26.96181818181818	23.522133333333333	32.46	25.08	21.76099406201892	24.860195750775844	11.55727879562562	24.36196721311476	36.8464	25.824827586206897	42.38	25.2452927756654	21.360000000000003	21.08	31.72000000000001	40.306666666666665	0.0	21.99849765258216	23.707555555555555	13.274920634920631	25.478541666666665	19.19368894338852	0.0	36.85230769230769	29.86171428571428	21.429303229852614	24.494582132564844	21.29763332035812	0.0	34.17371428571429	22.50268907563025	23.508731466227346	4.89344016397261	19.29904761904762	15.97331874023882	8.191989966555184	0.0	6.52966583095786	0.0	9.033254890343366	9.0084450376585	3.931523424058205	20.215136690647483	8.828698884758364	29.38133333333333	7.472997635656644	12.401116279069768	13.38	16.986246627651187	23.81906099166301	19.61059749753972	8.649017341040462	11.153312945973497	12.392745098039216	12.263232255542526	7.922801261829653	24.207272727272727	19.270363785468263	22.33444322424775	6.3376732994570295	12.341463689852503	6.506038935744246	0.0	19.722375	12.135662968832545	11.493958333333332
27.57454545454545	32.4	34.263030303030305	26.20086105675147	37.8	26.497992177314217	25.640822320117472	27.42892007321538	15.002493506493508	27.59092636579573	42.85714285714285	28.347169811320757	0.0	29.859481865284977	0.0	25.23736526946108	36.57333333333334	0.0	0.0	25.08346368715084	28.590697674418607	18.33777777777778	31.235200000000003	22.62263758486205	0.0	43.90666666666667	35.55692307692308	25.414567619047624	28.813194444444445	26.999222999223	0.0	39.248000000000005	27.59587628865979	28.336315789473684	8.697827540106953	25.020000000000003	20.91368409052044	17.80543674108892	2.376971369437737	5.336606704923967	9.033254890343366	0.0	12.3045555085514	10.784304477847892	13.90510683760684	14.10967368664661	20.210285714285718	4.055822708295262	8.675104477611942	22.8	24.06405433646813	28.248669527897	26.37891792418108	16.540214194953712	17.1025	17.382608695652173	17.65802374893978	13.22638550959719	27.840000000000003	24.98697039013852	27.059144542772863	12.986296743063937	5.336734442390634	14.300993150684931	19.0	6.991860095389508	16.91464566929134	5.536802865329514
