1.0	0.4275993628832904	-0.6265333879844229	0.5823598154742804	-0.7349058769371971	-0.1333772268433448	0.2667323593545581	-0.7647872327632067	0.7690916749267918	-0.438636494414998	-0.5460363572587181	0.464876969247074	-0.5426775116851442	0.8502983641774926	0.2094419584556767	-0.5539670241170324	0.4138565958656653	-0.3331370993938922	0.3478642349219047	0.7505763296201973	-0.5753690201289721	0.2187902473100595	-0.5788928779524427	0.3533371505957924	0.4422764458554019	-0.3021318801406685	-0.6021844083710641	-0.0842380599040961	0.7162359129188874	0.0504539366007997	0.5596462072727141	-0.1384873129069898	0.4929706565753364	0.6531306521472995	0.8287606824498289	0.0837234501928175	-0.6718293924948993	0.5769605295401462	-0.7374031930705749	-0.1458417266441525	0.3920817986304205	-0.7792608355223701	0.670462515720658	-0.232697198156126	-0.674015982090552	0.6300421721642813	-0.5080397723228944	0.3205455131863175	-0.0484291703584996	-0.0458278718967565	0.4392944802032157	-0.2032480785792321	0.5404112503093819	0.7082357379778944	-0.6071053952116484	0.2600035375018047	-0.5008361418688654	0.5574883399941497	0.2655516724821919	-0.3207445284469196	-0.6480023879762613	-0.4625420138090122	0.7850542721194446	0.0755005259389579	-0.2827773414541078	-0.6464837217281736	0.0456823934798105	0.6560496243710973
0.4275993628832904	1.0000000000000002	-0.229660234549383	0.6262962806180793	-0.2713820806121372	-0.3170932558038457	0.5188867395738527	-0.3924517403881969	0.6555649690029342	-0.3051293849324907	-0.3569178752079876	0.1959000303490667	-0.2798902537067382	0.4986547625325904	-0.0911598153786468	-0.1521828797061513	0.7099750486180724	-0.3556518516560664	0.6343060462543962	0.4892877121388855	-0.2414942998012116	0.717376628457898	-0.1473689145370175	0.6654139852388555	0.6534631987430604	0.2269198695325731	-0.1297387748724478	0.152319391769425	0.5731685975416114	0.4485693462075294	0.4594584273851376	-0.0766008737716437	0.4478171093739718	0.591100276305266	0.4673622505556544	0.7555532602227487	-0.2922170243129996	0.63460848555726	-0.304276813396328	-0.1028185654625713	0.5787828694675525	-0.318824653745455	0.7961723578203513	-0.1648998855515881	-0.398230398026009	0.235670085321438	-0.2719661619480895	0.1324079050353785	-0.3546075084048329	0.331303787695416	0.7031749158826777	-0.1232577915135302	0.6671432502103789	0.4688176807791375	-0.1951410103873652	0.7983045201284044	-0.0108524065863497	0.8189945824482775	0.6825440658105243	0.1844779211390296	-0.1646073484289167	-0.1215922582657054	0.5609401878863203	0.4568014337475657	0.0142179453541761	-0.1718191309652051	0.0789057750368451	0.4339249042984641
-0.6265333879844229	-0.229660234549383	1.0	-0.323492867570878	0.6413042348357096	0.1281552652326861	0.1891086082099475	0.7325728508912245	-0.4956834442782303	0.4958832512983934	0.6560197429160319	-0.3364656427606451	0.7918701676871787	-0.5867051795262495	-0.2377076089563176	0.913011114307612	-0.0041171803523004	0.4608344045947219	0.0452022834603651	-0.5212568623742161	0.9038027810854872	0.0736902837641328	0.94666454120787	0.0995977816090674	-0.0514784193760604	0.7768085905623806	0.9765137336262576	0.5972895827495867	-0.4355227447239321	0.3974666473751487	-0.1699580525360556	0.0071711602349286	-0.4071447243682271	-0.4303861564981865	-0.5557298672455047	0.1681304988696609	0.98330241582202	-0.2450750372695633	0.6843302579868193	0.3573005827246964	-0.0191866248131637	0.798478126379413	-0.4969862171993462	0.3890008240091566	0.6740725052395443	-0.504569693994921	0.723643755239422	0.0709364473245665	0.0170877601151321	0.4829645115588251	-0.0996823153814304	0.5320174811792904	-0.1580832486384519	-0.4658089115423091	0.8872970130921146	-0.0394387569225051	0.9314880122464696	-0.3084800328853718	0.1388806552032509	0.7510953642438162	0.9756515393994952	0.8574166601503557	-0.5448602498666081	0.3014187760369987	0.5548852245803034	0.5656582423273278	-0.1652393176165318	-0.5713580093343342
0.5823598154742804	0.6262962806180793	-0.323492867570878	1.0	-0.444599162752217	-0.037812186908653	0.6682499559071874	-0.4939554905983148	0.7111178847741753	-0.2306578577420679	-0.4752210834701112	0.5185148051608155	-0.3582032643745226	0.6893695164936247	0.0353798541691873	-0.1528955725269871	0.6458714310766813	-0.3877805142066685	0.6619404428879254	0.7979649738469563	-0.1914222254006486	0.6739574287024355	-0.2074573362882735	0.7903608802528715	0.6124382759566945	0.1477532996619243	-0.2537507302542061	0.4447827213655722	0.5700388691315452	0.5322017279733473	0.5341155494797384	-0.037250948966555	0.437875269884009	0.5893403995734631	0.5359967806145088	0.5785052082407116	-0.3367547633154533	0.931270736297112	-0.4881519997017847	0.0291909581392534	0.706524381661116	-0.4688812247932521	0.7304042926415194	0.0414087419627322	-0.5250950059292451	0.5658264263073105	-0.4010883958724249	0.1787312813361291	-0.2002196284379934	0.3451811479698231	0.6898618277738197	-0.2182875603864541	0.7353391093379272	0.7821425764636155	-0.1667990273076479	0.660194052439984	-0.0801847827885346	0.8274743207157305	0.428225886776486	0.165225989459224	-0.2977338964773434	0.0242596132219127	0.6239323299316573	0.5673973187845771	-0.1009611400111727	-0.2776000882593575	-0.1700514967358323	0.5155274436051688
-0.7349058769371971	-0.2713820806121372	0.6413042348357096	-0.444599162752217	1.0000000000000002	0.2865508166518442	-0.2494080131122954	0.9222088878256496	-0.6600603077291288	0.6844758039217304	0.6918375643641915	-0.2157031009855338	0.6604992488350752	-0.8020258094205184	-0.24632748297201	0.6668439839006446	-0.4127108038710326	0.446448079927185	-0.3556349356673938	-0.6425184308681119	0.6664545219784496	-0.1487692474234927	0.6002813773786307	-0.1058569819463423	-0.4762877192768891	0.3033319823350819	0.6471500892379779	0.1277714305853246	-0.5534705680697471	-0.0438911255351254	-0.2699522468326054	0.3415566869149923	-0.3739780958572244	-0.5856156653048725	-0.6872405313559464	-0.0732984912163511	0.6528703410872687	-0.3986572113936775	0.9187905043070946	0.2550279878933967	-0.4151179789763576	0.8899210715140106	-0.5760098409468265	0.524069847791199	0.7831684050792542	-0.4760899840692761	0.6419557515155495	-0.3078703129251544	0.0556048851943258	0.0440838419005552	-0.4875365497837977	0.2370938032004973	-0.5100093113613526	-0.5180947926845583	0.6833543532968914	-0.1420962053316674	0.5305258339062808	-0.3680759439056332	-0.2799337151320498	0.283722568917739	0.6829624959629242	0.4944828486394718	-0.7347178994493402	-0.1321093440792325	0.5320931920246992	0.8545435756330751	0.1309558484967082	-0.6757168601517273
-0.1333772268433448	-0.3170932558038457	0.1281552652326861	-0.037812186908653	0.2865508166518442	1.0	-0.2278930932152326	0.4501768606086578	-0.2490612528220921	0.7269760422084405	0.5002643794109616	0.4529779715728309	0.3293723033797966	-0.1641336065684225	0.4639143033614761	0.2392901905479965	-0.4281657915427034	0.4554922549078828	-0.3240639625777562	0.0331393025705205	0.2114124239397298	-0.1134177489665608	0.0764599717897102	-0.0621725435979116	-0.3400293601701167	-0.0669206137650119	0.0810179177907836	0.0849122132963313	-0.0719576289329425	-0.1794038511308208	0.013994528484839	0.2637098475323871	-0.1549638620953855	-0.0919730369996982	-0.1532792938969492	-0.2465076839560244	0.140179959431446	-0.0122968390678618	0.3165219268586234	0.7200821431066993	-0.3030688331670008	0.3881368837037849	-0.2577258911078607	0.7574027708227842	0.4922107971416687	0.370126399478741	0.312551496887136	0.2488430481143269	0.545389749080822	-0.1054539246179815	-0.4504015017639729	0.2567181986169568	-0.3693998706767953	0.1175105614586387	0.1532605678870221	-0.1914598535364609	0.0356422895724228	-0.1692106948806979	-0.2741407615415808	-0.0784784819651114	0.1068896620913658	0.1807761534865954	-0.1340929563826367	-0.1981900227712458	0.1969825050352338	0.2620634876477991	0.0605070828834162	-0.0707087563761764
0.2667323593545581	0.5188867395738527	0.1891086082099475	0.6682499559071874	-0.2494080131122954	-0.2278930932152326	1.0	-0.2490636211983299	0.4235956266266787	-0.2602210758741085	-0.2691726284038905	-0.0227107062981499	-0.0046149449281831	0.4256536947086261	-0.172544951479797	0.243343172179691	0.8456167149083779	-0.2780203080528719	0.8630088826861446	0.3757528452936273	0.2015069663193369	0.7885091410697597	0.2461156842934247	0.8038724507945185	0.685767067247501	0.6896414199653097	0.229494534752158	0.7704573812905818	0.3032477675181566	0.9315502156762347	0.4077423984794044	-0.2106952679873981	0.1538152040478124	0.3027987458671387	0.2433142593839521	0.7795811290939615	0.1671489714063271	0.6628667117545819	-0.2321194762324769	0.0539698556215256	0.9019393591662024	-0.1407872099781291	0.473866956376721	-0.1073999211179864	-0.314140966346871	0.0223980749729287	-0.0942983652241941	0.231045843308296	-0.3378471723288286	0.7363352611829354	0.8334922280034173	0.0388293598936289	0.7762777246676867	0.2918423878309106	0.2289494415461003	0.7392795882763343	0.3995756295763529	0.6635488579164103	0.6132776867642489	0.7188155385124693	0.1858995174215301	0.4678932028933318	0.3344606292705035	0.9192286698743504	0.104589672738646	-0.1242624495348927	-0.4575817624635293	0.129165350745051
-0.7647872327632067	-0.3924517403881969	0.7325728508912245	-0.4939554905983148	0.9222088878256496	0.4501768606086578	-0.2490636211983299	1.0	-0.7243742019605723	0.773078507373984	0.7937738311424192	-0.2019540040100668	0.7667039824321756	-0.8425585550834122	-0.1725856991926957	0.7339365031361057	-0.4611305108310194	0.5699537125531031	-0.3742947709738576	-0.6498777510192868	0.7523380797053983	-0.2200764458035908	0.678764046723244	-0.1579822320240628	-0.509635806776147	0.3569428006411717	0.7123495392354061	0.2247994648729742	-0.6267511632511862	-0.0337677447468847	-0.2992081048284305	0.2407440116351124	-0.4637446984912039	-0.6423426876257107	-0.7422956268168028	-0.1473170519986461	0.7484343969256317	-0.4323319305485877	0.9340888253344926	0.406888720872077	-0.4289066463741128	0.9629662370020572	-0.6855544655867128	0.6263652545232476	0.8787605580174376	-0.4477871377846387	0.7220543882033239	-0.2069496043485927	0.1776060237211342	0.0782910797337151	-0.5413067819952211	0.3566175454758331	-0.56964927166721	-0.5343317561661287	0.7484035046163656	-0.2487986396452051	0.5954556576907301	-0.4652678680545588	-0.2877401636058617	0.3405039042047271	0.7478877529587975	0.6095395592287663	-0.790774516010361	-0.1150821762239877	0.5408978340334796	0.7789817152239307	0.0520479880723979	-0.7223218497423253
0.7690916749267918	0.6555649690029342	-0.4956834442782303	0.7111178847741753	-0.6600603077291288	-0.2490612528220921	0.4235956266266787	-0.7243742019605723	0.9999999999999998	-0.4607115869478226	-0.5302313130429317	0.4662652750033353	-0.487265392254175	0.8121485508820421	0.1654483952338707	-0.4196270235934904	0.6016293064696334	-0.2966331693948903	0.5389978649136845	0.7866499979063419	-0.4566724331609453	0.4721312487489684	-0.4144196081703761	0.5610774680157836	0.6257849855545703	-0.0777606391329795	-0.4399008070070537	0.0526723982812736	0.7314551208062056	0.239847334573466	0.5611862536621405	-0.1474132806586413	0.6284596110075411	0.7444540683056303	0.8034219269185195	0.3493279394710354	-0.5415951247790572	0.710490811335758	-0.6933269013811338	-0.1359410857131419	0.5591966067590735	-0.7086323259188727	0.8739452325865542	-0.2359978602333126	-0.6346301635561196	0.5982840355312952	-0.4700804501418331	0.2638185856724447	-0.2037277609403974	0.1049510010757577	0.6177759352600951	-0.1055427655303934	0.7106672474922678	0.7401173702069906	-0.4573953846247128	0.5072319461371356	-0.2994032945039953	0.7372696629944756	0.519139481357216	-0.1197406488997971	-0.4784958234403003	-0.3268992132112658	0.8126973464280457	0.2612495466708344	-0.1660276199988112	-0.5164889117971199	0.0901066809499599	0.7087300330470868
-0.438636494414998	-0.3051293849324907	0.4958832512983934	-0.2306578577420679	0.6844758039217304	0.7269760422084405	-0.2602210758741085	0.773078507373984	-0.4607115869478226	1.0000000000000002	0.7880168222139895	0.3429404009183644	0.6832926391005598	-0.4487123299723355	0.2172934498597738	0.57941764749231	-0.4348038047127894	0.6471105990361102	-0.3433234773507969	-0.2389511787361779	0.5139652377450616	-0.1504662908636229	0.4295148371511199	-0.018090337475826	-0.3898378736019982	0.2229316292144598	0.4669961528515736	0.1919132610769522	-0.2051258215253238	-0.139370032336485	0.0374432057855856	0.3605857878912819	-0.2881089301495366	-0.2458984912901472	-0.3552893398610292	-0.1839865895295591	0.4868954410517783	-0.1737443347065443	0.6441622590746453	0.6927685636111124	-0.4445334383841496	0.7111216939901169	-0.4536203858936851	0.909666766941114	0.7871415812771623	0.1066434778398209	0.6684394844684229	0.1218043572189147	0.4186751648086924	0.0726324344725565	-0.516357293401815	0.4670963927483076	-0.4487863367421855	-0.0873686267212859	0.4629967646593735	-0.2357136936660263	0.3880023617114327	-0.3062761211823897	-0.1916148720226133	0.1786785181599961	0.4900765997649597	0.4077776885347426	-0.3974494456158299	-0.2339287398838784	0.5735987088107202	0.6204673462198428	0.1985004466615301	-0.3371804079472789
-0.5460363572587181	-0.3569178752079876	0.6560197429160319	-0.4752210834701112	0.6918375643641915	0.5002643794109616	-0.2691726284038905	0.7937738311424192	-0.5302313130429317	0.7880168222139895	1.0	0.0079393566212232	0.8740687597507238	-0.5832418483734206	0.1456101496595505	0.6573741469731362	-0.4188574775621762	0.8158976513928896	-0.3629125774652459	-0.4907464708845247	0.6038843142648582	-0.2204880866591266	0.5899139582574093	-0.187432055528415	-0.3437364944062986	0.3329864792662314	0.6223056421532233	0.17481569080822	-0.2889745168478215	-0.101972052967968	-0.0407415845635371	0.216826849678407	-0.3473274577808838	-0.338738844566125	-0.4023298637751875	-0.2022667170948575	0.6417951201907316	-0.3948300357941616	0.6854160056228668	0.6163190758928384	-0.4667565399405417	0.7792532777692168	-0.5344360947244143	0.6508084817662121	0.9319833794930285	-0.1819746189266611	0.8467002726183822	0.143835370870656	0.3527894079862019	0.1390467187232328	-0.5314252166506919	0.679637359745263	-0.4909341969316491	-0.3798553549087078	0.5616885248342267	-0.2809605132225355	0.5224025202015	-0.4459811629355748	-0.0780913175093714	0.2651061724272021	0.6453237867432186	0.4583902622397752	-0.4798178381136374	-0.1983214721674148	0.6991254961250075	0.6590854633832962	0.1833149846428414	-0.4206555460300671
0.464876969247074	0.1959000303490667	-0.3364656427606451	0.5185148051608155	-0.2157031009855338	0.4529779715728309	-0.0227107062981499	-0.2019540040100668	0.4662652750033353	0.3429404009183644	0.0079393566212232	1.0	-0.1222656351186732	0.4965177071201387	0.5136169514768165	-0.1460791303512256	-0.0118890000523443	0.1724676906723746	0.0210365683302027	0.6801937851833798	-0.2491191083049834	0.1449236816936086	-0.3144702896729263	0.3496354439324635	0.0943708151882704	-0.2141395383749484	-0.3203804266117906	0.0138325450709609	0.5755665126398344	-0.1298851772601592	0.4755140368049374	0.2014905997204411	0.323644805124441	0.5439016772666783	0.5440182482580175	-0.0417493372409714	-0.3695863583598126	0.5556239161463337	-0.2929465889276137	0.3987594245211669	-0.0073478892157937	-0.278537987299924	0.3902018210201975	0.5082333887258198	-0.0847700663951464	0.9198660462871574	-0.0856297459823267	0.3313375261109026	0.3796045055884274	-0.0279491526850282	-0.0004843278239121	0.1236189087453639	0.1219013009846472	0.7824007367288758	-0.3094280660774109	0.0959530453733123	-0.2713791098207339	0.3577324761890643	0.0767937177008093	-0.2619411163658198	-0.3397387230384087	-0.2083523129624357	0.5187994125056592	-0.1588352010344716	0.0940940165930287	-0.1426924258167518	0.3116064631374178	0.521586969274017
-0.5426775116851442	-0.2798902537067382	0.7918701676871787	-0.3582032643745226	0.6604992488350752	0.3293723033797966	-0.0046149449281831	0.7667039824321756	-0.487265392254175	0.6832926391005598	0.8740687597507238	-0.1222656351186732	1.0	-0.5631568404904729	-0.0278814972619583	0.8051461889081832	-0.1982273329018999	0.6740942810372246	-0.1332762094535705	-0.5041039164457916	0.7423968896695406	-0.0556867519049677	0.7428499859344587	-0.0123373651302214	-0.1470294680921403	0.5595471728648063	0.7691242582753204	0.4267000078049333	-0.3468659215475155	0.1686410048915368	0.0578366852018574	0.0864547253495004	-0.4557075192769717	-0.4111055400899444	-0.462718406342198	-0.0276075520345463	0.7684508091294447	-0.2749872252098866	0.674638229867987	0.5278355220494373	-0.2717836798634896	0.7932884009021706	-0.516513969040225	0.556999457639949	0.8229688291447466	-0.3251373332455138	0.920134205110342	0.1617948432962063	0.160200737351737	0.4038853968262879	-0.3412412928059238	0.6291259306934052	-0.326171522538993	-0.4285570130837953	0.7017059582222819	-0.1218867095488562	0.7090641525124977	-0.3454969887713414	0.0458623213538059	0.510593812080038	0.7705635245186558	0.6385617975690168	-0.5127753389181555	0.0381501132621096	0.7678730591880187	0.6510374174969064	-0.0983294596393719	-0.5493727261020113
0.8502983641774926	0.4986547625325904	-0.5867051795262495	0.6893695164936247	-0.8020258094205184	-0.1641336065684225	0.4256536947086261	-0.8425585550834122	0.8121485508820421	-0.4487123299723355	-0.5832418483734206	0.4965177071201387	-0.5631568404904729	1.0	0.357728039583532	-0.5260763266079591	0.5750259298522052	-0.3729252183759764	0.5161699965715304	0.8014216517975327	-0.5987252922134653	0.4387055857310996	-0.535340971385296	0.4523534451260939	0.6199388013100208	-0.1433175994674553	-0.5516890346125254	0.0201862288240757	0.8342228989257101	0.2055295493058866	0.5810030671306006	-0.0431687068096539	0.5308232747464082	0.8013194222380466	0.8751295698762388	0.2972573163209435	-0.6224307847963524	0.674240104294945	-0.8516968013530629	-0.0377203041547985	0.526913018021076	-0.8295611462885069	0.7768438101209585	-0.2736318733406109	-0.7087360188311653	0.6771440415641747	-0.5278101314925557	0.4690016296403925	-0.0609323429217305	0.1156398499679058	0.5958038626186128	-0.1089392041910363	0.6785668487811622	0.7330620080783157	-0.6124142856555304	0.3936938120544339	-0.4153758059706285	0.625207926688223	0.4340719461785212	-0.1485647854829501	-0.5976774422771058	-0.4201321942883276	0.9271608960562946	0.2357781915416102	-0.2613369222799478	-0.6105419502729236	-0.0071670684064309	0.7986048145190532
0.2094419584556767	-0.0911598153786468	-0.2377076089563176	0.0353798541691873	-0.24632748297201	0.4639143033614761	-0.172544951479797	-0.1725856991926957	0.1654483952338707	0.2172934498597738	0.1456101496595505	0.5136169514768165	-0.0278814972619583	0.357728039583532	1.0	-0.2182771417152497	-0.1934273578209797	0.288318887607066	-0.1754157108483227	0.2657645937582915	-0.2974170672737874	-0.0181343821118498	-0.2920817995544684	-0.110415064242004	-0.0279001834248596	-0.2322825676160061	-0.2832941979259899	-0.1980666197476952	0.3691515166880878	-0.2679207007495063	0.1446754876459743	0.0954088292049636	0.1368701666974669	0.3365415019521033	0.3473753534073508	-0.1975770345621957	-0.2498051833432661	0.0625724363517395	-0.308408388135444	0.4655469603022327	-0.1390536883817053	-0.2172006041465856	0.1337115800952025	0.2345702150269486	0.0826695629737899	0.562534646771084	-0.0037265266108309	0.4817080926665368	0.4765269945234535	-0.1594351201671249	-0.1970211883166624	0.2910365180578192	-0.0846844559192676	0.2906460332906334	-0.341548219913418	-0.1532464279959705	-0.2960895089812196	-0.0120870577161556	0.0171501936255453	-0.2686323120279748	-0.2762460036133239	-0.2666525675671806	0.4066800705049089	-0.2585720206915823	-0.0229843309238685	-0.1478144467233491	0.2115253762984992	0.4145295346696705
-0.5539670241170324	-0.1521828797061513	0.913011114307612	-0.1528955725269871	0.6668439839006446	0.2392901905479965	0.243343172179691	0.7339365031361057	-0.4196270235934904	0.57941764749231	0.6573741469731362	-0.1460791303512256	0.8051461889081832	-0.5260763266079591	-0.2182771417152497	1.0	0.0114820544789753	0.4605546429426888	0.059940879997689	-0.3947638770850896	0.9057061885276392	0.1727152765993874	0.8829395191566599	0.2431364892973777	-0.020662218807444	0.7489711421265289	0.9165761885369772	0.6473693723316533	-0.3484203783169929	0.4458328745519072	-0.0533002965303805	0.075892207850984	-0.3753170934499896	-0.3605062740511922	-0.4823764043181272	0.2123892479853207	0.9034435914025148	-0.071379513340483	0.6878998907690448	0.4222943157243218	0.0197357942692078	0.7845680331417967	-0.4146076325984939	0.5197517300543139	0.6652594689814075	-0.3480701865293291	0.7292067881556055	0.0340776708550146	0.0384315845630805	0.5616679862196936	-0.083241584778645	0.5022073975761556	-0.1200944251668445	-0.3294221336791934	0.8743629258672494	0.0857716520200382	0.9017191640795088	-0.1770560595766162	0.1346854918864087	0.7230182540956321	0.91518847395078	0.8553700042678396	-0.4984510194627823	0.3440365337109146	0.618241507138348	0.6206579645542866	-0.1523478356580353	-0.520471842205518
0.4138565958656653	0.7099750486180724	-0.0041171803523004	0.6458714310766813	-0.4127108038710326	-0.4281657915427034	0.8456167149083779	-0.4611305108310194	0.6016293064696334	-0.4348038047127894	-0.4188574775621762	-0.0118890000523443	-0.1982273329018999	0.5750259298522052	-0.1934273578209797	0.0114820544789753	1.0	-0.4256573651247331	0.9253970298794212	0.4511196269877754	-0.0477604049439937	0.7631141730869793	0.0721294186453387	0.7251710556353629	0.8220874268241928	0.52543638138743	0.0693058419641343	0.4922302548126489	0.5052990725260325	0.7686996697125895	0.4905152521154814	-0.1962751491278309	0.3094297783706892	0.5191531966298444	0.4336481828354427	0.7883729782818819	-0.0576354392439587	0.6424428054513739	-0.3978733124710161	-0.0675782872067019	0.8168878534953511	-0.3339101617495374	0.6441762120248513	-0.3120881164177363	-0.4936689579963682	0.0683388099260274	-0.2068154187422477	0.2940060603130608	-0.4463727755483858	0.6018909802630968	0.9182989947554676	-0.0157458706006998	0.8643427848994144	0.3592057256169301	-0.0221818180947864	0.7519987920292782	0.2314343758105113	0.6974812468268153	0.7238565156220869	0.5259719642163914	0.0141752033849141	0.1460882305249572	0.5334004732117525	0.7597024470625013	0.0547839825851469	-0.2533794958867567	-0.3212703900453885	0.3385423164923238
-0.3331370993938922	-0.3556518516560664	0.4608344045947219	-0.3877805142066685	0.446448079927185	0.4554922549078828	-0.2780203080528719	0.5699537125531031	-0.2966331693948903	0.6471105990361102	0.8158976513928896	0.1724676906723746	0.6740942810372246	-0.3729252183759764	0.288318887607066	0.4605546429426888	-0.4256573651247331	1.0	-0.3817708532597282	-0.2884989092082219	0.4258764322706967	-0.3322386237686129	0.3999725509825764	-0.1971632157294785	-0.3327635472482128	0.1780154940530876	0.4162843425249763	0.1094689579459271	-0.116331285534606	-0.1800966183451957	-0.0352119762605341	0.1663731857341813	-0.0802507125869419	-0.1357911008502129	-0.1424485358599735	-0.3359940986994469	0.4512463744807214	-0.2857770361904487	0.432599463538473	0.526578154357244	-0.402100332703749	0.51074208972638	-0.4104897063596355	0.561029878781557	0.7478239883904708	0.056260074408975	0.6241418715512496	0.1177505359223441	0.3328305217497815	0.0283297996602708	-0.5001827542417437	0.7375815219729248	-0.3790855896745436	-0.1715102687783491	0.3563708696395259	-0.3643292253941411	0.3378731774613258	-0.3789004992648899	-0.0898396378849577	0.0905148120508364	0.4420658465155393	0.3241878479434719	-0.2815698630783513	-0.2787598948517706	0.5005182461465205	0.4336223731815597	0.3410098040251647	-0.1898068061908301
0.3478642349219047	0.6343060462543962	0.0452022834603651	0.6619404428879254	-0.3556349356673938	-0.3240639625777562	0.8630088826861446	-0.3742947709738576	0.5389978649136845	-0.3433234773507969	-0.3629125774652459	0.0210365683302027	-0.1332762094535705	0.5161699965715304	-0.1754157108483227	0.059940879997689	0.9253970298794212	-0.3817708532597282	1.0	0.4134187278881335	0.039191027097506	0.7491821488918153	0.1161351869193133	0.726173542288	0.7264137609013557	0.556931647382453	0.1043103323637765	0.5747098830844642	0.407990207577258	0.7941825054204101	0.5081939056569522	-0.186870358762825	0.2459710152020472	0.4194947213935344	0.35514306629848	0.7667321399860685	-0.0028827356143078	0.6526790513070416	-0.3365570336107286	0.0019715007423484	0.798285343392121	-0.2735192765908797	0.559707321607449	-0.1991957803532262	-0.4274056277325865	0.0715986869771145	-0.1721917537671634	0.2637534708352896	-0.390078165313471	0.5776821581208519	0.8728204297145712	-0.0369060318496645	0.840912852354994	0.3453351464083135	0.0597029555636455	0.7122383805007689	0.2557502417358282	0.6598269117403445	0.6867054150502921	0.5694042218927581	0.0530879987065247	0.2370455282752334	0.4714859870486671	0.7785383706911779	0.0772581430423893	-0.2054792139811093	-0.3895457338549955	0.2766513370316956
0.7505763296201973	0.4892877121388855	-0.5212568623742161	0.7979649738469563	-0.6425184308681119	0.0331393025705205	0.3757528452936273	-0.6498777510192868	0.7866499979063419	-0.2389511787361779	-0.4907464708845247	0.6801937851833798	-0.5041039164457916	0.8014216517975327	0.2657645937582915	-0.3947638770850896	0.4511196269877754	-0.2884989092082219	0.4134187278881335	0.9999999999999998	-0.4687151244072373	0.3985378389239178	-0.46833259167964	0.5345065968117065	0.5100351662663858	-0.1321087731649256	-0.5008865589666351	0.1165211240296093	0.737625957628377	0.1825739340238777	0.5199509080471154	-0.0442047801233855	0.544195661573175	0.748890820105586	0.7539878899562937	0.2850186211225908	-0.5388002614091284	0.7817209817717357	-0.6576371594415744	0.0775186446654186	0.4927491572761583	-0.6443219240974045	0.7410959059117483	-0.0090278916518704	-0.5915604944697825	0.7953762540737664	-0.478546220083035	0.3354779415026309	0.020851995741542	0.132686080578164	0.5285524612682767	-0.1247778846068765	0.5779932473554222	0.9485253601839596	-0.482292333426948	0.385373695443404	-0.3472654620946771	0.6639911123540432	0.3707943424285445	-0.1319843284517252	-0.5262655396712514	-0.282878778920388	0.7821090828334327	0.228269686942995	-0.2306119744805188	-0.5429773651557049	0.0590335895818603	0.7217215392989629
-0.5753690201289721	-0.2414942998012116	0.9038027810854872	-0.1914222254006486	0.6664545219784496	0.2114124239397298	0.2015069663193369	0.7523380797053983	-0.4566724331609453	0.5139652377450616	0.6038843142648582	-0.2491191083049834	0.7423968896695406	-0.5987252922134653	-0.2974170672737874	0.9057061885276392	-0.0477604049439937	0.4258764322706967	0.039191027097506	-0.4687151244072373	1.0	0.0562973716462282	0.9292963828589774	0.1836363764411116	-0.1215645698132412	0.6857798655819441	0.913626381528816	0.6670659939340907	-0.4976531038173334	0.4125839501476088	-0.1445478853623252	0.010554378690114	-0.3868465201192698	-0.4777369500278905	-0.5751402581970447	0.122222646343802	0.9162626943859166	-0.1157474009980126	0.7052046401460249	0.314008400958036	0.0098401654691147	0.7802942313415745	-0.4970814175149207	0.4828484645504824	0.6520579371589035	-0.4389007914425477	0.6472429682619324	-0.0900756233745963	-0.0115704202833524	0.404111738868417	-0.1077365028381156	0.421265528993203	-0.1317683686264342	-0.4020329821851947	0.9759075412029472	-0.0285862811380632	0.8911507430109828	-0.238323656908172	0.0584854731580544	0.6837568658550941	0.911771203016984	0.8990342838204279	-0.5942230079429333	0.3476769041085978	0.5206525074252125	0.6017540127747044	-0.2000494265842778	-0.5920666085141635
0.2187902473100595	0.717376628457898	0.0736902837641328	0.6739574287024355	-0.1487692474234927	-0.1134177489665608	0.7885091410697597	-0.2200764458035908	0.4721312487489684	-0.1504662908636229	-0.2204880866591266	0.1449236816936086	-0.0556867519049677	0.4387055857310996	-0.0181343821118498	0.1727152765993874	0.7631141730869793	-0.3322386237686129	0.7491821488918153	0.3985378389239178	0.0562973716462282	1.0	0.1283546495595066	0.8122343944383698	0.6624471255637276	0.5544613681109244	0.1530980220149622	0.5266277185557983	0.4183237491250752	0.7678237075226645	0.4327527452098451	-0.0798461679171432	0.1981420921898603	0.4090650211888203	0.285338941269474	0.8859001681804516	0.0329507990480072	0.665339532778882	-0.1793659913912494	0.1482725668560282	0.746126095719292	-0.1116101683970485	0.6260702006791355	0.0056638652016113	-0.2480709715215988	0.1427969329506004	-0.1162139578805564	0.3018105121062568	-0.2715868344157265	0.6137825519890626	0.7326019418208204	-0.017498174993935	0.6627878663079042	0.3403898828060562	0.1057134176008522	0.9159850885131358	0.2896690467175832	0.7713073653899298	0.6391766432180853	0.5576545101141581	0.1185482590600709	0.2648046452442577	0.439823902576696	0.7692904296342862	0.1365064528366071	-0.021764742588973	-0.2269583361637621	0.2511614970759763
-0.5788928779524427	-0.1473689145370175	0.94666454120787	-0.2074573362882735	0.6002813773786307	0.0764599717897102	0.2461156842934247	0.678764046723244	-0.4144196081703761	0.4295148371511199	0.5899139582574093	-0.3144702896729263	0.7428499859344587	-0.535340971385296	-0.2920817995544684	0.8829395191566599	0.0721294186453387	0.3999725509825764	0.1161351869193133	-0.46833259167964	0.9292963828589774	0.1283546495595066	1.0	0.1826596252852564	0.0224068908093939	0.7716766077688564	0.9667480405615074	0.6654125526689554	-0.4068798311221944	0.457900848377102	-0.1258924239573443	-0.0090987345481863	-0.3487441466419751	-0.3785284692539375	-0.52600050080926	0.2222718713990925	0.9418017158072508	-0.1420898370619497	0.6449750476611762	0.3083418514695915	0.0485844678981606	0.7466640066099886	-0.4073223674380067	0.3553738298301115	0.6149649864294482	-0.4853689550353516	0.6642093968355797	0.0339332996504599	-0.0438596645387492	0.525275675383212	-0.0090276649716215	0.487939462606265	-0.0695318689657977	-0.4102076326822593	0.9258579572571366	0.0291041245499137	0.9600702064453372	-0.1977417187551942	0.1719538322310664	0.7470091725721095	0.9482963632508888	0.8731318885858101	-0.5145383364448798	0.3713533087737776	0.5524386909454885	0.5631902412517739	-0.1772939689877878	-0.5192770520401921
0.3533371505957924	0.6654139852388555	0.0995977816090674	0.7903608802528715	-0.1058569819463423	-0.0621725435979116	0.8038724507945185	-0.1579822320240628	0.5610774680157836	-0.018090337475826	-0.187432055528415	0.3496354439324635	-0.0123373651302214	0.4523534451260939	-0.110415064242004	0.2431364892973777	0.7251710556353629	-0.1971632157294785	0.726173542288	0.5345065968117065	0.1836363764411116	0.8122343944383698	0.1826596252852564	1.0000000000000002	0.5960660093138233	0.5524488003380802	0.1824881393254418	0.6674828145899393	0.4339645937621932	0.7582428751085097	0.5355325689694483	-0.0404126407424935	0.2451244033203287	0.4142844595231352	0.352777144543563	0.759844607821772	0.0655031057795813	0.8232009232212556	-0.148477157692764	0.158412970210224	0.7723325297375327	-0.1010495100280169	0.6012938213681226	0.1827826180800082	-0.2206571613232925	0.2975560356557183	-0.0881147379384085	0.1930362442007832	-0.2592095201307334	0.6171603242739477	0.7097859166122883	0.0664900143789733	0.6902318897352924	0.5179367548881489	0.2102800372520499	0.7834386392950483	0.3352173323581701	0.8243699077194068	0.5969368917311009	0.5455291597267073	0.1429997013771609	0.378490357126734	0.3958657339871335	0.7427911994217999	0.2193206465030759	-0.007282063551055	-0.1551703516268361	0.2171311680433377
0.4422764458554019	0.6534631987430604	-0.0514784193760604	0.6124382759566945	-0.4762877192768891	-0.3400293601701167	0.685767067247501	-0.509635806776147	0.6257849855545703	-0.3898378736019982	-0.3437364944062986	0.0943708151882704	-0.1470294680921403	0.6199388013100208	-0.0279001834248596	-0.020662218807444	0.8220874268241928	-0.3327635472482128	0.7264137609013557	0.5100351662663858	-0.1215645698132412	0.6624471255637276	0.0224068908093939	0.5960660093138233	1.0	0.4170913512021055	0.0231858088139432	0.4007900088803907	0.651913856303365	0.6155089783259314	0.4481245755906715	-0.0732618507022042	0.3747845538586086	0.6566886056473678	0.5049104870204367	0.681523678229936	-0.093261564300702	0.6312788369508727	-0.4756715728196617	0.0167829390685287	0.6882552232001184	-0.3864191540911246	0.6773043320146642	-0.28439653809149	-0.4828822695362144	0.2083170138423865	-0.0952629346144086	0.48734935305736	-0.2326412313899992	0.5664589798131643	0.7894082083748568	0.0963859043439216	0.7652507350304104	0.4225417162366196	-0.1134689071714506	0.6275293976319825	0.1868090853412745	0.6061674723184133	0.7817539313385596	0.4082212460076541	-0.0336227802775869	0.0462095809987282	0.6448761316403183	0.5859116634202229	-0.0031736267247067	-0.3137617514178846	-0.210657847067381	0.5367361154582587
-0.3021318801406685	0.2269198695325731	0.7768085905623806	0.1477532996619243	0.3033319823350819	-0.0669206137650119	0.6896414199653097	0.3569428006411717	-0.0777606391329795	0.2229316292144598	0.3329864792662314	-0.2141395383749484	0.5595471728648063	-0.1433175994674553	-0.2322825676160061	0.7489711421265289	0.52543638138743	0.1780154940530876	0.556931647382453	-0.1321087731649256	0.6857798655819441	0.5544613681109244	0.7716766077688564	0.5524488003380802	0.4170913512021055	1.0	0.8003728022170592	0.8103971339908327	-0.0351050178321602	0.8078782558529398	0.1641971377407223	-0.0650260551125312	-0.1367582333695423	-0.0522612291902571	-0.197800181701238	0.6472014337250379	0.7510021943470346	0.209612272058646	0.3361106629521661	0.3367509116940788	0.4991991986797397	0.4764673342912237	-0.0267674245605118	0.2139867533151673	0.3040366434362818	-0.3119161725680915	0.4687181847252048	0.2271275426106422	-0.1884217778834703	0.8055272872748296	0.4466021200803396	0.450697815029309	0.3564002762891768	-0.1388924605930239	0.7000109689811994	0.4508524679152574	0.8728215643108251	0.1906088276443135	0.5361514169450778	0.9738779011021962	0.7790579274171241	0.8124702536286857	-0.1329269292491073	0.734026898238804	0.5103759928221171	0.3513608195571763	-0.286077786923463	-0.2540612402716377
-0.6021844083710641	-0.1297387748724478	0.9765137336262576	-0.2537507302542061	0.6471500892379779	0.0810179177907836	0.229494534752158	0.7123495392354061	-0.4399008070070537	0.4669961528515736	0.6223056421532233	-0.3203804266117906	0.7691242582753204	-0.5516890346125254	-0.2832941979259899	0.9165761885369772	0.0693058419641343	0.4162843425249763	0.1043103323637765	-0.5008865589666351	0.913626381528816	0.1530980220149622	0.9667480405615074	0.1824881393254418	0.0231858088139432	0.8003728022170592	1.0	0.6155020575865726	-0.385222700587857	0.4460550711031043	-0.1259668697608898	0.0436757351396187	-0.3618468731151582	-0.3772664018300927	-0.528183056144539	0.2526347874981637	0.9630479889057688	-0.1655423661058271	0.6751531395293782	0.3444065757340074	0.0299750414387268	0.7830970020113545	-0.4231542619506683	0.3716682755392012	0.647435817350087	-0.4990900937901874	0.7159589212854981	0.0626062522817908	-0.0287347005104484	0.5067983362027163	-0.0296866433873718	0.5250755505919259	-0.0915428556964451	-0.4424179858402041	0.906272584363514	0.0514972467009134	0.961469331068577	-0.2289257946416382	0.2099929845565737	0.7751223656779554	0.9895872933755536	0.8546246330625137	-0.5044936516766849	0.3515871384500019	0.5843548007588921	0.5868952546285456	-0.1431242159161576	-0.532050519301823
-0.0842380599040961	0.152319391769425	0.5972895827495867	0.4447827213655722	0.1277714305853246	0.0849122132963313	0.7704573812905818	0.2247994648729742	0.0526723982812736	0.1919132610769522	0.17481569080822	0.0138325450709609	0.4267000078049333	0.0201862288240757	-0.1980666197476952	0.6473693723316533	0.4922302548126489	0.1094689579459271	0.5747098830844642	0.1165211240296093	0.6670659939340907	0.5266277185557983	0.6654125526689554	0.6674828145899393	0.4007900088803907	0.8103971339908327	0.6155020575865726	1.0	-0.0293044978236709	0.8344774033729008	0.2452294265867258	-0.1306653064108637	-0.1074493567069888	-0.0130358304302582	-0.1036326379895258	0.5367552168682633	0.5943702747362797	0.4697287805115701	0.1718644159018196	0.2972821345859529	0.5894545613542403	0.2948690126178134	0.0389787655278601	0.3086160601758449	0.1480289201738804	-0.0545822880701414	0.3002758411564341	0.169131882207446	-0.1288532491327127	0.7572702227536023	0.4642976748692773	0.2821828562307165	0.4179200582456924	0.1106432494183573	0.6616883846123673	0.4154786872580566	0.7385835071099396	0.3322561979401386	0.4125158427669397	0.8280112567551013	0.5713157131792137	0.852618816440644	-0.0635073922319562	0.7869649595117427	0.3406963407443178	0.1968495192131954	-0.4331633798787132	-0.1776564386465327
0.7162359129188874	0.5731685975416114	-0.4355227447239321	0.5700388691315452	-0.5534705680697471	-0.0719576289329425	0.3032477675181566	-0.6267511632511862	0.7314551208062056	-0.2051258215253238	-0.2889745168478215	0.5755665126398344	-0.3468659215475155	0.8342228989257101	0.3691515166880878	-0.3484203783169929	0.5052990725260325	-0.116331285534606	0.407990207577258	0.737625957628377	-0.4976531038173334	0.4183237491250752	-0.4068798311221944	0.4339645937621932	0.651913856303365	-0.0351050178321602	-0.385222700587857	-0.0293044978236709	1.0000000000000002	0.1514669105001216	0.5822625400896881	0.1642991603163145	0.6195163431964908	0.9153659217031886	0.8682923438962088	0.3461874334564776	-0.485928502647323	0.6091150305846869	-0.6262893448431707	0.1645245837506221	0.3813358889961051	-0.5939742353585804	0.7478077042483028	-0.0882918179343844	-0.472118128860746	0.6797947334424028	-0.2488258859517347	0.5435325252720626	0.0724267334494805	0.192101228125223	0.504597163422752	0.1494015880338301	0.5781894534726157	0.7311269724826005	-0.5195514749000741	0.3963491362351994	-0.2603365722147159	0.5709574952681515	0.53373064676131	-0.0860201797237627	-0.4165143475402011	-0.3910947794725206	0.90432363469235	0.1304673890675701	-0.027085837218924	-0.3813330942413622	0.2980325543616423	0.8426634045586359
0.0504539366007997	0.4485693462075294	0.3974666473751487	0.5322017279733473	-0.0438911255351254	-0.1794038511308208	0.9315502156762347	-0.0337677447468847	0.239847334573466	-0.139370032336485	-0.101972052967968	-0.1298851772601592	0.1686410048915368	0.2055295493058866	-0.2679207007495063	0.4458328745519072	0.7686996697125895	-0.1800966183451957	0.7941825054204101	0.1825739340238777	0.4125839501476088	0.7678237075226645	0.457900848377102	0.7582428751085097	0.6155089783259314	0.8078782558529398	0.4460550711031043	0.8344774033729008	0.1514669105001216	1.0	0.273113331793002	-0.203967549780466	0.0239693764810865	0.1701677961109899	0.0533321806291751	0.795711660869031	0.3787554524738184	0.5433432438048095	-0.0153198509788631	0.1289358469325059	0.8231721732898962	0.0925248577980182	0.3136396634452712	-0.0167277466850538	-0.1337564155098907	-0.1353383142299504	0.0567307497072985	0.2010171810020261	-0.329715357614015	0.7864302672297853	0.75335233022413	0.121506256286183	0.6536616287555471	0.1114857681131982	0.4378304321642466	0.7252143305267226	0.5944280883034373	0.5491852904558341	0.5783303365927038	0.8334912767604661	0.4073710238518391	0.6334872146823557	0.1503106310160582	0.9443420926507176	0.2154669949009652	0.0402498923474467	-0.4459651197255354	-0.0203353180994027
