0.0	22.020000000000003	17.952074191359422	14.963818930041151	0.0	16.028350877192985	7.465456646138755	6.304661893396977	10.594077230359522	14.496805599745468	23.043106796116504	14.413333333333332	20.0	3.7529382964453375	0.0	14.853333333333332	18.90360068259385	27.841858585858585	21.44995708154506	14.362226086956522	13.582915330944749	12.517894736842106	16.552755565161014	13.072987234042554	0.0	24.46134742404228	25.84863849765258	12.9050325443787	3.3738781119812176	6.768353075302893	0.0	15.38	9.87913043478261	10.809173071011374	23.910000000000004	25.32	30.733333333333334	32.52	0.0	0.0	23.55	29.56	13.830000000000002	33.78	0.0	30.52	0.0	27.06705882352941	23.6	22.59636363636364	36.0	0.0	40.56	0.0	23.33054945054945	13.531034482758622	29.226666666666667	22.039556541019955	0.0	35.83636363636364	32.862	22.84815718157181	25.11031055900621	23.06022813688213	0.0	0.0	24.812	23.41090909090909
22.020000000000003	0.0	8.103830378866876	24.683076923076925	26.384000000000004	25.775	20.58923076923077	23.656484848484848	11.976532746285086	23.81185185185185	8.374876380852184	18.74192307692308	6.836882700591005	23.439310344827582	20.16438356164384	10.827184466019418	9.417102281311378	12.607142857142858	9.806666666666668	26.128000000000004	16.32266666666667	4.866888922841865	9.011522094926352	13.178418167580269	3.701528203401247	9.153231989424985	4.669020938810429	18.2	20.319607843137256	18.66246575342466	11.286349206349207	0.0	0.0	7.832397260273973	0.0	2.1499599002926195	10.53569721115538	0.0	0.0	0.0	26.360000000000003	27.96	27.48	0.0	14.806666666666668	0.0	17.07714285714286	30.640000000000004	0.0	20.108	11.296809954751131	17.4	11.91952380952381	0.0	25.062857142857144	2.1349618320610686	12.575903614457832	26.160000000000004	4.694117647058824	9.411004566210046	9.580696986168991	25.57333333333333	0.0	22.23	0.0	0.0	0.0	11.866666666666667
17.952074191359422	8.103830378866876	0.0	22.51226053639847	26.2	24.500939890710384	17.851558761616268	21.16857389681744	18.2	20.230206896551728	17.031211498973306	38.965	15.82103703703704	20.615029099623417	28.22	14.872	8.710099480326653	17.17704347826087	13.701755689735254	24.34555555555556	10.959435135135136	8.185132382892057	6.817327557315393	16.150637949836426	12.760000000000002	9.058276004289368	7.374806490872212	14.717349285751125	20.64536585365854	15.54534203589808	17.776	35.0	23.566976744186046	11.73893177387914	29.17925925925926	9.821222320637734	17.205571602105547	42.48	0.0	0.0	28.77641025641026	35.053333333333335	19.07111111111111	41.05333333333333	36.3	0.0	28.45913043478261	32.37511111111111	0.0	23.85434782608696	19.23170538243626	29.506666666666668	22.61811320754717	0.0	24.995590551181103	9.624550898203593	18.857918731417247	26.279181585677748	16.493333333333332	18.423496503496505	16.947675363514488	28.46763636363637	29.08198347107438	27.054104046242777	0.0	0.0	28.254285714285714	19.386111111111116
14.963818930041151	24.683076923076925	22.51226053639847	0.0	21.07	10.517495098604543	8.335685210312077	16.043510638297874	10.850642997710754	7.189318661288418	32.82137931034483	7.183866018621538	35.192	18.887199354318	14.36948875255624	14.420000000000002	29.647272727272725	34.49142857142858	32.965	2.815852508391729	18.622857142857143	17.602857142857143	19.56215053763441	4.992166795097342	22.32	29.297239057239057	26.030392156862742	3.12035640309058	17.574066903786413	14.70569105691057	0.0	28.096	16.332346957647495	16.32164556962025	28.073846153846155	0.0	33.64	26.806819613135406	0.0	31.998473282442752	25.4999375	31.80075471698113	14.207104959630913	30.303212526648537	45.720000000000006	26.263230769230766	46.8	32.37974025974027	25.62	0.0	43.120000000000005	0.0	0.0	27.180982318271123	27.76	0.0	34.276363636363634	23.12682870703294	0.0	41.46	35.672000000000004	28.17641980304869	32.01755102040816	26.648888888888887	0.0	0.0	29.57176470588235	30.151773049645392
0.0	26.384000000000004	26.2	21.07	0.0	4.089480473456659	18.136774193548387	3.7432779605703126	9.104113029827316	18.908775510204084	11.873432835820896	11.940059543499835	15.484000000000004	4.153782597469663	3.4059017403357466	0.0	30.640000000000004	15.52	0.0	18.599761904761905	26.880000000000003	19.64444444444445	24.266666666666666	15.15851851851852	0.0	18.485000000000003	27.9	21.02468085106383	4.70554110506818	0.0	18.12	3.6432969341445527	21.6	3.162839946500223	28.8	0.0	0.0	31.320000000000004	0.0	0.0	0.0	0.0	14.370526315789473	31.070000000000004	48.28	20.78	0.0	0.0	0.0	0.0	0.0	0.0	0.0	0.0	0.0	0.0	0.0	30.24	0.0	0.0	0.0	29.392000000000003	31.8	0.0	0.0	0.0	0.0	0.0
16.028350877192985	25.775	24.500939890710384	10.517495098604543	4.089480473456659	0.0	8.671747510024577	4.597959934113428	6.630497843982752	6.383816019553477	21.59811387900356	6.894082159582614	25.731186440677966	10.70652577798421	3.569801145716732	16.4	25.11883333333333	27.602	27.798677685950416	7.791214860726534	20.371973094170404	18.261333333333333	21.562472727272727	9.452733130169786	26.03272727272728	29.916628701594533	28.089574726609964	9.311578455790784	12.632776475790404	16.105285714285717	25.066666666666663	5.367309917911453	17.758938053097346	5.2989014354067	30.78	0.0	34.93333333333334	29.91067137809188	0.0	28.76	27.30933333333333	32.3	10.982032622333753	32.11917525773196	43.040000000000006	19.287433628318585	0.0	33.19454545454546	28.4	34.2	36.52	0.0	0.0	29.47882352941177	31.58	23.92	33.81	25.555369774919612	0.0	35.68	35.39300000000001	29.5223869801085	31.02787878787879	28.04117647058824	0.0	0.0	28.56	30.908571428571427
7.465456646138755	20.58923076923077	17.851558761616268	8.335685210312077	18.136774193548387	8.671747510024577	0.0	9.059190502748786	10.020182299323729	5.580784425640479	27.34568232662193	13.970140845070423	30.762692307692312	8.700365229948455	14.05811320754717	13.349268292682927	19.46360830860534	28.642761341222883	25.363894736842106	11.429365853658538	11.622584360308233	15.415164835164836	14.09592453319502	8.105453446191053	25.091428571428573	25.033554073733427	22.291248900615656	6.31896089137812	12.40248942686306	6.220751873656292	33.00363636363637	23.038400000000003	13.006121493742157	12.847391907422818	24.27402298850575	24.89846153846154	28.970081300813007	27.886557377049183	0.0	29.22068965517241	22.985017667844524	29.431111111111115	13.14016222479722	29.138201875344738	37.84	27.02628571428572	0.0	28.52232365145229	23.698823529411765	26.966451612903228	33.337931034482764	0.0	38.906666666666666	28.500380952380954	26.011130434782608	18.71673469387755	30.507056179775283	21.998032786885247	33.6	37.345263157894735	29.39913644214163	24.39972284309343	27.218762475049896	24.765235602094243	0.0	0.0	26.425882352941176	25.22743455497382
6.304661893396977	23.656484848484848	21.16857389681744	16.043510638297874	3.7432779605703126	4.597959934113428	9.059190502748786	0.0	12.20451127819549	9.534293167747506	19.510304371887106	12.369060761544691	20.64	3.729615386550858	4.754792537465593	0.0	21.615432010609	30.4733744966443	25.47302767920511	13.906170601366435	17.651981193417697	17.265151515151516	19.00473338064821	12.658860672614964	21.92869565217392	27.62679087045845	27.84163124641011	12.30311025886865	6.922854547414126	11.80217668794088	25.453333333333337	4.42247813172739	17.076738197424895	6.655806807536171	26.55398230088496	26.23555555555556	33.587142857142865	28.457181729834797	0.0	30.348965517241385	25.055935828877004	31.227272727272727	15.434391534391532	30.00257007874016	0.0	28.30958579881657	52.580000000000005	30.83206106870229	26.51058823529412	26.455238095238094	36.376666666666665	47.08	40.1	29.10456725755996	27.527027027027025	18.0	32.85875	24.054949733885277	0.0	38.5	34.42330827067669	26.42715527526845	29.19965457685665	26.41437652811736	0.0	0.0	28.823846153846155	27.779450171821303
10.594077230359522	11.976532746285086	18.2	10.850642997710754	9.104113029827316	6.630497843982752	10.020182299323729	12.20451127819549	0.0	12.021398574206092	27.213125	3.6696760034018263	22.31	13.44670842032011	3.8965922257108745	7.369964912280703	20.86059405940594	29.3	23.217391304347824	9.804938469234616	9.545431145431149	3.9916995843485754	17.802666666666667	5.224337299605669	17.791764705882354	22.95760683760684	15.014900606718296	10.105966285897924	10.886850238178226	8.662779262426511	0.0	22.81	10.860420594633792	12.488840970350406	13.034257425742576	14.4	20.72235294117647	16.293660377358492	0.0	17.89090909090909	12.436170212765958	18.66918918918919	2.352085517524926	17.594131674442718	28.98	9.224627606752732	0.0	16.881433691756275	10.914285714285716	10.31583038869258	21.648000000000003	0.0	27.32	16.3566265060241	11.948597122302155	2.130316875460575	15.17263157894737	9.972313413014607	0.0	28.76888888888889	24.9688	13.294944687956589	13.751294269156473	11.908661246612468	0.0	0.0	13.938767772511849	13.475517970401691
14.496805599745468	23.81185185185185	20.230206896551728	7.189318661288418	18.908775510204084	6.383816019553477	5.580784425640479	9.534293167747506	12.021398574206092	3.96	28.63534145050291	4.158363499705446	32.3233595800525	17.296824873429728	15.502733423545331	15.933333333333334	21.293976608187137	30.612149901380672	25.96771084337349	4.068480521573148	15.429361413043477	17.702857142857145	16.915240665766984	7.242566653402308	30.888000000000005	27.17763462506291	26.97154293092317	7.006217973830604	17.80331432446595	12.661119293078055	34.4248275862069	24.401296296296294	16.938008513225906	17.2966608371755	27.653	25.44	35.11	30.224630702927623	0.0	32.257201646090536	26.048474126492703	31.86875675675676	15.139032986895618	31.313769186468694	42.82000000000001	28.022317596566523	0.0	31.96219178082192	24.311111111111117	28.57428571428572	36.21	47.14	43.9	30.17254234885534	28.643428571428576	22.726666666666667	33.7312	24.07048175684387	33.8	42.96	34.13291666666667	29.07909067063041	31.32993548387097	26.69333333333333	0.0	0.0	29.51744680851064	29.811115459882583
23.043106796116504	8.374876380852184	17.031211498973306	32.82137931034483	11.873432835820896	21.59811387900356	27.34568232662193	19.510304371887106	27.213125	28.63534145050291	0.0	26.21314257028113	4.05931851056274	15.826649248856958	13.581689008042895	22.3525	9.410685920577617	3.3555411255411256	3.3532110532639168	29.174558107167712	21.508196721311474	16.728181818181817	18.72978922716628	28.86628571428572	4.147132018209408	5.3169279713675	6.70107963814326	30.470060606060606	14.179155963302753	20.14385093167702	5.3646332844953895	18.382	35.27	5.457579092670426	38.720000000000006	7.889483568075117	24.18	44.94666666666667	0.0	48.6	38.14666666666667	27.586666666666662	29.92888888888889	44.31555555555556	13.7753024	38.52	14.565733643050716	30.686666666666667	0.0	33.96727272727273	27.68	16.284930022573366	15.700705190989227	45.072	29.37333333333333	0.0	30.294545454545453	38.77098039215687	8.71626723223754	15.608173349534226	15.4087579679351	40.78947368421053	45.220000000000006	38.25333333333334	17.568247422680415	0.0	40.84	20.518644067796608
14.413333333333332	18.74192307692308	38.965	7.183866018621538	11.940059543499835	6.894082159582614	13.970140845070423	12.369060761544691	3.6696760034018263	4.158363499705446	26.21314257028113	0.0	29.29920754716981	16.59844018900771	4.541705571500721	0.0	0.0	29.114276827371697	29.06909090909091	3.1431465434804995	0.0	12.09835294117647	40.182857142857145	4.001717142017054	28.3	30.19620578778135	29.59643697478992	8.748986277113767	17.216258010515027	24.37	31.52867469879518	20.342027290448343	17.06745098039216	17.00908852028248	26.840000000000003	29.92	0.0	22.910541871921183	0.0	20.493333333333336	25.46	15.94	7.9501945977345345	24.23286713286713	0.0	13.239477124183006	34.6	20.95	14.27	0.0	0.0	0.0	37.540000000000006	19.828181818181815	0.0	0.0	0.0	16.994603174603174	0.0	37.69333333333334	39.79428571428572	23.032136752136758	25.840000000000003	24.160000000000004	0.0	0.0	0.0	26.173333333333336
20.0	6.836882700591005	15.82103703703704	35.192	15.484000000000004	25.731186440677966	30.762692307692312	20.64	22.31	32.3233595800525	4.05931851056274	29.29920754716981	0.0	18.300675024108006	17.316158192090395	20.97	17.166	6.536955918313396	7.438333333333334	32.35836065573771	32.06666666666667	14.9556135770235	20.77136842105263	26.627073170731705	3.5882869415138656	3.326936379055973	3.010342829550942	30.911384615384616	15.942222222222222	28.7	2.3843014825235365	22.666666666666664	40.56	8.101343675716253	0.0	7.228429752066115	55.0	46.24	0.0	31.973333333333336	42.040000000000006	34.0	35.24	47.93	11.55056734517107	38.32000000000001	14.052000963932846	27.008000000000003	0.0	32.74181818181818	34.05	15.5880012957564	14.00276781137878	43.32000000000001	0.0	25.088	45.6	41.36	6.266830584707646	14.398409776927044	14.70806536922764	44.016000000000005	44.78	42.68	17.82318181818182	0.0	46.2	18.72705882352941
3.7529382964453375	23.439310344827582	20.615029099623417	18.887199354318	4.153782597469663	10.70652577798421	8.700365229948455	3.729615386550858	13.44670842032011	17.296824873429728	15.826649248856958	16.59844018900771	18.300675024108006	0.0	5.573542797296011	23.520000000000003	21.74830812521984	27.26157709693621	24.975977614550544	18.558385441718777	16.73947681331748	16.17268292682927	18.817116190589424	16.441296758104738	18.481600000000004	26.695729346103494	27.09583202099738	16.647108256596766	4.748991329604441	11.563470599502011	20.85611111111111	4.920180878552972	24.190731707317077	6.9179796293204205	27.024	25.82	33.14	36.87714285714286	0.0	39.88	29.492631578947368	32.95333333333333	17.41137440758294	36.80942675159236	0.0	35.264	23.106666666666666	32.741960784313726	27.866666666666667	25.324444444444445	33.0	28.12	37.82000000000001	36.489375	24.931111111111115	15.517142857142858	29.4	25.917484397503603	21.92	37.0525	34.386980392156865	26.503318385650225	29.164758842443728	26.09369369369369	0.0	0.0	28.67818181818182	28.855808383233533
0.0	20.16438356164384	28.22	14.36948875255624	3.4059017403357466	3.569801145716732	14.05811320754717	4.754792537465593	3.8965922257108745	15.502733423545331	13.581689008042895	4.541705571500721	17.316158192090395	5.573542797296011	0.0	0.0	23.0	17.636756756756757	16.128888888888888	14.146914414414416	17.3	13.921910828025478	21.6	7.544867013724563	17.624000000000002	18.52972972972973	22.769265536723164	14.73937614678899	6.394213953488372	14.474285714285712	18.604444444444447	7.027297943567672	18.76727272727273	5.7017551050281785	0.0	0.0	0.0	22.17872832369942	0.0	22.448	26.532	0.0	8.061759603469643	23.95130434782609	0.0	14.062146892655369	20.226666666666667	30.860000000000003	15.68	25.96	0.0	0.0	27.040000000000003	22.06217391304348	29.160000000000004	18.520000000000003	29.56	21.730714285714285	0.0	0.0	30.2	25.198260869565217	28.405	27.33142857142857	0.0	0.0	0.0	0.0
14.853333333333332	10.827184466019418	14.872	14.420000000000002	0.0	16.4	13.349268292682927	0.0	7.369964912280703	15.933333333333334	22.3525	0.0	20.97	23.520000000000003	0.0	0.0	19.31791666666667	25.29263157894737	20.933157894736844	0.0	3.69487519057046	5.570874951942754	3.374780145744535	4.675602094240839	20.14	19.757538461538463	4.558236975222201	4.978216432865732	15.110270270270272	13.276930946291564	21.64	0.0	14.13777777777778	12.356831228473022	22.186938775510203	25.76	22.28696721311476	30.08	0.0	0.0	24.21806451612904	27.751578947368422	12.651764705882352	31.15	0.0	0.0	0.0	26.58	21.56	19.125223433242507	25.812800000000003	33.720000000000006	31.19764705882353	0.0	19.765889164598843	10.44794171220401	19.44115826158262	19.03604503181596	0.0	28.374827586206894	17.943709875030628	20.37174076057847	22.627897435897435	20.441939900220444	0.0	0.0	21.376326530612246	19.6321568627451
18.90360068259385	9.417102281311378	8.710099480326653	29.647272727272725	30.640000000000004	25.11883333333333	19.46360830860534	21.615432010609	20.86059405940594	21.293976608187137	9.410685920577617	0.0	17.166	21.74830812521984	23.0	19.31791666666667	0.0	10.759583190980528	4.571099264457791	36.42666666666666	9.809502156017247	13.220561403508771	6.969219953630993	23.722998171846434	8.445	9.280233384778366	11.739058011739132	17.206090351366424	16.029626108868904	12.344843018011463	17.560000000000002	33.4	20.199529411764708	6.085229011746955	0.0	12.095141242937853	18.81661516853933	0.0	0.0	0.0	33.973333333333336	37.77	21.8	39.1	15.580000000000002	0.0	29.28	39.334545454545456	0.0	25.470508474576278	20.5601179941003	22.76	20.77781737193764	0.0	27.00671140939598	15.552592592592594	25.067657142857144	28.31796610169492	17.04	17.83316914498141	19.3085454651366	29.82594594594595	32.488888888888894	28.772	0.0	0.0	0.0	19.507428571428573
27.841858585858585	12.607142857142858	17.17704347826087	34.49142857142858	15.52	27.602	28.642761341222883	30.4733744966443	29.3	30.612149901380672	3.3555411255411256	29.114276827371697	6.536955918313396	27.26157709693621	17.636756756756757	25.29263157894737	10.759583190980528	0.0	3.665638992377892	32.24834532374101	22.71962264150944	21.58048780487805	19.672789920287997	31.185	8.726542955326462	6.81489439086794	11.096954471120805	29.543461538461536	23.743949755757157	23.14009287925697	8.318536585365853	29.880000000000003	29.25230769230769	9.648182359952324	43.0	11.38839378238342	28.885	0.0	0.0	0.0	33.480000000000004	0.0	0.0	47.760000000000005	17.135614973262033	46.440000000000005	16.383143143143144	40.48	28.68	34.295	27.4	18.8893698630137	18.51467406380028	45.96	34.509090909090915	24.04	33.54518518518519	39.22571428571429	11.595079086115993	18.30265969368696	17.63584129742253	39.624	29.62	37.78	19.87368421052632	0.0	0.0	23.30926829268293
21.44995708154506	9.806666666666668	13.701755689735254	32.965	0.0	27.798677685950416	25.363894736842106	25.47302767920511	23.217391304347824	25.96771084337349	3.3532110532639168	29.06909090909091	7.438333333333334	24.975977614550544	16.128888888888888	20.933157894736844	4.571099264457791	3.665638992377892	0.0	30.590000000000003	16.939897435897436	16.154666666666667	15.49230440206737	27.743673469387755	7.6854635527247	7.887399968617606	10.583087980955764	26.850169491525428	18.45564320824841	15.903769161406672	9.879683377308709	0.0	23.075294117647054	6.535574909826691	35.984	9.555763052208835	23.001702127659577	0.0	0.0	29.973333333333336	34.028000000000006	36.32000000000001	0.0	44.84	16.546301369863013	43.190000000000005	18.21012048192771	31.26	28.8	28.975135135135133	20.78355140186916	19.03770234986945	18.582101252041376	41.792	27.935483870967744	17.6	27.467301587301584	35.3925	10.85857740585774	17.181674713180712	17.540508923431204	38.54666666666667	30.02	30.205	20.44	0.0	0.0	20.443377777777776
14.362226086956522	26.128000000000004	24.34555555555556	2.815852508391729	18.599761904761905	7.791214860726534	11.429365853658538	13.906170601366435	9.804938469234616	4.068480521573148	29.174558107167712	3.1431465434804995	32.35836065573771	18.558385441718777	14.146914414414416	0.0	36.42666666666666	32.24834532374101	30.590000000000003	0.0	20.324444444444445	17.98	23.19619047619048	4.2979007864488805	31.893333333333334	33.16478873239437	33.76898876404495	4.152310600094504	18.464491266980872	17.09777777777778	34.93920000000001	25.162857142857145	16.358189167340342	18.379061475947047	27.03	40.16	0.0	20.344511613108494	0.0	31.085517241379318	25.795454545454543	31.69230769230769	13.35495798319328	30.082708964533957	0.0	25.118823529411767	0.0	33.01904761904762	26.160000000000004	0.0	0.0	45.08	0.0	28.08139240506329	0.0	22.2	33.266666666666666	22.896851730894845	34.6	42.120000000000005	35.69428571428572	28.350461538461538	31.88235294117647	25.144	0.0	0.0	28.860000000000003	29.850731707317077
13.582915330944749	16.32266666666667	10.959435135135136	18.622857142857143	26.880000000000003	20.371973094170404	11.622584360308233	17.651981193417697	9.545431145431149	15.429361413043477	21.508196721311474	0.0	32.06666666666667	16.73947681331748	17.3	3.69487519057046	9.809502156017247	22.71962264150944	16.939897435897436	20.324444444444445	0.0	8.553343116573421	5.388709192129531	3.48959020254357	0.0	18.75645259938838	11.701168608636053	5.347803527944408	13.253399627097576	5.622490524865052	27.540000000000003	32.08	14.06820512820513	7.14793207845202	22.865	20.666666666666664	24.955461422087748	0.0	0.0	29.49333333333333	24.70686567164179	28.47225806451613	14.063694267515924	28.902222222222225	0.0	0.0	43.4	27.25549295774648	0.0	19.79554615769852	28.037798165137616	37.03076923076923	34.49846153846154	32.36	21.24582331198917	11.77133585722012	20.684162813888133	19.81195608335201	0.0	31.559560439560443	21.62914826498423	21.894864655839136	23.141194805194807	21.709698250359224	0.0	0.0	22.498860103626946	21.123963963963966
12.517894736842106	4.866888922841865	8.185132382892057	17.602857142857143	19.64444444444445	18.261333333333333	15.415164835164836	17.265151515151516	3.9916995843485754	17.702857142857145	16.728181818181817	12.09835294117647	14.9556135770235	16.17268292682927	13.921910828025478	5.570874951942754	13.220561403508771	21.58048780487805	16.154666666666667	17.98	8.553343116573421	0.0	8.937941997330421	5.672705129710061	11.541512195121951	18.431237553342815	7.492335825903557	9.033434969032871	10.390837343599616	8.808532666363499	21.12	0.0	10.0	8.751764705882353	17.461714285714287	3.2065573770491804	11.45191836734694	0.0	0.0	0.0	18.429473684210528	22.186666666666667	6.065806451612904	20.9	0.0	0.0	33.96	22.386666666666667	0.0	9.88033341948824	15.574117647058824	31.96	28.611428571428576	17.160000000000004	11.914141385635672	2.2608033895543063	11.46022942863446	11.289726944873776	0.0	21.374857142857145	9.263429628212489	15.536382978723406	17.50376811594203	12.867599841834718	0.0	0.0	15.478181818181818	12.10468085106383
16.552755565161014	9.011522094926352	6.817327557315393	19.56215053763441	24.266666666666666	21.562472727272727	14.09592453319502	19.00473338064821	17.802666666666667	16.915240665766984	18.72978922716628	40.182857142857145	20.77136842105263	18.817116190589424	21.6	3.374780145744535	6.969219953630993	19.672789920287997	15.49230440206737	23.19619047619048	5.388709192129531	8.937941997330421	0.0	10.465390163934426	17.56666666666667	13.97575207925899	11.218710358362056	8.666022699729163	15.652097140806315	9.609024796906596	21.108000000000004	31.880000000000003	18.47788079470199	8.42152168189853	29.237241379310348	11.488407643312105	18.120607966457023	39.760000000000005	0.0	0.0	29.003278688524592	33.87529411764706	16.579200000000004	34.19500000000001	32.5	0.0	34.055	31.83219512195122	0.0	19.24056278307796	21.119197994987463	32.86	29.584444444444443	31.520000000000003	20.762851396119267	11.874380907372402	20.561850786377494	19.972629377940407	0.0	27.668800000000005	18.54009605631393	24.555771670190275	26.51275862068966	21.40592557022809	33.8	0.0	24.75	20.571297709923662
13.072987234042554	13.178418167580269	16.150637949836426	4.992166795097342	15.15851851851852	9.452733130169786	8.105453446191053	12.658860672614964	5.224337299605669	7.242566653402308	28.86628571428572	4.001717142017054	26.627073170731705	16.441296758104738	7.544867013724563	4.675602094240839	23.722998171846434	31.185	27.743673469387755	4.2979007864488805	3.48959020254357	5.672705129710061	10.465390163934426	0.0	18.98137142857143	23.94127973446432	15.212952972536744	4.400503903576766	12.545154855143192	11.757892407689116	29.517142857142854	26.885714285714283	12.299306329113923	12.400102474653874	20.998815584415585	21.12	25.44935211267606	24.27333698630137	0.0	26.53100917431193	20.965980284775465	26.275115995115996	9.817929964803437	25.710656217101416	36.06363636363637	23.86084745762712	42.74666666666667	25.61899733806566	21.20721153846154	19.387531285551766	27.594	35.89052631578947	35.027368421052635	25.04068190061661	19.922505177698618	10.410471512770137	22.51418803418803	19.163617209908736	0.0	32.40676470588235	27.87706855791962	20.465462927587176	22.989625544267057	20.338914345470105	0.0	38.36	23.032063789868666	21.96766512639304
0.0	3.701528203401247	12.760000000000002	22.32	0.0	26.03272727272728	25.091428571428573	21.92869565217392	17.791764705882354	30.888000000000005	4.147132018209408	28.3	3.5882869415138656	18.481600000000004	17.624000000000002	20.14	8.445	8.726542955326462	7.6854635527247	31.893333333333334	0.0	11.541512195121951	17.56666666666667	18.98137142857143	0.0	6.568131359851989	4.257592077662325	22.05904761904762	15.96914285714286	22.933333333333337	7.07523955370816	15.16	0.0	4.317724322260405	0.0	3.1635985312117505	20.22	0.0	0.0	0.0	25.056	30.4	0.0	27.880000000000003	8.313218785796106	37.28	7.099595910418695	26.4	0.0	21.20800000000001	15.90666666666667	10.448022922636104	13.223619047619048	0.0	17.653333333333332	15.88	17.520000000000003	19.44177777777778	3.4372133526850512	10.741784615384615	9.17615882087532	19.948307692307694	23.013333333333332	19.45090909090909	11.774545454545455	0.0	0.0	15.678620689655173
24.46134742404228	9.153231989424985	9.058276004289368	29.297239057239057	18.485000000000003	29.916628701594533	25.033554073733427	27.62679087045845	22.95760683760684	27.17763462506291	5.3169279713675	30.19620578778135	3.326936379055973	26.695729346103494	18.52972972972973	19.757538461538463	9.280233384778366	6.81489439086794	7.887399968617606	33.16478873239437	18.75645259938838	18.431237553342815	13.97575207925899	23.94127973446432	6.568131359851989	0.0	7.603407107911876	24.506679894179893	22.12705412156536	20.386992294632364	4.829281469475959	30.453333333333337	29.109523809523807	9.482998993319304	35.4	9.107425837320571	16.23289083927592	0.0	0.0	36.13714285714286	33.999365079365084	32.36666666666667	31.933333333333337	49.84444444444445	16.371815561959657	44.09	15.685547755796645	32.68571428571429	27.896	30.481750000000005	17.9177050130397	18.13018292682927	17.760718843045517	44.55	30.929496402877703	24.769090909090917	29.155942028985503	35.26766917293234	9.844475402699176	16.680348518507834	16.395345113400545	38.99642857142858	32.694736842105264	30.12705882352941	19.695867768595043	29.226666666666667	37.52	20.23143529411765
25.84863849765258	4.669020938810429	7.374806490872212	26.030392156862742	27.9	28.089574726609964	22.291248900615656	27.84163124641011	15.014900606718296	26.97154293092317	6.70107963814326	29.59643697478992	3.010342829550942	27.09583202099738	22.769265536723164	4.558236975222201	11.739058011739132	11.096954471120805	10.583087980955764	33.76898876404495	11.701168608636053	7.492335825903557	11.218710358362056	15.212952972536744	4.257592077662325	7.603407107911876	0.0	16.187518074005485	24.744321689683183	21.60716809692075	4.105066162570889	36.85333333333334	31.07846153846154	10.571259135098895	30.344761904761903	8.419412511639718	15.969229458917834	42.693333333333335	0.0	34.85714285714286	31.380887372013653	34.15659574468085	28.326153846153847	35.5504	14.389721362229102	38.84400000000001	20.52528735632184	32.923870967741934	23.860000000000003	19.167569020278528	18.51015230421539	17.71643192488263	17.91344540407156	41.632	21.89127201565558	10.16046997389034	19.75304359232216	31.502268041237112	9.12526513726965	15.77938693504387	16.16844489549036	32.28	30.100512820512822	30.05671957671958	19.84	27.360000000000003	34.480000000000004	17.85771598808342
12.9050325443787	18.2	14.717349285751125	3.12035640309058	21.02468085106383	9.311578455790784	6.31896089137812	12.30311025886865	10.105966285897924	7.006217973830604	30.470060606060606	8.748986277113767	30.911384615384616	16.647108256596766	14.73937614678899	4.978216432865732	17.206090351366424	29.543461538461536	26.850169491525428	4.152310600094504	5.347803527944408	9.033434969032871	8.666022699729163	4.400503903576766	22.05904761904762	24.506679894179893	16.187518074005485	0.0	12.98919480864341	6.777265141847453	32.46	26.38352941176471	12.864810092961488	11.374132855213936	22.87442513863217	21.0	26.136273764258554	29.033678519442716	0.0	30.47648351648352	23.07201438848921	28.44584440227704	13.27738556643745	30.306278373841327	38.52166666666667	28.171482059282376	45.52	27.109219780219785	23.25040650406504	18.56165662264393	27.642553191489363	37.82857142857143	36.89333333333334	29.372186348862407	20.196366359447005	10.985989492119092	23.761806451612905	20.38636134087941	46.92	34.03247524752476	26.87369963369964	22.70895944864932	23.64479724324657	20.933098457302226	0.0	0.0	23.596009685230023	23.87370786516854
3.3738781119812176	20.319607843137256	20.64536585365854	17.574066903786413	4.70554110506818	12.632776475790404	12.40248942686306	6.922854547414126	10.886850238178226	17.80331432446595	14.179155963302753	17.216258010515027	15.942222222222222	4.748991329604441	6.394213953488372	15.110270270270272	16.029626108868904	23.743949755757157	18.45564320824841	18.464491266980872	13.253399627097576	10.390837343599616	15.652097140806315	12.545154855143192	15.96914285714286	22.12705412156536	24.744321689683183	12.98919480864341	0.0	4.9844181685753695	18.43619047619048	2.5856734947237743	2.9360302486346104	5.089708195551902	24.573146853146856	28.49	30.84417910447761	33.83305555555556	0.0	35.28	27.239716312056743	30.7145945945946	14.835378955114056	36.16443636363637	0.0	33.066086956521744	23.12	30.03056338028169	28.264000000000003	21.77814126394052	31.456	34.973333333333336	35.168000000000006	34.060731707317075	21.83188284518828	12.484830188679243	25.59311475409836	23.42499052432091	0.0	31.889122807017543	32.74875	23.962477482036228	26.62012674271229	22.911073954983923	0.0	0.0	26.639024390243907	25.32
6.768353075302893	18.66246575342466	15.54534203589808	14.70569105691057	0.0	16.105285714285717	6.220751873656292	11.80217668794088	8.662779262426511	12.661119293078055	20.14385093167702	24.37	28.7	11.563470599502011	14.474285714285712	13.276930946291564	12.344843018011463	23.14009287925697	15.903769161406672	17.09777777777778	5.622490524865052	8.808532666363499	9.609024796906596	11.757892407689116	22.933333333333337	20.386992294632364	21.60716809692075	6.777265141847453	4.9844181685753695	0.0	32.7	23.37333333333333	7.083648315529992	4.432590253875418	21.91443396226415	20.192	25.457423312883435	0.0	0.0	0.0	23.6024347826087	27.69038461538461	12.08712430426716	29.499259259259265	39.220000000000006	38.52	40.96	26.267304785894208	22.931428571428576	20.209552238805973	27.24235294117647	37.13818181818182	33.686400000000006	27.28	20.938645726962218	11.362250530785564	21.06519890677194	19.465709141828366	25.48	31.07099567099567	29.53142857142857	20.85640117994101	22.58473455178416	21.089482947149182	0.0	0.0	22.415022624434396	22.08254335260116
0.0	11.286349206349207	17.776	0.0	18.12	25.066666666666663	33.00363636363637	25.453333333333337	0.0	34.4248275862069	5.3646332844953895	31.52867469879518	2.3843014825235365	20.85611111111111	18.604444444444447	21.64	17.560000000000002	8.318536585365853	9.879683377308709	34.93920000000001	27.540000000000003	21.12	21.108000000000004	29.517142857142854	7.07523955370816	4.829281469475959	4.105066162570889	32.46	18.43619047619048	32.7	0.0	0.0	0.0	12.296481271282634	0.0	17.0	0.0	0.0	0.0	0.0	0.0	0.0	27.8	0.0	17.180392156862744	0.0	16.761320754716984	51.760000000000005	0.0	0.0	36.4	18.801217391304352	17.891657142857145	0.0	0.0	0.0	0.0	41.16	10.764255319148935	17.841013071895425	17.122143983184447	0.0	0.0	0.0	20.24	0.0	0.0	22.57
15.38	0.0	35.0	28.096	3.6432969341445527	5.367309917911453	23.038400000000003	4.42247813172739	22.81	24.401296296296294	18.382	20.342027290448343	22.666666666666664	4.920180878552972	7.027297943567672	0.0	33.4	29.880000000000003	0.0	25.162857142857145	32.08	0.0	31.880000000000003	26.885714285714283	15.16	30.453333333333337	36.85333333333334	26.38352941176471	2.5856734947237743	23.37333333333333	0.0	0.0	34.8	3.65965483234714	0.0	0.0	0.0	43.56	0.0	0.0	0.0	0.0	26.540000000000003	0.0	0.0	0.0	0.0	43.0	0.0	0.0	0.0	0.0	31.040000000000003	0.0	0.0	0.0	0.0	35.31333333333334	0.0	0.0	0.0	36.84571428571429	44.32000000000001	0.0	0.0	0.0	0.0	0.0
9.87913043478261	0.0	23.566976744186046	16.332346957647495	21.6	17.758938053097346	13.006121493742157	17.076738197424895	10.860420594633792	16.938008513225906	35.27	17.06745098039216	40.56	24.190731707317077	18.76727272727273	14.13777777777778	20.199529411764708	29.25230769230769	23.075294117647054	16.358189167340342	14.06820512820513	10.0	18.47788079470199	12.299306329113923	0.0	29.109523809523807	31.07846153846154	12.864810092961488	2.9360302486346104	7.083648315529992	0.0	34.8	0.0	3.508143041792331	24.27619047619048	0.0	32.34666666666667	30.76666666666667	0.0	30.8	25.448235294117648	28.97	14.075419847328243	32.06580645161291	0.0	32.620000000000005	0.0	29.237142857142857	0.0	22.153333333333336	0.0	0.0	0.0	29.46	21.9248	13.345454545454547	28.51333333333334	22.532207792207792	0.0	39.24	36.266666666666666	23.818877338877336	26.449142857142856	23.04529411764706	0.0	0.0	25.026666666666664	26.235000000000003
10.809173071011374	7.832397260273973	11.73893177387914	16.32164556962025	3.162839946500223	5.2989014354067	12.847391907422818	6.655806807536171	12.488840970350406	17.2966608371755	5.457579092670426	17.00908852028248	8.101343675716253	6.9179796293204205	5.7017551050281785	12.356831228473022	6.085229011746955	9.648182359952324	6.535574909826691	18.379061475947047	7.14793207845202	8.751764705882353	8.42152168189853	12.400102474653874	4.317724322260405	9.482998993319304	10.571259135098895	11.374132855213936	5.089708195551902	4.432590253875418	12.296481271282634	3.65965483234714	3.508143041792331	0.0	26.105945945945944	10.610632911392406	17.397380952380953	33.236266666666666	0.0	35.64	26.49495652173913	31.371428571428577	15.191965065502185	34.44041237113402	24.062857142857144	32.404	14.751864406779664	30.41538461538461	29.26	18.903440860215053	18.937704918032782	21.367272727272727	20.041621621621623	33.44906666666667	19.08143176733781	11.378095238095238	20.482882882882883	24.1074008097166	12.325581395348838	18.32519561815337	17.407516778523494	26.73850806451613	27.662413793103447	20.93894736842105	0.0	0.0	28.30857142857143	20.259512195121957
23.910000000000004	0.0	29.17925925925926	28.073846153846155	28.8	30.78	24.27402298850575	26.55398230088496	13.034257425742576	27.653	38.720000000000006	26.840000000000003	0.0	27.024	0.0	22.186938775510203	0.0	43.0	35.984	27.03	22.865	17.461714285714287	29.237241379310348	20.998815584415585	0.0	35.4	30.344761904761903	22.87442513863217	24.573146853146856	21.91443396226415	0.0	0.0	24.27619047619048	26.105945945945944	0.0	24.815	18.106888366013077	15.250990695128626	0.0	14.608695652173912	6.561562309578657	11.050713976633492	10.007815468113977	13.26164048447056	23.661538461538463	13.798949275362322	29.64333333333333	3.700963676797629	19.485000000000003	14.856	19.05832554796982	25.30145251396648	22.53709156193896	14.22016051364366	13.57637851662404	12.830909090909092	16.192180572349862	12.042704852824183	26.56	22.89542831975336	24.018333333333334	13.203321391765224	2.92998560832503	5.661765378957119	0.0	0.0	8.455000000000002	10.601114929362351
25.32	2.1499599002926195	9.821222320637734	0.0	0.0	0.0	24.89846153846154	26.23555555555556	14.4	25.44	7.889483568075117	29.92	7.228429752066115	25.82	0.0	25.76	12.095141242937853	11.38839378238342	9.555763052208835	40.16	20.666666666666664	3.2065573770491804	11.488407643312105	21.12	3.1635985312117505	9.107425837320571	8.419412511639718	21.0	28.49	20.192	17.0	0.0	0.0	10.610632911392406	24.815	0.0	7.268832487309645	27.52	25.4	27.826666666666664	22.88125	24.3	11.394692291964834	33.72666666666667	7.551227272727273	29.48923076923077	5.997246019286836	20.442580645161293	21.634666666666668	11.914107142857144	8.86490813648294	10.135045871559637	8.554882780921584	33.69333333333334	18.40571428571429	4.76226391455508	11.472592592592594	13.64807253582919	4.8465106699467935	7.278561151079137	5.27569529825353	21.55428571428572	18.83945205479452	19.64148148148148	9.92	18.96	18.613333333333333	10.293403141361257
30.733333333333334	10.53569721115538	17.205571602105547	33.64	0.0	34.93333333333334	28.970081300813007	33.587142857142865	20.72235294117647	35.11	24.18	0.0	55.0	33.14	0.0	22.28696721311476	18.81661516853933	28.885	23.001702127659577	0.0	24.955461422087748	11.45191836734694	18.120607966457023	25.44935211267606	20.22	16.23289083927592	15.969229458917834	26.136273764258554	30.84417910447761	25.457423312883435	0.0	0.0	32.34666666666667	17.397380952380953	18.106888366013077	7.268832487309645	0.0	24.31722991689751	0.0	25.40922143579373	16.61264689023526	22.70024218529992	19.190188679245285	21.36748451053284	30.615022624434392	32.040000000000006	21.84235294117647	21.20834660162079	29.32266666666667	14.189066666666667	7.5287698750281296	21.34028571428572	12.394799054373523	27.296363636363637	10.249767662399243	8.776	6.456627703407665	17.733652160051015	30.1	6.050950000704018	5.373441921507291	16.316425725668754	26.404602040816325	12.229413818907458	17.92	35.760000000000005	25.688235294117653	9.737461079975091
32.52	0.0	42.48	26.806819613135406	31.320000000000004	29.91067137809188	27.886557377049183	28.457181729834797	16.293660377358492	30.224630702927623	44.94666666666667	22.910541871921183	46.24	36.87714285714286	22.17872832369942	30.08	0.0	0.0	0.0	20.344511613108494	0.0	0.0	39.760000000000005	24.27333698630137	0.0	0.0	42.693333333333335	29.033678519442716	33.83305555555556	0.0	0.0	43.56	30.76666666666667	33.236266666666666	15.250990695128626	27.52	24.31722991689751	0.0	19.49666666666667	10.721692032229186	13.240857142857145	14.086896551724138	12.379809868299017	5.819237556709843	31.63428571428572	7.960525943729676	40.16	19.5737780473014	13.667864693446088	15.74	30.940000000000005	36.5	33.3	3.3930453292389293	17.193846153846156	17.8	20.350933333333334	4.600208658152264	0.0	30.438260869565216	23.4389218328841	4.880704218026733	18.6779403794038	15.653891213389125	0.0	32.88	18.643533123028394	17.332894649385178
0.0	0.0	0.0	0.0	0.0	0.0	0.0	0.0	0.0	0.0	0.0	0.0	0.0	0.0	0.0	0.0	0.0	0.0	0.0	0.0	0.0	0.0	0.0	0.0	0.0	0.0	0.0	0.0	0.0	0.0	0.0	0.0	0.0	0.0	0.0	25.4	0.0	19.49666666666667	1.7600000000000002	2.423113865220759	0.0	2.856760218496892	9.251369294605809	21.312	17.68	8.817093023255813	0.0	5.031231884057972	2.945141756228397	0.0	0.0	0.0	0.0	17.85333333333333	0.0	20.21333333333333	0.0	12.123776223776224	0.0	20.44	25.56	21.216	4.631581498687135	21.44	0.0	3.4716264648214854	0.0	2.5100702987697714
0.0	0.0	0.0	31.998473282442752	0.0	28.76	29.22068965517241	30.348965517241385	17.89090909090909	32.257201646090536	48.6	20.493333333333336	31.973333333333336	39.88	22.448	0.0	0.0	0.0	29.973333333333336	31.085517241379318	29.49333333333333	0.0	0.0	26.53100917431193	0.0	36.13714285714286	34.85714285714286	30.47648351648352	35.28	0.0	0.0	0.0	30.8	35.64	14.608695652173912	27.826666666666664	25.40922143579373	10.721692032229186	2.423113865220759	0.0	9.7923228600387	4.71235827240038	7.63059620596206	7.048710815928864	19.637686170212767	6.043390358533637	26.09448275862069	7.417017741686879	3.227155855207174	27.8	30.51538461538461	24.517096774193547	21.95863325740319	7.410484893459133	19.54434782608696	20.48	21.78018433179724	12.050806501073293	25.92888888888889	27.45126436781609	27.812108433734934	10.964833038562125	8.193962511040597	18.886666666666667	29.640000000000004	4.014013261530571	20.533473684210527	9.138118353164156
23.55	26.360000000000003	28.77641025641026	25.4999375	0.0	27.30933333333333	22.985017667844524	25.055935828877004	12.436170212765958	26.048474126492703	38.14666666666667	25.46	42.040000000000006	29.492631578947368	26.532	24.21806451612904	33.973333333333336	33.480000000000004	34.028000000000006	25.795454545454543	24.70686567164179	18.429473684210528	29.003278688524592	20.965980284775465	25.056	33.999365079365084	31.380887372013653	23.07201438848921	27.239716312056743	23.6024347826087	0.0	0.0	25.448235294117648	26.49495652173913	6.561562309578657	22.88125	16.61264689023526	13.240857142857145	0.0	9.7923228600387	0.0	9.542274234110652	9.641012048192772	4.751579916240969	24.530810810810813	17.344242424242427	31.912517985611515	7.121504810061145	14.119024390243904	14.754074074074074	16.751994146191173	24.337440347071585	21.797863410911862	13.641857142857145	10.911880288310874	13.466	12.675290418197047	7.387385590654938	26.928000000000004	21.56023745811877	17.751801455400553	6.8247453679349	12.48119037037037	6.831283561376499	30.12	24.006666666666668	13.145079410502216	12.138262402417528
