0.0	23.993846153846157	20.401025641025644	15.03967741935484	0.0	14.477587939698491	6.644556162772976	9.880798934753662	13.037886178861788	12.352917175490266	20.88114285714286	12.48964705882353	22.8016	4.939799044142552	18.469090909090912	19.880000000000003	18.687093622795118	24.415	21.68072072072072	14.28934472934473	13.860784313725487	13.180653594771243	16.63316685584563	12.64316988147804	0.0	25.106618705035974	26.43564032697548	12.536506525965011	4.64121013667426	7.144332355099047	0.0	16.739310344827587	11.098922155688625	9.427390222045206	31.2	30.2	35.955	0.0	0.0	0.0	29.89333333333333	0.0	16.837142857142858	33.733333333333334	0.0	0.0	0.0	0.0	0.0	25.68	37.48800000000001	0.0	38.92	29.0	26.18978723404255	15.68	31.56	26.366956521739134	0.0	37.34461538461539	35.677419354838705	26.75432098765432	36.120000000000005	26.79555555555556	0.0	0.0	28.68	26.840000000000003
23.993846153846157	0.0	8.404197138314787	0.0	24.58	24.31	24.14933333333333	24.004705882352944	8.428280828082809	33.973333333333336	8.017404021937843	23.95428571428572	6.974360215053762	26.98	20.04150943396227	11.55992125984252	10.612388211382116	10.84422110552764	10.453043978154644	34.040000000000006	15.55929411764706	4.027430407782169	15.028321167883211	12.540787237731925	4.075603624193944	9.133866366366366	6.588116726114956	15.770168539325846	21.131940298507462	17.33358490566038	10.91378048780488	0.0	0.0	12.311257253384913	27.52	3.5614115402956608	13.28098765432099	0.0	0.0	0.0	27.46666666666667	0.0	0.0	0.0	15.85	31.68	14.20952380952381	0.0	0.0	16.38105263157895	15.435789473684212	16.62	13.82236559139785	0.0	19.028571428571432	7.290000000000001	17.80857142857143	21.880000000000003	7.045405405405406	11.18506876227898	11.057240449438202	25.113333333333337	20.2	0.0	0.0	0.0	0.0	13.964444444444444
20.401025641025644	8.404197138314787	0.0	0.0	0.0	24.65904761904762	17.241149103851534	23.889446064139943	15.914891304347828	20.55	12.515	26.08	17.84	22.41061611374408	26.306666666666665	15.39240506329114	7.550780205961881	12.675	11.53496274217586	0.0	13.85728698464026	10.431856452726018	6.719951855827722	18.44284495021337	0.0	5.925393245464772	6.4946324609138815	15.327979579815434	22.29504950495049	14.75782270606532	0.0	34.1	25.56	8.12669069935112	35.13333333333334	11.08027139874739	19.72664241235597	0.0	0.0	0.0	31.892844036697248	38.322857142857146	28.704	0.0	33.02	52.760000000000005	34.08	37.83466666666667	0.0	20.704533333333337	21.116309814145158	29.51578947368421	26.23164179104478	0.0	27.39310924369748	13.778396101019052	20.70324012506055	29.203137254901964	0.0	20.288688317165757	18.87687215447452	30.14613636363637	37.84400000000001	32.14947368421053	0.0	0.0	35.0	22.538630136986303
15.03967741935484	0.0	0.0	0.0	19.326500000000003	13.347452216748769	8.922945830797323	17.9655428970007	11.659977339678225	7.090300955843714	31.529259259259263	6.780090684253916	30.03185185185185	19.824343779937045	14.51647610121837	0.0	32.05	33.67142857142858	35.384	3.0771803719984536	34.74400000000001	19.64	35.736000000000004	5.181262726651999	41.07000000000001	35.440000000000005	38.47466666666666	4.046223163999331	18.827752233561363	23.90153846153846	0.0	27.183703703703703	17.71703821656051	17.186466561348077	31.923870967741937	0.0	0.0	31.98095104895105	0.0	32.0304	29.60178823529412	31.245000000000005	15.913751336277016	32.74658550083011	43.85176470588235	32.74456692913386	48.86285714285715	34.8325	25.4	0.0	0.0	47.08571428571429	44.67	32.05563569682151	0.0	35.36	35.07333333333334	27.151181189488245	0.0	48.215	46.86	30.0164085775086	32.91859649122807	29.631111111111117	48.8	0.0	32.220000000000006	33.06400000000001
0.0	24.58	0.0	19.326500000000003	0.0	2.8013283018867923	20.722500000000004	6.31712	8.631967732641892	22.10117647058824	12.82877192982456	9.132572027239394	12.789767441860466	25.125714285714288	3.32927100788638	0.0	31.520000000000003	15.947878787878787	15.831578947368422	19.26	0.0	18.06375	0.0	14.114394213381557	14.320000000000002	17.924	24.082	20.339856115107917	3.577432273262662	22.18	0.0	2.162704550023454	25.12	2.689685944082727	0.0	0.0	0.0	32.88	0.0	0.0	0.0	0.0	0.0	0.0	0.0	0.0	0.0	0.0	0.0	0.0	0.0	24.520000000000003	0.0	0.0	0.0	0.0	0.0	0.0	0.0	0.0	31.320000000000004	0.0	0.0	0.0	0.0	0.0	0.0	0.0
14.477587939698491	24.31	24.65904761904762	13.347452216748769	2.8013283018867923	0.0	9.358934234468418	5.459220457976391	14.789301054275674	6.448513703993736	19.7051950408225	6.04599087660435	17.30823071937784	11.857066612344672	3.0517156674879096	0.0	26.406007905138345	21.952657534246576	21.85375796178344	10.168399551425823	21.847680000000004	20.28	23.26955555555556	13.633492235464066	23.409411764705887	24.007298245614034	25.225106382978726	11.80601639807747	9.736120241439073	19.41508196721312	24.942857142857143	5.4165687267814935	18.42619718309859	9.10081601676846	31.880000000000003	0.0	43.6	29.103589743589744	0.0	0.0	31.28989898989899	0.0	18.090514285714285	33.02318181818182	43.112	32.160000000000004	31.568888888888885	39.16	0.0	0.0	0.0	34.4	31.08	32.45770491803279	35.32000000000001	0.0	38.86	27.985000000000003	22.44	41.52	31.852	30.3968345323741	35.07000000000001	30.8	0.0	0.0	0.0	35.973333333333336
6.644556162772976	24.14933333333333	17.241149103851534	8.922945830797323	20.722500000000004	9.358934234468418	0.0	10.741570313255584	10.09404773639372	4.535525596746413	27.39298461538462	15.53746630727763	25.87927536231884	8.65196907879404	15.938277966101698	20.79	18.22144256455922	30.266236559139788	24.105587467362927	12.014508474576273	13.85816009213936	19.747951807228915	14.572098015990523	9.603168713526696	30.491428571428575	22.879414893617025	22.8260773480663	6.284672462744752	13.94394728073748	5.865798891790684	35.1	22.426640000000003	13.864627561340251	13.758429741959151	27.231529411764704	28.380000000000003	32.16336134453782	29.16045801526717	0.0	28.820952380952384	26.26292134831461	30.46933333333333	14.322747169811322	30.151378091872797	39.89333333333334	30.302105263157895	39.766666666666666	31.721818181818183	31.0	23.6	32.89272727272728	42.432	40.22666666666667	29.706503667481662	25.1680701754386	22.69230769230769	31.598974358974363	23.789853059906346	0.0	38.9	31.915723270440253	25.516816003334032	29.20804733727811	25.754610389610388	0.0	0.0	26.87294117647059	28.98638888888889
9.880798934753662	24.004705882352944	23.889446064139943	17.9655428970007	6.31712	5.459220457976391	10.741570313255584	0.0	16.072645439310513	10.927348437070458	13.950501296456352	15.63916346660643	14.243604284814117	4.0702274384021	8.037213826645823	24.4	23.49642413487134	17.280473372781067	22.39053892215569	17.835562381610607	19.176686261702592	21.860000000000003	21.00377872795297	14.9779937360179	16.854545454545455	23.437025125628143	25.690846075433235	14.277918129750145	5.468856166511339	14.18464405964406	21.12	5.832275616010703	14.29129411764706	5.497950656989294	31.08	31.49	39.91692307692309	32.746206896551726	0.0	35.39	31.447901234567905	39.3	19.5875	35.30987341772152	41.30285714285715	39.31333333333334	33.38	45.52	0.0	0.0	40.528000000000006	26.415000000000003	36.66	34.95377777777778	32.27333333333333	27.540000000000003	39.15	29.282622950819672	18.272	35.67230769230769	36.881600000000006	30.895120643431643	35.120000000000005	31.29657142857143	27.440000000000005	0.0	33.88	33.441904761904766
13.037886178861788	8.428280828082809	15.914891304347828	11.659977339678225	8.631967732641892	14.789301054275674	10.09404773639372	16.072645439310513	0.0	13.531748106650069	27.814344827586204	4.52852304447615	20.68566666666667	16.920551301684533	4.757169936919517	8.35889707841222	18.8705180533752	28.96727272727273	21.401344537815127	11.752380952380951	10.605189545428942	4.533997640196799	11.287506234413966	5.536958762210713	17.2775	17.246687179487182	15.045057755775575	9.483210288462292	13.801690885072656	10.431669895708811	21.704	24.69777777777778	12.582060140754958	14.113337084974678	16.173217391304348	8.56	20.787368421052637	17.002348387096777	0.0	16.62857142857143	14.906790383804305	19.348000000000003	2.445850930640181	17.921099701888046	29.15096774193548	16.339240506329112	32.56	18.792727272727276	12.09	11.077033401931295	20.026666666666667	33.228	25.41333333333333	17.57353474320242	12.50737251362516	2.752747443231063	12.82993051322687	11.741713097095312	30.32	30.226666666666667	16.727394957983194	13.485799919718122	15.067303609341826	12.638217224355458	0.0	28.186666666666667	13.660999999999998	15.744512534818943
12.352917175490266	33.973333333333336	20.55	7.090300955843714	22.10117647058824	6.448513703993736	4.535525596746413	10.927348437070458	13.531748106650069	0.0	28.118155769731704	4.312664364392217	27.048615384615385	17.52188990900338	17.16407079646018	18.160000000000004	28.70122448979592	31.368421052631582	31.14917647058824	4.209421631530706	21.015652173913047	18.84	21.822727272727278	9.934817488502068	31.007272727272728	32.81673202614379	33.831296296296294	6.360618881632544	18.49183155870461	21.04436363636364	35.42666666666666	23.267414500683994	18.07348581884721	17.024635707988264	32.462272727272726	41.56	49.64	32.869156223893064	0.0	31.940895522388065	30.19009563797528	31.360000000000003	17.490787106811222	33.68310880829016	44.36390243902439	33.57859649122808	45.08800000000001	36.40888888888889	27.92	31.440000000000005	0.0	47.06285714285715	47.504	33.06281361097003	32.59333333333334	0.0	36.86	27.963779435424897	0.0	48.05428571428572	43.54962962962963	30.48142380085003	34.19891891891892	29.748979591836736	46.88	0.0	32.85	33.85225626740947
20.88114285714286	8.017404021937843	12.515	31.529259259259263	12.82877192982456	19.7051950408225	27.39298461538462	13.950501296456352	27.814344827586204	28.118155769731704	0.0	25.4810876774108	4.795866261398176	14.538241134751772	14.946337760910817	0.0	15.29434482758621	4.734973455215592	4.248094139695812	28.10751909931645	26.940000000000005	16.9125	27.768	28.657386804657182	4.920634369470134	5.474840467879234	8.795332823259374	29.62001471670346	10.94561737804878	24.906875000000003	7.98796338672769	13.469277777777776	33.24	5.195509107116723	0.0	10.582424242424242	22.380000000000003	35.14666666666667	0.0	32.84	43.226666666666674	28.22	29.584000000000003	45.13600000000001	16.09879069767442	34.7	15.16793998124414	31.736	0.0	0.0	21.4	17.25029375764994	17.403883040935675	42.67	0.0	16.46	24.380000000000003	40.03135135135135	9.936733727810651	17.34264795864543	16.703449647441694	41.454193548387096	40.64	38.68	18.55132530120482	0.0	0.0	22.731851851851854
12.48964705882353	23.95428571428572	26.08	6.780090684253916	9.132572027239394	6.04599087660435	15.53746630727763	15.63916346660643	4.52852304447615	4.312664364392217	25.4810876774108	0.0	24.0396984633227	17.107684276842768	3.9855162525946377	0.0	34.15272727272728	28.556885964912283	28.441415929203544	3.581851139046995	33.8	10.681621621621622	31.955	5.021340008835224	27.775294117647057	29.969377990430623	31.07402298850575	6.558092497430627	16.985193508114854	24.362	31.65263157894737	19.910113452188007	17.862608695652177	15.665181085022173	32.03272727272728	0.0	0.0	18.148076358296624	0.0	21.863333333333337	29.36736377025037	30.106666666666666	16.092007840940916	32.82358139534884	42.15571428571429	17.723125000000003	38.55800000000001	30.4	0.0	0.0	0.0	39.82153846153847	45.648	30.68596321393998	0.0	0.0	32.32000000000001	26.963368983957224	28.833333333333336	39.616470588235295	40.16571428571429	29.60430474160895	31.69111111111112	29.544	36.120000000000005	0.0	34.720000000000006	33.25764705882354
22.8016	6.974360215053762	17.84	30.03185185185185	12.789767441860466	17.30823071937784	25.87927536231884	14.243604284814117	20.68566666666667	27.048615384615385	4.795866261398176	24.0396984633227	0.0	15.482420830401129	11.904836601307192	21.457500000000003	27.14918918918919	6.219731982694946	8.047792141951838	26.67746509129968	26.78933333333334	13.727504835589944	23.95	27.82044198895027	4.036406441644499	3.432931504550984	2.9777041658281345	28.262097026604074	11.841350710900477	25.664444444444445	3.26615859938208	14.836602316602317	0.0	7.958458295694068	29.32	10.650461538461538	20.7695	0.0	0.0	33.760000000000005	37.45647058823529	30.386666666666667	37.42666666666666	42.62857142857143	15.815251063829788	36.63333333333334	15.40244498777506	29.965714285714284	27.08	22.763636363636365	21.237894736842104	17.330280172413794	17.2549260523322	40.08800000000001	20.55555555555556	10.324664310954065	21.49405405405405	38.014545454545456	8.087680099579899	16.828438613540655	16.624281699833688	39.49333333333334	23.160000000000004	29.135	18.374460093896715	0.0	0.0	6.468133333333334
4.939799044142552	26.98	22.41061611374408	19.824343779937045	25.125714285714288	11.857066612344672	8.65196907879404	4.0702274384021	16.920551301684533	17.52188990900338	14.538241134751772	17.107684276842768	15.482420830401129	0.0	7.608559533721897	23.57333333333333	21.40038909531165	17.724668192219678	23.21625788367204	19.38785173685232	17.253939232409383	16.858810810810812	19.35691961924908	15.93531462479911	18.08551724137931	24.76171312032631	26.81035377358491	16.169161034355636	4.3071715928872845	11.58632389749221	21.415	3.703308627334717	9.513210332103322	8.006627505335183	33.20666666666666	33.440000000000005	37.80444444444445	35.706	0.0	0.0	33.040000000000006	39.38	22.0485	36.248000000000005	36.14	36.53	26.20800000000001	40.96	0.0	37.69333333333334	40.88	27.984	43.24	36.21857142857143	28.621	19.47833333333333	35.25428571428572	29.866976744186047	19.528	37.01224489795919	37.12847457627119	31.133137973137973	34.21538461538462	30.126086956521743	0.0	45.760000000000005	34.290000000000006	34.6
18.469090909090912	20.04150943396227	26.306666666666665	14.51647610121837	3.32927100788638	3.0517156674879096	15.938277966101698	8.037213826645823	4.757169936919517	17.16407079646018	14.946337760910817	3.9855162525946377	11.904836601307192	7.608559533721897	0.0	19.0	29.046	17.55	23.255652173913045	10.879245283018868	24.380000000000003	13.74768824306473	28.1	9.129354083781887	15.470000000000002	20.486808510638298	23.859922779922783	14.9677225741914	8.12229277887047	16.362857142857145	26.666666666666668	9.024230769230767	20.749803921568628	7.093612479474549	27.040000000000003	0.0	31.2	19.54	0.0	0.0	26.256	0.0	9.579411764705885	26.58823529411765	0.0	24.92	0.0	0.0	19.24	0.0	0.0	27.28	0.0	27.840000000000003	26.08	0.0	0.0	23.582105263157896	0.0	0.0	26.24	26.127311827956987	0.0	26.92727272727273	0.0	0.0	0.0	0.0
19.880000000000003	11.55992125984252	15.39240506329114	0.0	0.0	0.0	20.79	24.4	8.35889707841222	18.160000000000004	0.0	0.0	21.457500000000003	23.57333333333333	19.0	0.0	18.02938053097345	21.48	22.653714285714287	0.0	5.300499708719011	5.089922289759175	4.107181826547649	4.5345209176788135	15.873333333333337	20.356129032258064	3.759711213636276	5.378127375331107	13.065	12.910374999999998	0.0	0.0	13.464000000000002	14.51097435897436	23.8	0.0	22.510204081632654	0.0	0.0	0.0	29.015135135135136	36.6	13.002857142857144	0.0	30.4	0.0	0.0	32.104	0.0	20.51273355244833	26.01809523809524	33.6	29.529411764705884	0.0	22.024245062299364	10.91651659809052	21.3369928622192	22.343758290346354	0.0	34.78666666666667	21.115904324260637	22.16235442241108	24.897058823529413	21.82668901927913	0.0	0.0	21.91294117647059	22.3025
18.687093622795118	10.612388211382116	7.550780205961881	32.05	31.520000000000003	26.406007905138345	18.22144256455922	23.49642413487134	18.8705180533752	28.70122448979592	15.29434482758621	34.15272727272728	27.14918918918919	21.40038909531165	29.046	18.02938053097345	0.0	8.94355828220859	3.107659601180139	40.38222222222223	8.839769623780771	14.112734459216671	4.653075807667769	21.58530578512397	12.96	6.2933448801441045	11.720843387544797	16.9719379532635	15.616971271546342	13.626054416525358	15.720000000000002	33.9856	17.253750000000004	4.892392753122378	37.973333333333336	12.97924528301887	21.11317994799381	0.0	0.0	50.440000000000005	35.72888888888889	0.0	26.49333333333333	0.0	21.64	0.0	0.0	42.824	0.0	26.4848	22.54152288375861	26.660000000000004	22.3645643153527	0.0	31.427722772277228	15.742636916835702	23.685533596837946	31.00235294117647	33.6	19.900082569990968	20.484294417368183	32.56428571428572	35.496	32.41571428571429	0.0	0.0	0.0	22.684848484848487
24.415	10.84422110552764	12.675	33.67142857142858	15.947878787878787	21.952657534246576	30.266236559139788	17.280473372781067	28.96727272727273	31.368421052631582	4.734973455215592	28.556885964912283	6.219731982694946	17.724668192219678	17.55	21.48	8.94355828220859	0.0	2.736315324717027	31.23356643356644	21.22	17.8	16.740000000000002	30.92245614035088	7.350254420008625	5.8101623134950175	8.314532078699745	32.184742268041234	15.273431798436144	22.9232	8.405061571125266	16.682608695652174	18.44	9.822424530997049	0.0	12.786666666666669	22.410000000000004	0.0	0.0	36.29333333333334	43.70399999999999	27.4	39.720000000000006	44.96	17.517752808988767	40.620000000000005	16.149800000000003	32.480000000000004	0.0	30.62	22.73	19.148164705882355	19.68958145524791	42.6	0.0	17.6	32.88	42.71272727272727	14.391198568872989	19.29825635703165	18.0538531222963	45.2	35.220000000000006	38.61714285714286	20.673333333333336	0.0	0.0	23.17
21.68072072072072	10.453043978154644	11.53496274217586	35.384	15.831578947368422	21.85375796178344	24.105587467362927	22.39053892215569	21.401344537815127	31.14917647058824	4.248094139695812	28.441415929203544	8.047792141951838	23.21625788367204	23.255652173913045	22.653714285714287	3.107659601180139	2.736315324717027	0.0	30.893731343283584	18.662163934426232	15.511169146674764	13.618267254038178	25.404885496183205	9.029882409407248	7.383236302896647	10.37600379519202	25.062209302325584	17.974027577690883	17.353478516774576	9.923301886792457	17.19340206185567	18.66769230769231	7.7185955761614995	37.52	12.45027210884354	21.994132029339852	0.0	0.0	49.2	40.16615384615385	45.84	0.0	47.92	18.515	38.88	16.260722891566267	40.92	0.0	25.860000000000003	21.67179856115108	19.92364583333333	20.39406349987694	44.92	34.016000000000005	16.11324894514768	26.372727272727275	42.8	15.169806451612905	19.003533969919765	19.07809572496645	39.8	0.0	34.17714285714286	21.266666666666666	0.0	0.0	22.91659574468085
14.28934472934473	34.040000000000006	0.0	3.0771803719984536	19.26	10.168399551425823	12.014508474576273	17.835562381610607	11.752380952380951	4.209421631530706	28.10751909931645	3.581851139046995	26.67746509129968	19.38785173685232	10.879245283018868	0.0	40.38222222222223	31.23356643356644	30.893731343283584	0.0	30.920000000000005	0.0	42.226666666666674	5.742031532695788	30.52	32.796462585034014	34.0222641509434	4.051522923286428	18.938724729426177	26.07076923076923	34.751111111111115	23.634619289340105	18.338940397351	17.609365814374875	32.03555555555556	0.0	40.8	31.45931034482759	0.0	31.360909090909093	29.4543084960132	31.51058823529412	15.942591351772498	32.50067168736007	43.85176470588235	31.98719101123596	48.74666666666667	35.54666666666667	25.102857142857143	0.0	0.0	43.75111111111112	47.68	32.14968820315012	34.376	0.0	35.8	26.79710743801653	0.0	47.58222222222223	45.45882352941177	29.90845400108873	32.78736842105263	29.57714285714286	0.0	0.0	31.190000000000005	32.74991869918699
13.860784313725487	15.55929411764706	13.85728698464026	34.74400000000001	0.0	21.847680000000004	13.85816009213936	19.176686261702592	10.605189545428942	21.015652173913047	26.940000000000005	33.8	26.78933333333334	17.253939232409383	24.380000000000003	5.300499708719011	8.839769623780771	21.22	18.662163934426232	30.920000000000005	0.0	9.315564849910688	6.687277366792846	4.917429780684879	0.0	17.578506024096384	13.592012279355334	6.47103919453434	12.733504747991237	5.266914412817124	29.880000000000003	29.4	12.32367126574685	6.216544978386395	27.525128205128205	20.69333333333333	27.867884615384614	0.0	0.0	26.92	28.923809523809524	35.17333333333333	14.47056	36.760000000000005	0.0	0.0	0.0	29.701666666666664	0.0	22.398878947368424	30.74511627906977	0.0	36.05142857142857	0.0	23.630127697266445	13.253264895068543	23.270914962325083	23.34214620689655	0.0	35.34	26.707458256029685	23.550977355734112	26.179692307692303	23.764094173982446	0.0	0.0	24.34051282051282	24.853809523809524
13.180653594771243	4.027430407782169	10.431856452726018	19.64	18.06375	20.28	19.747951807228915	21.860000000000003	4.533997640196799	18.84	16.9125	10.681621621621622	13.727504835589944	16.858810810810812	13.74768824306473	5.089922289759175	14.112734459216671	17.8	15.511169146674764	0.0	9.315564849910688	0.0	9.74617225902971	6.308478457727454	10.864279475982531	12.991697281410728	9.002297678542641	8.95565690806369	11.1409751924722	9.567146783947225	16.689600000000002	23.48	11.899692307692307	14.045011673151752	20.56	7.6800000000000015	18.11770491803279	0.0	0.0	0.0	25.613333333333337	0.0	4.08	0.0	0.0	0.0	0.0	0.0	0.0	14.589265306122453	19.38153846153846	0.0	28.92	0.0	17.82331723027375	5.21264433357092	17.100785046728973	17.475918367346942	0.0	23.524	15.956441947565542	18.9871875	23.84	17.339354838709678	0.0	0.0	0.0	34.6
16.63316685584563	15.028321167883211	6.719951855827722	35.736000000000004	0.0	23.26955555555556	14.572098015990523	21.00377872795297	11.287506234413966	21.822727272727278	27.768	31.955	23.95	19.35691961924908	28.1	4.107181826547649	4.653075807667769	16.740000000000002	13.618267254038178	42.226666666666674	6.687277366792846	9.74617225902971	0.0	14.967722567287783	20.44	10.96365117682559	9.38479366377186	9.562615742371928	14.150401632501625	9.719214997402844	0.0	31.2	15.321866666666669	5.965001043817123	34.373333333333335	17.03764705882353	21.63484354857612	0.0	0.0	0.0	32.383132530120484	40.260000000000005	17.3104	0.0	30.342857142857145	0.0	0.0	39.260000000000005	0.0	21.475029902108183	24.272490421455934	34.14666666666667	30.94030769230769	0.0	23.64994105551748	12.956823369102366	23.24827787464708	24.02085932901707	0.0	30.86848484848485	21.553679304070396	26.138660319619174	27.650612244897964	24.27022754491018	0.0	0.0	25.58	24.72615384615385
12.64316988147804	12.540787237731925	18.44284495021337	5.181262726651999	14.114394213381557	13.633492235464066	9.603168713526696	14.9779937360179	5.536958762210713	9.934817488502068	28.657386804657182	5.021340008835224	27.82044198895027	15.93531462479911	9.129354083781887	4.5345209176788135	21.58530578512397	30.92245614035088	25.404885496183205	5.742031532695788	4.917429780684879	6.308478457727454	14.967722567287783	0.0	23.416363636363634	23.027439165701047	14.856448753606614	5.037831065024844	14.347991897896064	11.495100137894806	30.264000000000003	25.00631578947368	13.853128851942094	14.186974054268171	25.438048780487808	38.52	29.304242424242425	26.032032	0.0	24.1644	23.6255951273158	27.98814814814815	10.888807015478784	26.830707070707074	37.87757575757576	27.43905511811024	42.659200000000006	29.165090909090917	25.360000000000003	21.40328445747801	32.12421052631579	41.525384615384624	38.464615384615385	26.097345338367703	22.317621653601535	12.14714889123548	23.06902800658979	21.899334455241306	36.78	41.97636363636365	29.280216216216218	22.55640564907635	26.189162210338687	23.018414774913428	42.28	0.0	24.5245283018868	25.37080179602309
0.0	4.075603624193944	0.0	41.07000000000001	14.320000000000002	23.409411764705887	30.491428571428575	16.854545454545455	17.2775	31.007272727272728	4.920634369470134	27.775294117647057	4.036406441644499	18.08551724137931	15.470000000000002	15.873333333333337	12.96	7.350254420008625	9.029882409407248	30.52	0.0	10.864279475982531	20.44	23.416363636363634	0.0	7.758988350976658	7.032297651150975	26.99	13.608	23.380000000000003	8.452577319587629	14.920000000000002	0.0	9.041139337952272	30.08	5.473065015479877	16.94857142857143	0.0	0.0	26.0	34.64	28.78	0.0	34.64	12.58368098159509	31.94400000000001	13.155435684647305	25.984	21.96	18.97714285714286	13.755	14.611264849755418	13.112277227722776	34.120000000000005	17.338181818181816	10.217931034482758	19.98631578947369	24.76	4.552804774083547	13.075160012191404	11.996091666666668	30.306666666666665	21.68	27.28	16.34341463414634	0.0	0.0	14.712941176470588
25.106618705035974	9.133866366366366	5.925393245464772	35.440000000000005	17.924	24.007298245614034	22.879414893617025	23.437025125628143	17.246687179487182	32.81673202614379	5.474840467879234	29.969377990430623	3.432931504550984	24.76171312032631	20.486808510638298	20.356129032258064	6.2933448801441045	5.8101623134950175	7.383236302896647	32.796462585034014	17.578506024096384	12.991697281410728	10.96365117682559	23.027439165701047	7.758988350976658	0.0	6.891407347978199	21.72270106221548	19.451570815450644	20.63880099916736	3.705425405619312	18.16558823529412	29.53	9.974764448336254	36.74400000000001	11.229095647641389	19.56510352443177	44.82666666666667	0.0	39.74	37.163456790123455	40.84	34.53	45.08	17.92948275862069	41.92	16.295094339622644	38.93212121212121	0.0	24.33898305084746	20.405149496514333	19.270132158590307	19.751367471477845	43.30800000000001	30.183030303030307	15.47773228346457	23.997793594306053	35.20857142857143	14.037884615384616	18.504926385096734	18.0573418710364	36.02285714285715	38.35157894736842	34.03066666666667	21.141176470588235	0.0	0.0	22.95349862258953
26.43564032697548	6.588116726114956	6.4946324609138815	38.47466666666666	24.082	25.225106382978726	22.8260773480663	25.690846075433235	15.045057755775575	33.831296296296294	8.795332823259374	31.07402298850575	2.9777041658281345	26.81035377358491	23.859922779922783	3.759711213636276	11.720843387544797	8.314532078699745	10.37600379519202	34.0222641509434	13.592012279355334	9.002297678542641	9.38479366377186	14.856448753606614	7.032297651150975	6.891407347978199	0.0	13.856889621766465	22.09277517141826	21.94111711711712	4.934732510288066	20.19897435897436	24.262857142857143	11.287420302237413	38.41333333333334	10.152676738882557	19.25151608950797	0.0	0.0	36.91428571428572	32.23184466019418	38.184000000000005	25.769230769230774	45.21090909090909	18.88204379562044	39.37142857142858	17.33244243110608	36.41375000000001	39.6	19.107299291617476	21.319200139917218	19.42840728100113	20.17790088562276	41.064	24.389286343612333	11.041213680711913	21.48849065595534	25.506545454545453	13.90347260909935	18.30656731482856	18.605090760807645	27.380781357093905	34.71111111111112	32.92	21.406666666666663	46.2	0.0	21.57584070796461
12.536506525965011	15.770168539325846	15.327979579815434	4.046223163999331	20.339856115107917	11.80601639807747	6.284672462744752	14.277918129750145	9.483210288462292	6.360618881632544	29.62001471670346	6.558092497430627	28.262097026604074	16.169161034355636	14.9677225741914	5.378127375331107	16.9719379532635	32.184742268041234	25.062209302325584	4.051522923286428	6.47103919453434	8.95565690806369	9.562615742371928	5.037831065024844	26.99	21.72270106221548	13.856889621766465	0.0	14.88240332379571	7.837542718360186	34.88	25.063309352517987	13.05235492467035	12.742934541336354	26.12286140089419	32.192	30.09970802919708	31.110050195203577	0.0	28.40142857142857	26.36075916000352	30.860434782608696	14.430551104637049	31.692906383846623	39.81316455696203	31.22011049723757	44.015	29.33701754385965	25.82	21.09891238670695	32.20655172413793	43.06333333333333	38.56372093023256	31.34825459317585	23.44062238914652	13.49683192261185	26.25869196205692	22.638228061547117	30.6	41.98382978723405	30.12331081081081	23.87803188252951	26.653404698186144	23.903635893457466	0.0	35.6	24.6546243739566	26.634904793171376
4.64121013667426	21.131940298507462	22.29504950495049	18.827752233561363	3.577432273262662	9.736120241439073	13.94394728073748	5.468856166511339	13.801690885072656	18.49183155870461	10.94561737804878	16.985193508114854	11.841350710900477	4.3071715928872845	8.12229277887047	13.065	15.616971271546342	15.273431798436144	17.974027577690883	18.938724729426177	12.733504747991237	11.1409751924722	14.150401632501625	14.347991897896064	13.608	19.451570815450644	22.09277517141826	14.88240332379571	0.0	6.5803821812898615	17.76761904761905	3.5993121314990177	2.9045190769933744	5.939865083716957	31.01857142857143	25.31	33.592592592592595	34.32266666666667	0.0	29.81142857142857	31.18518518518519	37.220000000000006	18.242453333333334	35.536621004566214	31.540000000000003	35.43636363636364	24.4975	35.720000000000006	0.0	23.79151515151515	35.875	23.72	38.32000000000001	35.394216867469886	24.544410646387835	14.785562130177516	29.76740740740741	28.098533405757745	14.88	33.223846153846154	33.305590062111804	29.08588885277868	32.39529411764706	28.09316129032258	0.0	0.0	31.391111111111115	31.25846153846154
7.144332355099047	17.33358490566038	14.75782270606532	23.90153846153846	22.18	19.41508196721312	5.865798891790684	14.18464405964406	10.431669895708811	21.04436363636364	24.906875000000003	24.362	25.664444444444445	11.58632389749221	16.362857142857145	12.910374999999998	13.626054416525358	22.9232	17.353478516774576	26.07076923076923	5.266914412817124	9.567146783947225	9.719214997402844	11.495100137894806	23.380000000000003	20.63880099916736	21.94111711711712	7.837542718360186	6.5803821812898615	0.0	0.0	21.84777777777778	7.660766832392349	4.918057422364717	26.970714285714287	22.906666666666663	30.62814814814815	30.440000000000005	0.0	34.8	26.03762162162162	32.462857142857146	13.326275579809009	32.135000000000005	44.120000000000005	26.76	0.0	28.56903225806452	0.0	21.558808432630613	32.251428571428576	0.0	36.64666666666667	30.48	23.54222222222222	13.670404264771213	24.608356643356643	22.64941176470588	0.0	34.16285714285714	30.297241379310343	23.37025872387441	26.161030674846625	23.793487589398403	0.0	0.0	24.56254777070064	25.666578947368425
0.0	10.91378048780488	0.0	0.0	0.0	24.942857142857143	35.1	21.12	21.704	35.42666666666666	7.98796338672769	31.65263157894737	3.26615859938208	21.415	26.666666666666668	0.0	15.720000000000002	8.405061571125266	9.923301886792457	34.751111111111115	29.880000000000003	16.689600000000002	0.0	30.264000000000003	8.452577319587629	3.705425405619312	4.934732510288066	34.88	17.76761904761905	0.0	0.0	20.72	0.0	13.603798882681565	34.120000000000005	14.728	0.0	0.0	0.0	0.0	0.0	0.0	0.0	0.0	18.452	0.0	17.54021276595745	0.0	0.0	24.62	0.0	20.4507614213198	20.56654545454545	41.4	0.0	17.560000000000002	0.0	0.0	14.760958083832335	20.44085436893204	18.71458842705787	47.16	0.0	0.0	23.94	0.0	0.0	24.386666666666667
16.739310344827587	0.0	34.1	27.183703703703703	2.162704550023454	5.4165687267814935	22.426640000000003	5.832275616010703	24.69777777777778	23.267414500683994	13.469277777777776	19.910113452188007	14.836602316602317	3.703308627334717	9.024230769230767	0.0	33.9856	16.682608695652174	17.19340206185567	23.634619289340105	29.4	23.48	31.2	25.00631578947368	14.920000000000002	18.16558823529412	20.19897435897436	25.063309352517987	3.5993121314990177	21.84777777777778	20.72	0.0	14.505454545454546	3.242449696670235	0.0	0.0	0.0	0.0	0.0	0.0	41.93333333333333	0.0	25.24	43.52	0.0	0.0	25.416	0.0	0.0	0.0	0.0	23.880000000000003	0.0	0.0	0.0	0.0	0.0	39.88	17.2	26.360000000000003	26.18	37.69333333333334	0.0	0.0	0.0	0.0	0.0	0.0
11.098922155688625	0.0	25.56	17.71703821656051	25.12	18.42619718309859	13.864627561340251	14.29129411764706	12.582060140754958	18.07348581884721	33.24	17.862608695652177	0.0	9.513210332103322	20.749803921568628	13.464000000000002	17.253750000000004	18.44	18.66769230769231	18.338940397351	12.32367126574685	11.899692307692307	15.321866666666669	13.853128851942094	0.0	29.53	24.262857142857143	13.05235492467035	2.9045190769933744	7.660766832392349	0.0	14.505454545454546	0.0	3.527352145342095	30.24	0.0	0.0	33.46857142857143	0.0	30.540000000000003	29.99505154639175	0.0	17.47058823529412	34.39076923076923	0.0	31.2	51.720000000000006	37.96	0.0	23.54	0.0	0.0	0.0	33.724444444444444	24.4768	13.891428571428571	27.608000000000004	26.777444444444445	0.0	0.0	43.41333333333333	28.376355932203392	32.60888888888889	28.275087719298245	0.0	0.0	27.4	0.0
9.427390222045206	12.311257253384913	8.12669069935112	17.186466561348077	2.689685944082727	9.10081601676846	13.758429741959151	5.497950656989294	14.113337084974678	17.024635707988264	5.195509107116723	15.665181085022173	7.958458295694068	8.006627505335183	7.093612479474549	14.51097435897436	4.892392753122378	9.822424530997049	7.7185955761614995	17.609365814374875	6.216544978386395	14.045011673151752	5.965001043817123	14.186974054268171	9.041139337952272	9.974764448336254	11.287420302237413	12.742934541336354	5.939865083716957	4.918057422364717	13.603798882681565	3.242449696670235	3.527352145342095	0.0	30.33090909090909	13.602051282051285	19.650526315789477	33.12253164556962	0.0	30.76	30.33363636363637	0.0	17.247500000000002	34.189375	24.183157894736844	33.734545454545454	16.72237288135593	35.89333333333334	0.0	22.24615384615385	21.130000000000003	18.460740740740743	21.687901234567903	34.17797752808989	27.418260869565216	15.16357142857143	23.813211009174317	27.113943763518385	10.350943396226416	19.35955	18.76620134228188	29.24319460067492	32.386153846153846	28.75564102564103	19.660000000000004	0.0	31.640000000000004	34.0
31.2	27.52	35.13333333333334	31.923870967741937	0.0	31.880000000000003	27.231529411764704	31.08	16.173217391304348	32.462272727272726	0.0	32.03272727272728	29.32	33.20666666666666	27.040000000000003	23.8	37.973333333333336	0.0	37.52	32.03555555555556	27.525128205128205	20.56	34.373333333333335	25.438048780487808	30.08	36.74400000000001	38.41333333333334	26.12286140089419	31.01857142857143	26.970714285714287	34.120000000000005	0.0	30.24	30.33090909090909	0.0	25.76	21.531891891891892	15.484157480314964	27.160000000000004	10.343680623174292	6.906195094124358	8.130984036831462	11.10229237128899	12.595231672830106	18.17061876247505	11.964387351778656	22.829403973509933	4.152303384153596	19.56607594936709	22.82	18.1697277676951	22.87357746478873	20.04655290102389	14.481342872867364	12.930756081525312	13.16509090909091	16.112087644552652	12.825213746856663	20.43547169811321	23.287955056179776	24.391437125748503	14.166859602423967	3.6845810709981057	5.272237053867273	23.78	14.6422641509434	4.782188449848024	10.443326245103526
30.2	3.5614115402956608	11.08027139874739	0.0	0.0	0.0	28.380000000000003	31.49	8.56	41.56	10.582424242424242	0.0	10.650461538461538	33.440000000000005	0.0	0.0	12.97924528301887	12.786666666666669	12.45027210884354	0.0	20.69333333333333	7.6800000000000015	17.03764705882353	38.52	5.473065015479877	11.229095647641389	10.152676738882557	32.192	25.31	22.906666666666663	14.728	0.0	0.0	13.602051282051285	25.76	0.0	7.932661870503597	0.0	25.22	26.74222222222222	24.5752380952381	29.7625	12.04867142857143	33.29714285714286	6.095714285714285	21.64	5.267014131033217	27.16933333333333	21.1689485458613	9.861802575107296	10.83003727549983	9.88197356828194	10.948856661045532	34.15	16.26972972972973	4.470827003282641	13.208927038626609	13.277308402017468	3.867485290074237	8.300812931943307	4.98065879520579	17.912544378698225	20.351351351351354	22.562	12.217142857142855	0.0	19.76	12.829216061185468
35.955	13.28098765432099	19.72664241235597	0.0	0.0	43.6	32.16336134453782	39.91692307692309	20.787368421052637	49.64	22.380000000000003	0.0	20.7695	37.80444444444445	31.2	22.510204081632654	21.11317994799381	22.410000000000004	21.994132029339852	40.8	27.867884615384614	18.11770491803279	21.63484354857612	29.304242424242425	16.94857142857143	19.56510352443177	19.25151608950797	30.09970802919708	33.592592592592595	30.62814814814815	0.0	0.0	0.0	19.650526315789477	21.531891891891892	7.932661870503597	0.0	0.0	31.160000000000004	28.72571428571429	18.848105383734254	25.681243523316063	18.419607843137257	26.67	33.28	27.48	22.72	23.804097560975613	26.657142857142865	13.792969696969696	6.768237746555188	23.912727272727277	9.051037691949745	0.0	12.8959976293955	8.558784067085956	6.901136631704441	17.247120590648073	16.860000000000003	5.437778664405766	6.548078445680927	16.381110310021633	26.117272727272727	18.55834196891192	0.0	0.0	21.82	11.831041009463725
0.0	0.0	0.0	31.98095104895105	32.88	29.103589743589744	29.16045801526717	32.746206896551726	17.002348387096777	32.869156223893064	35.14666666666667	18.148076358296624	0.0	35.706	19.54	0.0	0.0	0.0	0.0	31.45931034482759	0.0	0.0	0.0	26.032032	0.0	44.82666666666667	0.0	31.110050195203577	34.32266666666667	30.440000000000005	0.0	0.0	33.46857142857143	33.12253164556962	15.484157480314964	0.0	0.0	0.0	18.72	12.15315898713159	11.975004821600772	17.12754261736166	13.2924310541895	3.780578496085613	28.64040133779265	6.917245460440986	33.5969696969697	18.17567424643046	12.032128603104214	0.0	30.537142857142857	32.20283870967742	30.63586206896552	2.8415153216219786	24.552	15.68	26.911111111111115	4.070832012273076	31.325714285714287	33.494588235294124	34.15441860465116	3.3484795097663733	18.49248280768319	16.659819819819823	35.29600000000001	23.612631578947365	16.87481481481482	17.039536327882427
0.0	0.0	0.0	0.0	0.0	0.0	0.0	0.0	0.0	0.0	0.0	0.0	0.0	0.0	0.0	0.0	0.0	0.0	0.0	0.0	0.0	0.0	0.0	0.0	0.0	0.0	0.0	0.0	0.0	0.0	0.0	0.0	0.0	0.0	27.160000000000004	25.22	31.160000000000004	18.72	0.0	2.8479466271312086	20.176	2.6209416195856874	8.961450151057402	20.1	12.3264	7.952277227722773	16.462857142857143	4.573333333333333	2.702149736098257	0.0	34.08	15.4	0.0	18.25	0.0	19.16333333333333	29.6	13.900689655172414	0.0	17.464000000000002	29.1875	20.469090909090912	3.868654545454546	23.380000000000003	0.0	2.2303797763280526	0.0	3.181159074648224
0.0	0.0	0.0	32.0304	0.0	0.0	28.820952380952384	35.39	16.62857142857143	31.940895522388065	32.84	21.863333333333337	33.760000000000005	0.0	0.0	0.0	50.440000000000005	36.29333333333334	49.2	31.360909090909093	26.92	0.0	0.0	24.1644	26.0	39.74	36.91428571428572	28.40142857142857	29.81142857142857	34.8	0.0	0.0	30.540000000000003	30.76	10.343680623174292	26.74222222222222	28.72571428571429	12.15315898713159	2.8479466271312086	0.0	11.484483410504398	5.509779912219325	12.781364985163204	7.408277129351532	18.39182690629908	7.333208709570259	23.14056105610561	8.710383228735479	4.361428066454578	0.0	26.438271604938272	23.817850287907863	22.387725072604063	8.556178559091084	22.86909090909091	22.26181818181818	24.932907801418445	12.05874704491726	21.874825870646767	23.989169014084503	24.995038600102937	11.87030962841456	10.59296612737078	16.792374350086654	25.577263157894738	2.940221669458687	15.003636363636364	10.185522089439248
29.89333333333333	27.46666666666667	31.892844036697248	29.60178823529412	0.0	31.28989898989899	26.26292134831461	31.447901234567905	14.906790383804305	30.19009563797528	43.226666666666674	29.36736377025037	37.45647058823529	33.040000000000006	26.256	29.015135135135136	35.72888888888889	43.70399999999999	40.16615384615385	29.4543084960132	28.923809523809524	25.613333333333337	32.383132530120484	23.6255951273158	34.64	37.163456790123455	32.23184466019418	26.36075916000352	31.18518518518519	26.03762162162162	0.0	41.93333333333333	29.99505154639175	30.33363636363637	6.906195094124358	24.5752380952381	18.848105383734254	11.975004821600772	20.176	11.484483410504398	0.0	11.055139825984234	10.688881234302118	5.106352849205685	25.579608638933177	19.000724637681163	30.41947521865889	8.437356322169489	16.219818511796735	16.745	17.679507948257026	28.225457570715477	22.659582994855132	13.999929865575686	13.328844961889606	15.172898272552786	15.454026123205187	8.377844056774839	29.288407643312105	26.5845336873548	25.353132010353757	6.356766029589335	13.79427002893758	6.905710288797621	32.42690909090909	21.822513661202187	13.016155717761558	13.84010531235395
