0.0	24.545454545454547	16.889244335578688	16.145927977839335	14.86	17.291764705882354	6.049606915150108	8.895848007414273	11.836666666666668	15.464424379232506	20.02041379310345	17.317	25.986666666666668	4.161239382524559	0.0	14.948387096774193	18.26020277414941	26.969600000000003	21.773659472422064	14.290125944584384	12.87775880469584	13.3287323943662	16.217102577873256	13.704350064350066	26.304615384615385	23.912761050608584	24.298207381370823	13.274812791258237	4.687224871804067	5.934063522926943	0.0	13.273333333333332	10.270208333333333	10.650523278688524	25.8	28.840000000000003	31.026666666666664	0.0	0.0	31.72000000000001	25.528205128205126	31.33	15.44	31.06	0.0	0.0	0.0	26.52	0.0	22.081666666666667	0.0	34.040000000000006	35.892	0.0	24.47310344827586	14.293333333333331	25.57176470588235	22.94168498168498	27.48	35.37391304347826	33.407272727272726	24.35412186379929	26.76387096774194	24.2064	0.0	0.0	26.06	23.933333333333337
24.545454545454547	0.0	7.198683693516699	0.0	0.0	29.653333333333336	20.93481481481481	26.50939759036145	13.10850645248624	26.745	11.672551724137932	24.79076923076923	7.591158073723204	26.430769230769236	20.06805194805195	10.99919191919192	7.804064565327911	14.792000000000002	7.282518649639651	35.720000000000006	19.74625	4.712641868447562	11.446186666666668	14.443709825528009	4.316805555555556	7.223571962337468	5.50602439097474	18.651875	21.76888888888889	19.732727272727274	11.44896551724138	28.3	27.24	8.663963133640554	24.54	2.2518862864294658	10.20014880952381	0.0	0.0	0.0	24.923076923076927	28.96	0.0	0.0	15.021538461538464	0.0	14.97391304347826	28.57333333333333	0.0	14.712	11.80624746450304	15.865	11.653870967741938	0.0	17.73	8.386666666666667	12.272876712328769	21.386666666666667	6.55774358974359	9.931689008042897	8.94415612337716	30.040000000000003	25.12	21.95555555555556	15.52	0.0	0.0	12.435764705882352
16.889244335578688	7.198683693516699	0.0	26.1075	0.0	27.31904436860069	18.69927196591243	21.924784139336676	15.354174757281552	22.72126984126984	35.015462184873954	34.50222222222222	40.98666666666667	19.88168951685326	27.49	13.496556291390728	6.096292806159275	15.47368421052632	10.601803952778884	27.51333333333334	11.380213361735755	10.989213793103447	6.285910000945188	18.658115183246075	15.155555555555557	6.966684078051398	5.886634563544577	16.807354750512648	18.370501408450707	16.151208820942976	43.620000000000005	32.486666666666665	22.305	9.180731161402637	31.314074074074075	10.648007761966364	17.929444570392203	0.0	0.0	40.82666666666667	31.71280898876405	36.54086956521739	25.64307692307693	41.32000000000001	22.68848484848485	0.0	21.8264	34.38470588235295	0.0	23.25521472392638	19.10125568698817	25.57777777777778	20.12517647058824	0.0	26.874071428571437	19.64780487804878	19.72840087841885	26.677627118644068	17.90457399103139	17.729647361647363	16.951453014574106	28.128467741935488	29.57513513513513	27.79541547277937	30.48	0.0	30.49	19.4984140969163
16.145927977839335	0.0	26.1075	0.0	21.592	11.086641033224884	8.43208744106301	17.49086353467562	10.028944005634653	6.417767476105422	31.11510204081633	8.218542559706062	36.96	19.623125541125543	13.69045013239188	0.0	31.08	33.36800000000001	29.22	3.235572668089534	19.56	17.808	21.094117647058827	4.1808661972986725	0.0	32.95428571428572	35.822857142857146	3.7045418848167535	19.431800583399628	13.10511627906977	0.0	28.06	17.808699580509845	17.84407982261641	26.8	0.0	0.0	30.14913793103448	0.0	30.503683241252304	26.56451718494272	30.650619469026548	14.846446700507617	30.072272727272725	45.48	20.038503401360547	0.0	40.63636363636364	22.086101694915257	0.0	0.0	0.0	0.0	28.46251700680272	30.6	0.0	0.0	24.11103039873668	0.0	51.040000000000006	54.6	28.10710232158212	38.47924528301887	26.605	0.0	48.52	31.28	38.38451612903226
14.86	0.0	0.0	21.592	0.0	2.687741076458237	18.31	2.2259452054794524	10.494545454545456	17.054933333333334	13.306666666666668	11.50108695652174	0.0	4.720000000000001	2.484841336366902	0.0	0.0	16.720000000000002	32.440000000000005	18.87	0.0	18.92	0.0	19.142222222222223	0.0	16.4	20.08	20.725	3.296410256410257	24.0	0.0	2.447159068285885	0.0	2.540236842105263	0.0	0.0	0.0	0.0	0.0	41.64	41.18	0.0	0.0	0.0	0.0	0.0	0.0	0.0	0.0	0.0	0.0	0.0	0.0	0.0	0.0	0.0	0.0	39.46666666666667	0.0	0.0	0.0	0.0	0.0	0.0	0.0	0.0	0.0	0.0
17.291764705882354	29.653333333333336	27.31904436860069	11.086641033224884	2.687741076458237	0.0	9.60628646910177	4.515602994502282	15.642274690469335	6.556224933114062	16.872634271099745	7.171116075482665	23.570952380952384	10.761774928294248	3.1195006608899987	22.92	29.49752808988764	21.52256880733945	30.864615384615387	9.82519709691191	22.78137931034483	19.809000000000005	24.63722991689751	14.172538234160134	21.880000000000003	25.345110132158588	25.77563829787234	11.800747558962597	10.496619283310237	18.926153846153845	23.0	2.686127211140384	20.3615306122449	5.9605002302759775	33.17333333333333	0.0	44.2	33.658850574712645	0.0	34.84802946593002	29.60463861920173	33.910478796169635	19.746674727932287	34.017916666666665	51.00333333333333	27.607668393782383	35.29333333333334	39.58107142857144	28.826666666666664	38.52	43.16	29.68	0.0	33.23220338983051	37.99	20.3	40.6	27.952217071791974	0.0	46.08571428571429	45.824	31.51004602991945	40.05078651685393	27.703892617449668	0.0	47.440000000000005	33.36	40.063
6.049606915150108	20.93481481481481	18.69927196591243	8.43208744106301	18.31	9.60628646910177	0.0	9.620013391408792	9.578886715652589	4.923038571251396	25.324293085655317	10.980433212996392	32.54909090909091	7.453037495568184	14.545741543798789	13.584150943396228	18.79580783528739	30.406666666666663	23.26539168017288	8.832007912957469	12.570146983943788	12.96526610644258	14.814585782679838	8.018522561777	28.37333333333333	24.803105740879925	22.38851838098775	7.428658394357657	13.36651674108162	5.680972147001934	0.0	20.917391304347824	13.154056120374136	14.442002538428994	25.049743589743592	26.74	31.664000000000005	28.31830188679245	0.0	28.778823529411767	24.024766370792165	27.980980392156862	13.477797323135755	28.234393404004717	40.07652173913044	21.477235772357723	47.760000000000005	31.89903083700441	25.756	24.684528301886797	35.63333333333334	46.68	36.760000000000005	27.26644705882353	26.185542168674697	15.255	29.062857142857144	22.03356179775281	34.660000000000004	43.764	32.3625730994152	24.34577080491132	30.419287211740045	23.62020774315392	0.0	39.06222222222223	26.53578947368421	28.57605633802817
8.895848007414273	26.50939759036145	21.924784139336676	17.49086353467562	2.2259452054794524	4.515602994502282	9.620013391408792	0.0	14.47915306754803	9.784054992595658	14.89172486772487	16.65433905696375	20.88747663551402	4.268679245283019	13.219851851851852	19.44470588235294	22.85829488465396	20.766803519061583	25.880052787858794	16.378868413188567	17.499959819186337	16.51830463576159	19.98818609282514	15.616392493698068	28.81538461538461	27.73354473386184	27.41897239263804	15.491534151661607	6.422329513582819	11.818991115140523	24.12	2.5416023738872404	15.520700152207002	7.174261348005503	28.61047619047619	31.05	36.05800000000001	34.10658823529412	0.0	33.55018867924529	27.972594420193587	32.05441441441442	18.35179752066116	32.8110447761194	44.806315789473686	28.14120805369128	35.53333333333334	34.93554140127389	31.04923076923077	26.812	41.370000000000005	41.27333333333333	38.815384615384616	32.21507246376812	28.070085470085463	18.30307692307692	33.75	26.146706056129982	29.85333333333333	39.908750000000005	36.58352941176471	28.6381141439206	33.7125	27.80871239470518	0.0	47.56	31.08459016393443	33.271737089201885
11.836666666666668	13.10850645248624	15.354174757281552	10.028944005634653	10.494545454545456	15.642274690469335	9.578886715652589	14.47915306754803	0.0	12.880734735009847	29.98097826086957	4.922209334657398	23.371068493150684	15.701511535401751	3.859223871286357	5.682441860465116	21.39438016528926	29.402500000000003	25.97510204081633	11.3231001984127	11.728322147651006	4.987287424269641	18.85899497487437	5.011384368263093	20.150401737242127	22.48183632734531	18.57873863881444	10.151690594784649	14.309016053858103	9.84531976744186	0.0	25.757647058823533	12.343172905525847	19.7160450563204	13.554517374517374	33.32000000000001	28.160000000000004	17.062065934065934	34.6	18.064706328154607	13.446908545727135	18.608	2.504458995448375	17.49242501270971	33.11833333333334	8.325488530161428	0.0	17.972631578947368	9.432947976878614	9.5415	24.85333333333333	38.188	30.153333333333336	16.11027707808564	15.46289156626506	2.1485232815964523	19.83644444444445	10.987531572904707	33.160000000000004	37.824	33.720000000000006	13.843424173407683	16.070264900662256	12.45210694467799	43.0	33.8	14.85265306122449	15.66053475935829
15.464424379232506	26.745	22.72126984126984	6.417767476105422	17.054933333333334	6.556224933114062	4.923038571251396	9.784054992595658	12.880734735009847	0.0	26.521635741307875	5.198527055343276	32.985454545454544	17.46028023117493	14.975906614785991	22.333333333333336	29.160000000000004	31.573107344632767	30.377419354838707	3.550456260969998	17.366060606060607	16.155	19.435854922279795	8.448286748353901	32.59111111111112	32.14873180873181	34.01349665924276	6.446123796576312	19.31827670527671	15.716	34.24	23.60669603524229	18.552362645244585	19.551790906279	31.224	44.21333333333333	0.0	31.673389121338914	0.0	31.90095911949686	26.855011914217634	31.163778234086248	17.114587549305437	31.176577946768067	47.8	22.789907485281752	38.45333333333333	38.87882352941177	27.215890410958902	25.640000000000004	0.0	45.43	0.0	30.296447497546616	30.53333333333334	20.72	30.630000000000003	25.222205714285717	34.68	44.58	45.905	29.393010971149938	38.57451327433628	26.42938775510204	47.120000000000005	43.46	31.34666666666667	39.855384615384615
20.02041379310345	11.672551724137932	35.015462184873954	31.11510204081633	13.306666666666668	16.872634271099745	25.324293085655317	14.89172486772487	29.98097826086957	26.521635741307875	0.0	26.190147143130133	3.852514182395653	14.947293322062556	33.31	19.88947368421053	18.207198641765707	3.7051041040181	4.016973027989822	27.13717314487632	16.334518518518518	22.67586206896552	22.650032432432432	28.18439414114514	4.359851547694252	5.521541568206231	7.53554923925765	27.34119318181818	10.614069844058864	22.08869135802469	4.03957370589289	12.236971279373368	25.48	4.473170889892127	39.010000000000005	13.304000000000002	23.08	52.8	0.0	51.11478260869565	41.94156521739131	48.123636363636365	36.17333333333333	52.986666666666665	14.89341414141414	41.712	15.305752844667902	44.12888888888889	0.0	40.48	0.0	17.203531034482758	19.478297872340427	51.06333333333333	37.266666666666666	36.4	26.880000000000003	38.831587301587305	7.574629898403484	17.295762331838567	16.862561822728537	41.77323076923077	43.251428571428576	39.21333333333334	18.733853211009176	51.48	43.120000000000005	38.26857142857144
17.317	24.79076923076923	34.50222222222222	8.218542559706062	11.50108695652174	7.171116075482665	10.980433212996392	16.65433905696375	4.922209334657398	5.198527055343276	26.190147143130133	0.0	31.71569620253165	17.98569330225604	4.195781764429215	52.6	37.66666666666667	30.246548042704624	30.641012658227844	3.5925980359297496	23.44	16.65925925925926	33.32666666666667	8.295252416756176	31.084444444444443	32.07017857142857	33.37781291172596	10.049283489096574	18.72599689243591	25.51142857142857	33.60363636363637	22.127329842931932	21.081538461538464	18.805320079522865	40.34	36.760000000000005	0.0	28.732682926829277	0.0	29.577604306864067	25.53377049180328	29.993417721518988	12.433206406769417	28.693496932515338	49.24	18.538522522522523	16.93	35.261538461538464	19.093968253968253	0.0	0.0	44.24	0.0	28.15319884726225	0.0	0.0	0.0	22.363406326034067	23.56	41.720000000000006	44.41333333333333	27.030947832476123	35.78256410256411	30.24	0.0	48.440000000000005	31.72000000000001	35.89818181818182
25.986666666666668	7.591158073723204	40.98666666666667	36.96	0.0	23.570952380952384	32.54909090909091	20.88747663551402	23.371068493150684	32.985454545454544	3.852514182395653	31.71569620253165	0.0	20.494088050314467	30.340000000000003	21.535000000000004	29.071111111111115	8.64770739464617	9.920666666666667	33.90988505747127	22.880000000000003	15.628558679161092	31.46909090909092	25.90602564102564	3.9957030799049726	4.8943064671392325	4.479040475019324	33.918260869565216	16.436491228070178	30.22133333333333	4.417437934458789	17.73846153846154	0.0	9.438365458750964	0.0	10.502033898305086	20.966666666666665	0.0	0.0	28.1	47.28	48.5	39.040000000000006	46.2	14.764673913043476	32.24	16.332664141414142	37.32000000000001	0.0	0.0	0.0	17.946514472075012	18.91796178343949	43.2	27.880000000000003	0.0	34.2	44.184	7.374362657091562	17.259064807219033	18.0454848402076	45.220000000000006	44.040000000000006	41.32000000000001	18.99908396946565	0.0	0.0	21.329600000000003
4.161239382524559	26.430769230769236	19.88168951685326	19.623125541125543	4.720000000000001	10.761774928294248	7.453037495568184	4.268679245283019	15.701511535401751	17.46028023117493	14.947293322062556	17.98569330225604	20.494088050314467	0.0	27.461875000000003	18.384186046511623	21.070713665798785	20.61303703703704	24.333127662700164	18.17894600014856	15.215247067871562	15.354836879432623	18.054027793729183	16.264919645785504	26.92	25.944342010122927	25.712550374208405	16.420103373231775	5.676621432061405	9.706034327154232	21.726666666666667	2.7704149834741094	13.619632352941176	10.605631529236671	27.9664	30.404444444444444	33.37379310344828	36.7	0.0	36.79441340782123	28.617267552182163	33.327441860465115	21.805	35.01962264150944	38.52	32.553000000000004	33.41333333333334	32.56266666666667	37.24	24.38705882352941	35.720000000000006	37.18	38.53333333333334	34.80927536231884	26.55179487179488	16.872727272727275	27.045714285714286	26.040517857142863	27.76	37.18448979591837	35.1585628742515	28.29273579989578	31.34375	27.144	0.0	37.4	29.75466666666667	32.79858823529412
0.0	20.06805194805195	27.49	13.69045013239188	2.484841336366902	3.1195006608899987	14.545741543798789	13.219851851851852	3.859223871286357	14.975906614785991	33.31	4.195781764429215	30.340000000000003	27.461875000000003	0.0	0.0	27.712	35.760000000000005	35.06	13.088349788434414	0.0	12.854647256438971	0.0	9.45821287779238	26.6912	29.28777777777778	26.30578947368421	14.931801850843769	27.968936170212764	0.0	0.0	5.224	18.683333333333334	21.125454545454545	0.0	0.0	0.0	27.640000000000004	0.0	37.64	32.480000000000004	36.02	10.933333333333334	29.46666666666667	0.0	19.352	0.0	0.0	17.12	29.880000000000003	0.0	0.0	0.0	27.97714285714286	25.04	0.0	24.520000000000003	25.588	36.8	0.0	0.0	28.99574468085106	24.880000000000003	0.0	0.0	0.0	0.0	0.0
14.948387096774193	10.99919191919192	13.496556291390728	0.0	0.0	22.92	13.584150943396228	19.44470588235294	5.682441860465116	22.333333333333336	19.88947368421053	52.6	21.535000000000004	18.384186046511623	0.0	0.0	16.556414565826334	24.64	20.07860465116279	0.0	3.86572191057132	5.14149329569513	3.324943370796287	4.434334409109041	17.856	19.080875160875163	5.616889503748661	5.08240543601359	12.12695352839931	12.05247666117518	0.0	0.0	13.094285714285714	12.6510394265233	21.766779661016948	16.27555555555556	22.65694915254237	0.0	0.0	29.75578947368421	24.35261213720317	28.22711111111111	16.73292307692308	25.76	29.360000000000003	15.920000000000002	0.0	25.303030303030305	21.28	17.371797665369648	26.133714285714284	32.74	29.34588235294117	27.32	19.063679210363976	9.655006535947711	18.5890385041756	19.22745247148289	0.0	29.9175	18.28856042545388	19.304167364016735	21.92285097192225	19.911445086705204	0.0	0.0	21.66492753623189	20.354962962962965
18.26020277414941	7.804064565327911	6.096292806159275	31.08	0.0	29.49752808988764	18.79580783528739	22.85829488465396	21.39438016528926	29.160000000000004	18.207198641765707	37.66666666666667	29.071111111111115	21.070713665798785	27.712	16.556414565826334	0.0	11.113246753246754	3.376372756238367	31.640000000000004	11.661886850387656	14.405632279534109	8.314996654665945	21.95844019497563	7.1070737913486015	4.934276778249156	10.902909288412184	18.096796200345423	16.261628029358814	13.170296846011132	0.0	33.74400000000001	19.778214285714288	5.256167852405644	33.976	10.15478443743428	19.52673037938025	0.0	0.0	0.0	33.2075	0.0	36.38	43.28	22.890666666666668	0.0	21.765925925925927	35.46	0.0	26.30028169014085	20.29	20.78456140350877	18.944441301272985	42.760000000000005	28.101629629629628	15.854285714285714	24.35648780487805	30.64216216216216	12.952405063291142	17.35330764290302	18.114237852348992	30.29793103448276	35.848	30.483809523809526	0.0	0.0	0.0	21.640583941605843
26.969600000000003	14.792000000000002	15.47368421052632	33.36800000000001	16.720000000000002	21.52256880733945	30.406666666666663	20.766803519061583	29.402500000000003	31.573107344632767	3.7051041040181	30.246548042704624	8.64770739464617	20.61303703703704	35.760000000000005	24.64	11.113246753246754	0.0	3.895119156736939	32.230303030303034	21.04012658227848	21.980387096774194	22.19751243781095	31.225040650406505	8.668545034642033	7.4588750622200095	10.101524164355723	26.430222222222227	16.17345021916093	22.61076923076923	8.840898587933248	16.06325581395349	25.392	8.784297356390379	0.0	15.808888888888893	0.0	0.0	0.0	31.96	46.525	47.32000000000001	38.760000000000005	47.68	17.77009523809524	40.553333333333335	16.952037470725998	47.760000000000005	0.0	0.0	0.0	19.353549214491828	20.54578073089701	44.720000000000006	0.0	0.0	39.58	42.60111111111112	11.24065	18.94143003763257	18.24812977983777	42.92	0.0	43.112	20.442767295597484	0.0	45.84	25.21333333333333
21.773659472422064	7.282518649639651	10.601803952778884	29.22	32.440000000000005	30.864615384615387	23.26539168017288	25.880052787858794	25.97510204081633	30.377419354838707	4.016973027989822	30.641012658227844	9.920666666666667	24.333127662700164	35.06	20.07860465116279	3.376372756238367	3.895119156736939	0.0	28.825573770491804	17.792234997637422	18.73256097560976	16.53678961234475	26.02536585365853	7.321037338764427	6.687655926407553	10.581290944123314	20.28602620087336	19.48932121155024	17.749963152264353	9.73032258064516	19.93714285714286	21.23588235294118	6.700823970037453	35.120000000000005	9.455903987611304	22.013513513513512	44.8	0.0	0.0	36.46666666666667	41.66666666666667	0.0	43.760000000000005	19.00517647058824	45.10666666666667	17.918802395209582	38.16	0.0	27.714838709677423	20.416	19.40598678540649	19.076685584563	0.0	30.105833333333333	24.520000000000003	28.766530612244896	34.548235294117646	10.587026279391427	17.76969500849446	17.11374858830684	35.29600000000001	33.224000000000004	31.801666666666662	20.167368421052632	0.0	28.12	21.150112359550565
14.290125944584384	35.720000000000006	27.51333333333334	3.235572668089534	18.87	9.82519709691191	8.832007912957469	16.378868413188567	11.3231001984127	3.550456260969998	27.13717314487632	3.5925980359297496	33.90988505747127	18.17894600014856	13.088349788434414	0.0	31.640000000000004	32.230303030303034	28.825573770491804	0.0	20.84	18.42	29.857777777777777	6.5929037656903775	32.83294117647059	33.474706994328926	34.74311300639659	4.665445428714692	18.27239556366204	21.489600000000003	35.80888888888889	24.23007299270073	16.817349212447176	19.551255766273705	25.42	35.18	0.0	29.270052910052907	0.0	30.09343101343101	25.26801576872537	30.12861111111112	14.893281385281384	29.80388888888889	49.94666666666667	21.289102844638958	53.2	37.40914285714286	22.47219512195122	0.0	0.0	43.5	43.68	28.156121212121214	35.88	0.0	0.0	24.234571730701447	0.0	44.80666666666667	41.33	27.611710213776725	38.47489361702128	23.912	0.0	0.0	49.16	37.35428571428572
12.87775880469584	19.74625	11.380213361735755	19.56	0.0	22.78137931034483	12.570146983943788	17.499959819186337	11.728322147651006	17.366060606060607	16.334518518518518	23.44	22.880000000000003	15.215247067871562	0.0	3.86572191057132	11.661886850387656	21.04012658227848	17.792234997637422	20.84	0.0	8.857108028986898	6.026995277409711	8.011358193636676	22.47272727272728	18.001710114702817	13.679675194272244	5.8984870709526005	13.114404945904171	5.531968596152596	0.0	27.6	14.796666666666669	6.571800475714433	23.404664310954065	22.35294117647059	26.97010989010989	0.0	0.0	29.778604651162794	25.127974068071318	29.217622377622384	18.43793103448276	27.987368421052636	29.940000000000005	0.0	0.0	26.32843537414966	23.44	18.964032361864486	28.917073170731708	34.72888888888889	32.294736842105266	34.120000000000005	21.1511101075622	11.85198682766191	20.2908364888124	20.98748448687351	23.35	31.786538461538463	23.752971428571428	21.84381895563922	23.50757430488974	21.681742379547693	0.0	0.0	23.09698630136986	22.512727272727275
13.3287323943662	4.712641868447562	10.989213793103447	17.808	18.92	19.809000000000005	12.96526610644258	16.51830463576159	4.987287424269641	16.155	22.67586206896552	16.65925925925926	15.628558679161092	15.354836879432623	12.854647256438971	5.14149329569513	14.405632279534109	21.980387096774194	18.73256097560976	18.42	8.857108028986898	0.0	9.860823307057576	6.228611917363838	12.700936507936508	15.131220889202542	8.358431831681889	8.36818643770808	10.06287543344892	9.445930040053408	18.94	21.3	10.983815028901734	12.14350324374421	14.44289855072464	2.250060606060606	12.895802469135802	0.0	0.0	23.495	18.0926582278481	19.67510204081633	8.51031847133758	23.936	0.0	13.16	0.0	16.2043137254902	15.12	8.932182066809924	17.15586206896552	26.653333333333336	19.21	0.0	12.224766446907	2.271770853493323	12.314157591287636	10.762617608409988	18.520000000000003	21.02139534883721	10.999019461077843	12.654958333333337	13.683867403314917	12.29540629403476	0.0	0.0	13.82642857142857	12.935342465753426
16.217102577873256	11.446186666666668	6.285910000945188	21.094117647058827	0.0	24.63722991689751	14.814585782679838	19.98818609282514	18.85899497487437	19.435854922279795	22.650032432432432	33.32666666666667	31.46909090909092	18.054027793729183	0.0	3.324943370796287	8.314996654665945	22.19751243781095	16.53678961234475	29.857777777777777	6.026995277409711	9.860823307057576	0.0	14.214057735971457	21.12625	14.63090089949647	8.732460121776352	9.17334683107357	17.222564529558703	11.34665048007946	45.08	32.84666666666667	19.207500000000003	6.692222169430321	23.955384615384617	13.371308411214953	19.171896247796525	36.36	0.0	35.38166666666667	29.06814988290398	32.922909090909094	18.718709677419355	31.38142857142857	33.23692307692308	0.0	23.64	29.9487323943662	0.0	17.846194284997335	24.781115879828327	31.091428571428576	29.263058823529416	35.08	21.46892979127135	11.403222918531782	20.8246948302912	22.22610256410257	22.155789473684216	27.74878048780488	19.20007939077434	23.59042973286876	25.61621621621622	21.707987753966044	0.0	0.0	24.23090909090909	21.545520000000003
13.704350064350066	14.443709825528009	18.658115183246075	4.1808661972986725	19.142222222222223	14.172538234160134	8.018522561777	15.616392493698068	5.011384368263093	8.448286748353901	28.18439414114514	8.295252416756176	25.90602564102564	16.264919645785504	9.45821287779238	4.434334409109041	21.95844019497563	31.225040650406505	26.02536585365853	6.5929037656903775	8.011358193636676	6.228611917363838	14.214057735971457	0.0	21.66521904761905	23.960202495028025	16.68805619538939	4.25067545983822	14.220834756055243	11.634184612131252	30.6	24.724615384615387	13.597076923076925	14.012839608903684	21.190148571428573	25.48	28.720714285714287	26.2767816091954	0.0	26.08739687055477	21.659998146775383	26.380615191462645	11.101576267734709	25.252095808383235	36.90467289719626	16.6098307379824	31.190769230769227	26.32611973392461	21.012631578947367	18.58548868560424	28.97379310344828	39.08	34.16137931034483	24.52160188457008	19.884069608735217	10.459448946515398	20.60443995963673	19.60956202593589	22.48	40.18533333333333	26.33248120300752	20.57485886560459	24.58457598812396	20.457538950715424	44.92	34.887058823529415	22.67950259067357	23.610660522273427
26.304615384615385	4.316805555555556	15.155555555555557	0.0	0.0	21.880000000000003	28.37333333333333	28.81538461538461	20.150401737242127	32.59111111111112	4.359851547694252	31.084444444444443	3.9957030799049726	26.92	26.6912	17.856	7.1070737913486015	8.668545034642033	7.321037338764427	32.83294117647059	22.47272727272728	12.700936507936508	21.12625	21.66521904761905	0.0	6.806500157678966	5.708426526341958	28.076666666666664	20.81969230769231	22.989090909090912	8.763664122137405	0.0	28.160000000000004	9.791413828689372	0.0	2.636455696202532	16.64	0.0	0.0	0.0	52.28000000000001	31.6	0.0	41.540000000000006	10.859713831478537	38.08	9.886312713102775	34.24	0.0	0.0	0.0	13.221107771575785	11.924724409448816	38.17	0.0	0.0	0.0	0.0	4.324157377049181	12.943789764868605	10.96537253591714	40.18666666666667	0.0	44.52	14.10099706744868	0.0	0.0	17.969302325581396
23.912761050608584	7.223571962337468	6.966684078051398	32.95428571428572	16.4	25.345110132158588	24.803105740879925	27.73354473386184	22.48183632734531	32.14873180873181	5.521541568206231	32.07017857142857	4.8943064671392325	25.944342010122927	29.28777777777778	19.080875160875163	4.934276778249156	7.4588750622200095	6.687655926407553	33.474706994328926	18.001710114702817	15.131220889202542	14.63090089949647	23.960202495028025	6.806500157678966	0.0	6.874517253483452	23.285504207119743	21.38934185011977	22.24515790787667	4.3996033994334285	18.60916666666667	25.531764705882352	10.29440570779958	35.31428571428572	9.335739541396816	20.506585612968596	0.0	0.0	49.68	39.40983606557377	38.90285714285714	43.48666666666667	44.220000000000006	16.950434782608696	41.54857142857144	16.161518538229554	34.4975	0.0	27.959024390243904	19.10079812206573	17.935503466490594	18.01297531641144	42.855	30.825217391304356	23.948571428571427	28.81317919075145	35.90861538461539	9.452424429364587	16.949308077711773	16.322058145200586	36.09945945945946	35.19714285714286	31.33283018867925	19.64695172413793	0.0	40.02666666666666	21.07116173120729
24.298207381370823	5.50602439097474	5.886634563544577	35.822857142857146	20.08	25.77563829787234	22.38851838098775	27.41897239263804	18.57873863881444	34.01349665924276	7.53554923925765	33.37781291172596	4.479040475019324	25.712550374208405	26.30578947368421	5.616889503748661	10.902909288412184	10.101524164355723	10.581290944123314	34.74311300639659	13.679675194272244	8.358431831681889	8.732460121776352	16.68805619538939	5.708426526341958	6.874517253483452	0.0	13.028024082281126	21.306414128487333	22.436868421052637	6.79157495256167	19.67183673469388	26.746363636363636	11.14265911872705	33.05220338983051	8.913607741084192	16.872047164057737	0.0	0.0	34.955200000000005	30.098857142857145	35.68115942028986	26.576585365853656	36.57238095238095	17.45971063829787	39.71764705882354	16.724915662650606	35.30305882352941	34.24	18.30028169014085	19.446424425939945	18.526326882892704	18.618800715646103	41.92333333333333	23.336042296072502	10.496495956873316	20.129758771929826	29.54942731277533	9.337026985821009	16.740175235047012	16.336106863973214	27.04412213740458	33.19794871794872	29.62351648351648	19.16786991869919	0.0	32.688	19.788618025751077
13.274812791258237	18.651875	16.807354750512648	3.7045418848167535	20.725	11.800747558962597	7.428658394357657	15.491534151661607	10.151690594784649	6.446123796576312	27.34119318181818	10.049283489096574	33.918260869565216	16.420103373231775	14.931801850843769	5.08240543601359	18.096796200345423	26.430222222222227	20.28602620087336	4.665445428714692	5.8984870709526005	8.36818643770808	9.17334683107357	4.25067545983822	28.076666666666664	23.285504207119743	13.028024082281126	0.0	15.902712152281532	7.513711461275458	37.08	27.45263157894737	13.975921768639186	10.795795299967164	22.498766980146293	24.015	29.036	29.693888888888885	0.0	29.909737762237768	23.42961159062885	28.3658726899384	15.30217210100515	29.1181414701803	39.91583333333334	21.53721706864564	26.672	26.047631578947367	24.06095238095238	17.442602099455982	32.40615384615385	36.692	35.11368421052632	28.571210191082805	20.966021083598925	11.669520371325426	22.007167548500885	20.28137955590082	20.506666666666668	38.15864406779661	26.07387919463087	22.090105172108757	23.70195211786372	21.22962665237585	48.41333333333333	36.21	23.073404461687684	23.856779964221825
4.687224871804067	21.76888888888889	18.370501408450707	19.431800583399628	3.296410256410257	10.496619283310237	13.36651674108162	6.422329513582819	14.309016053858103	19.31827670527671	10.614069844058864	18.72599689243591	16.436491228070178	5.676621432061405	27.968936170212764	12.12695352839931	16.261628029358814	16.17345021916093	19.48932121155024	18.27239556366204	13.114404945904171	10.06287543344892	17.222564529558703	14.220834756055243	20.81969230769231	21.38934185011977	21.306414128487333	15.902712152281532	0.0	7.778769480091205	18.371428571428574	2.244285517050946	3.3852144413492566	5.964760081674324	26.0136170212766	24.05777777777778	30.929411764705883	41.894	0.0	40.652356020942406	30.837098723975828	35.25454545454546	25.4078021978022	39.608	36.720000000000006	35.75882352941177	28.304	30.46677966101695	35.940000000000005	20.241572052401747	33.28666666666667	34.04888888888889	34.482666666666674	41.73587301587302	20.967813163481956	12.888851063829788	19.57650671785029	27.19957610789981	24.60333333333333	33.23830985915493	32.42545454545454	24.890192490947207	28.750027700831023	25.27435508345979	0.0	48.120000000000005	27.128571428571423	27.63079365079365
5.934063522926943	19.732727272727274	16.151208820942976	13.10511627906977	24.0	18.926153846153845	5.680972147001934	11.818991115140523	9.84531976744186	15.716	22.08869135802469	25.51142857142857	30.22133333333333	9.706034327154232	0.0	12.05247666117518	13.170296846011132	22.61076923076923	17.749963152264353	21.489600000000003	5.531968596152596	9.445930040053408	11.34665048007946	11.634184612131252	22.989090909090912	22.24515790787667	22.436868421052637	7.513711461275458	7.778769480091205	0.0	34.92	20.485217391304356	9.54890816631768	5.798785956780712	23.90007662835249	23.41333333333333	29.579607843137257	0.0	0.0	29.92648648648649	24.487379553466507	29.489090909090912	17.161081081081083	29.573913043478264	40.5	0.0	17.8	27.46351931330473	0.0	20.352061281337047	29.598400000000005	36.48444444444444	33.010666666666665	30.96	21.606857790582342	12.499260424862314	20.92160805930431	21.75403114527893	30.352	33.05056603773585	31.277735849056604	22.304432184566885	24.929910447761195	22.389532190829087	0.0	0.0	24.624793388429755	23.41668016194332
0.0	11.44896551724138	43.620000000000005	0.0	0.0	23.0	0.0	24.12	0.0	34.24	4.03957370589289	33.60363636363637	4.417437934458789	21.726666666666667	0.0	0.0	0.0	8.840898587933248	9.73032258064516	35.80888888888889	0.0	18.94	45.08	30.6	8.763664122137405	4.3996033994334285	6.79157495256167	37.08	18.371428571428574	34.92	0.0	19.0	0.0	12.881206030150755	0.0	0.0	0.0	0.0	0.0	0.0	0.0	0.0	0.0	0.0	17.979166666666668	0.0	17.942597402597404	0.0	0.0	0.0	0.0	19.527479674796748	19.697142857142858	0.0	0.0	0.0	0.0	0.0	11.77111111111111	19.365811965811965	18.79054945054945	0.0	0.0	0.0	21.749473684210525	0.0	0.0	0.0
13.273333333333332	28.3	32.486666666666665	28.06	2.447159068285885	2.686127211140384	20.917391304347824	2.5416023738872404	25.757647058823533	23.60669603524229	12.236971279373368	22.127329842931932	17.73846153846154	2.7704149834741094	5.224	0.0	33.74400000000001	16.06325581395349	19.93714285714286	24.23007299270073	27.6	21.3	32.84666666666667	24.724615384615387	0.0	18.60916666666667	19.67183673469388	27.45263157894737	2.244285517050946	20.485217391304356	19.0	0.0	0.0	3.2733383345836464	0.0	0.0	0.0	0.0	0.0	46.120000000000005	41.98666666666667	42.4	28.96	0.0	0.0	0.0	0.0	0.0	0.0	0.0	0.0	0.0	0.0	0.0	0.0	0.0	0.0	34.13818181818182	21.64	0.0	0.0	38.45	0.0	34.36	0.0	0.0	0.0	0.0
10.270208333333333	27.24	22.305	17.808699580509845	0.0	20.3615306122449	13.154056120374136	15.520700152207002	12.343172905525847	18.552362645244585	25.48	21.081538461538464	0.0	13.619632352941176	18.683333333333334	13.094285714285714	19.778214285714288	25.392	21.23588235294118	16.817349212447176	14.796666666666669	10.983815028901734	19.207500000000003	13.597076923076925	28.160000000000004	25.531764705882352	26.746363636363636	13.975921768639186	3.3852144413492566	9.54890816631768	0.0	0.0	0.0	6.211879576891783	24.78	0.0	0.0	30.28	0.0	32.935	25.904383561643836	30.4	16.49238095238095	31.032	0.0	27.56	0.0	26.78857142857143	39.24	20.37935483870968	0.0	0.0	0.0	32.11	22.100722891566267	14.355555555555558	20.83294117647059	23.070470914127423	0.0	0.0	0.0	24.20615384615385	28.28941176470589	23.26194690265487	0.0	0.0	31.96	24.130000000000003
10.650523278688524	8.663963133640554	9.180731161402637	17.84407982261641	2.540236842105263	5.9605002302759775	14.442002538428994	7.174261348005503	19.7160450563204	19.551790906279	4.473170889892127	18.805320079522865	9.438365458750964	10.605631529236671	21.125454545454545	12.6510394265233	5.256167852405644	8.784297356390379	6.700823970037453	19.551255766273705	6.571800475714433	12.14350324374421	6.692222169430321	14.012839608903684	9.791413828689372	10.29440570779958	11.14265911872705	10.795795299967164	5.964760081674324	5.798785956780712	12.881206030150755	3.2733383345836464	6.211879576891783	0.0	28.192	12.236137931034484	18.268522727272728	43.79636363636364	0.0	43.34415094339623	31.7336717428088	38.56909090909092	22.62723404255319	41.247142857142855	13.8	37.52307692307693	21.446666666666665	32.536410256410264	0.0	18.91695652173913	19.622068965517244	22.32655737704918	21.932244897959187	43.32631578947369	22.087573964497043	14.447272727272727	21.062857142857144	28.7062507357269	11.37904761904762	20.6932987012987	18.25208878770632	30.35233644859813	28.03266666666667	27.15554376657825	0.0	0.0	30.415000000000003	26.1632
25.8	24.54	31.314074074074075	26.8	0.0	33.17333333333333	25.049743589743592	28.61047619047619	13.554517374517374	31.224	39.010000000000005	40.34	0.0	27.9664	0.0	21.766779661016948	33.976	0.0	35.120000000000005	25.42	23.404664310954065	14.44289855072464	23.955384615384617	21.190148571428573	0.0	35.31428571428572	33.05220338983051	22.498766980146293	26.0136170212766	23.90007662835249	0.0	0.0	24.78	28.192	0.0	22.540377358490566	19.001942857142858	15.88767527675277	16.240000000000002	14.902369584438553	5.555790042094671	11.745081690140848	11.58467248908297	14.994929851909587	20.461969696969696	14.7375	26.648571428571422	4.696577482901072	18.54571428571429	17.29818181818182	20.24522796352584	25.08920110192837	22.638924111431315	13.430308869368094	14.404039408866996	12.112	16.197635705669484	12.319823488115537	25.28	24.03888118575185	24.989501187648457	14.04527973816099	4.238574808331999	5.266708845358317	28.26	16.708837209302327	10.255873015873018	9.846799941631405
28.840000000000003	2.2518862864294658	10.648007761966364	0.0	0.0	0.0	26.74	31.05	33.32000000000001	44.21333333333333	13.304000000000002	36.760000000000005	10.502033898305086	30.404444444444444	0.0	16.27555555555556	10.15478443743428	15.808888888888893	9.455903987611304	35.18	22.35294117647059	2.250060606060606	13.371308411214953	25.48	2.636455696202532	9.335739541396816	8.913607741084192	24.015	24.05777777777778	23.41333333333333	0.0	0.0	0.0	12.236137931034484	22.540377358490566	0.0	8.27950354609929	36.8	26.32	24.366315789473685	22.058878504672897	27.28333333333334	13.421574553524252	29.710769230769227	9.690547770700636	18.528813559322035	9.062365529207636	26.102372881355933	19.346722164412075	11.85148717948718	9.446554920134096	11.468260869565215	9.09681120747165	32.89333333333334	17.640493827160494	5.0855738329628455	11.344908565928778	13.293827997652736	4.392065895307326	7.808723506743739	4.644123091762349	18.620686868686867	21.40440677966102	18.853818181818184	12.752	19.160000000000004	20.771764705882354	11.13170285714286
31.026666666666664	10.20014880952381	17.929444570392203	0.0	0.0	44.2	31.664000000000005	36.05800000000001	28.160000000000004	0.0	23.08	0.0	20.966666666666665	33.37379310344828	0.0	22.65694915254237	19.52673037938025	0.0	22.013513513513512	0.0	26.97010989010989	12.895802469135802	19.171896247796525	28.720714285714287	16.64	20.506585612968596	16.872047164057737	29.036	30.929411764705883	29.579607843137257	0.0	0.0	0.0	18.268522727272728	19.001942857142858	8.27950354609929	0.0	26.65285714285714	31.48	23.726280667320903	18.2533763000485	23.048193182700523	20.721882352941176	21.38082332761578	32.30222222222223	30.091428571428576	27.025	21.547319126545645	25.7575	14.482809364548496	6.362934270901615	13.532138364779874	8.32340638697558	26.63705263157895	12.190092439427849	12.642571428571427	7.608413372281727	20.061950286806884	49.84	6.657999481313885	6.939518880549048	15.734890130609168	28.466819603753912	14.450876736705222	45.260000000000005	34.85333333333334	21.626666666666665	13.259395683453238
0.0	0.0	0.0	30.14913793103448	0.0	33.658850574712645	28.31830188679245	34.10658823529412	17.062065934065934	31.673389121338914	52.8	28.732682926829277	0.0	36.7	27.640000000000004	0.0	0.0	0.0	44.8	29.270052910052907	0.0	0.0	36.36	26.2767816091954	0.0	0.0	0.0	29.693888888888885	41.894	0.0	0.0	0.0	30.28	43.79636363636364	15.88767527675277	36.8	26.65285714285714	0.0	0.0	12.188438324055085	10.655823095823097	16.785015556938397	13.928100929614876	5.587728942592838	30.81317365269461	7.475528396836808	37.48444444444444	19.984403544648945	17.036814159292035	0.0	30.2	34.760000000000005	32.58	2.803079389618941	20.36555555555556	0.0	23.217872340425536	3.092599963958913	35.392	35.236116504854365	37.4952	4.119532327022075	20.19285971007548	18.632592592592594	38.75333333333334	28.207619047619044	19.410000000000004	19.63332966428178
0.0	0.0	0.0	0.0	0.0	0.0	0.0	0.0	34.6	0.0	0.0	0.0	0.0	0.0	0.0	0.0	0.0	0.0	0.0	0.0	0.0	0.0	0.0	0.0	0.0	0.0	0.0	0.0	0.0	0.0	0.0	0.0	0.0	0.0	16.240000000000002	26.32	31.48	0.0	0.0	2.4567375886524827	21.03272727272728	3.440513447432763	8.956531791907514	22.56	11.645	12.498011695906431	17.4	9.427692307692308	2.6810778265070985	0.0	0.0	0.0	0.0	24.885	0.0	17.01	0.0	15.376708860759493	0.0	42.88	23.28	22.90571428571429	5.46	23.48	0.0	2.744952190146617	22.12	3.4733225283630467
31.72000000000001	0.0	40.82666666666667	30.503683241252304	41.64	34.84802946593002	28.778823529411767	33.55018867924529	18.064706328154607	31.90095911949686	51.11478260869565	29.577604306864067	28.1	36.79441340782123	37.64	29.75578947368421	0.0	31.96	0.0	30.09343101343101	29.778604651162794	23.495	35.38166666666667	26.08739687055477	0.0	49.68	34.955200000000005	29.909737762237768	40.652356020942406	29.92648648648649	0.0	46.120000000000005	32.935	43.34415094339623	14.902369584438553	24.366315789473685	23.726280667320903	12.188438324055085	2.4567375886524827	0.0	7.90165843563332	4.829080356634817	13.086463768115944	6.1215456326125866	18.65799363057325	5.864950854700854	25.118	7.995930739886242	3.172447583881844	22.880000000000003	27.126341463414636	25.41046153846154	28.42886075949368	9.548932979221997	17.625857203933307	17.95718309859155	19.779379766141336	11.176247609520724	28.275	28.620463458110518	26.484	11.274519742941091	9.995310409511593	15.307655172413794	27.3821686746988	4.343723868888606	19.293828306264505	7.325476458476321
