0.0	20.60421052631579	14.919673135852912	15.093942895989125	16.1	15.682772277227723	8.148482780018616	11.046828402366865	10.885525477707006	15.04712158182583	22.08533333333333	15.174511627906975	21.782857142857143	5.167433242506812	16.40727272727273	16.68	16.37008337420304	25.830413223140493	21.649401709401708	14.47186283595922	12.140724334031727	12.33047619047619	14.011458885941645	10.86182587876054	29.640000000000004	20.99601154216095	21.928621190130627	12.97524488676436	3.3049449725369384	7.319893204101321	0.0	18.0	7.713846153846154	10.8472599366866	25.1	21.28	27.614666666666672	0.0	0.0	0.0	23.682522522522525	34.94666666666667	13.427741935483873	26.22	0.0	0.0	0.0	28.9	0.0	21.371428571428574	36.24	0.0	0.0	27.76	22.258823529411767	13.12	24.306666666666665	22.2256043956044	0.0	33.38666666666667	27.11529411764706	23.108983050847463	26.662857142857145	22.53325966850829	0.0	0.0	24.59733333333333	24.148235294117647
20.60421052631579	0.0	7.001298245614036	23.676	25.342222222222222	22.48	17.92892857142857	24.89917808219178	11.334183245364732	21.95504761904762	11.06009900990099	17.31058823529412	8.47379719312117	25.709714285714284	18.890456062291435	11.70111801242236	7.783719008264464	11.7405	10.783004366812229	23.54	17.012198581560284	5.173917176331884	11.38136645962733	13.197730033541836	4.887061707485571	9.299334548294716	5.850277754677754	16.97626244874048	22.921538461538464	17.72308747855918	11.79818181818182	0.0	22.321290322580644	10.458942731277531	0.0	2.6205063291139243	11.847572953736655	0.0	0.0	0.0	27.540000000000003	28.05333333333333	0.0	34.68	11.346666666666668	0.0	11.269473684210528	0.0	0.0	0.0	11.60625	13.026666666666667	10.220157480314962	0.0	19.28	3.78	14.821935483870968	23.41333333333333	8.344347826086956	9.46599413489736	9.760716379029631	27.63636363636364	0.0	26.360000000000003	0.0	0.0	0.0	11.973333333333333
14.919673135852912	7.001298245614036	0.0	24.703809523809525	31.0	26.55444444444444	17.517263457954176	22.462186832394643	15.839615384615389	20.966895074946468	16.293877551020408	42.2	18.943111111111115	20.02054353225005	25.46	16.37	8.14859964422121	14.526263736263738	13.09237507018529	25.296	10.875146309949075	12.397000000000002	6.916684487493972	17.78311202255832	11.812	8.84216180422265	7.5262431171077235	15.38420493358634	17.458554122704182	15.270249601699415	17.366666666666667	28.8	15.184172661870504	8.354770221726744	29.160000000000004	9.16410973641743	17.527876384692853	37.57846153846154	0.0	37.2	31.49185185185185	35.55070967741936	22.986	36.89186813186814	20.392000000000003	0.0	18.806741573033708	34.16078947368421	0.0	22.490149253731342	18.45781307269396	27.953333333333337	21.68888888888889	36.50769230769231	24.692435233160623	10.682197802197802	19.339390128890287	29.059768115942028	15.38689655172414	16.617354755941108	17.162001904560363	30.251384615384616	34.41818181818182	26.751396648044693	0.0	0.0	28.55	18.571428571428573
15.093942895989125	23.676	24.703809523809525	0.0	21.33	10.339978969505784	13.62935691318328	15.227155963302751	12.94897078480046	6.77646089301768	28.453333333333337	7.37072175955584	21.98	19.290791931772038	15.280263157894735	0.0	25.952	0.0	31.860000000000003	2.9207006186847577	19.43142857142857	17.97506493506494	19.89333333333333	6.0933300485676085	0.0	32.34444444444445	28.52444444444445	4.439585380003868	18.926028171501745	16.013518776077888	0.0	26.440000000000005	16.63632850241546	17.232125244618395	28.82	0.0	34.14	29.84918918918919	0.0	34.89333333333334	27.079562841530056	32.32000000000001	15.892431791221828	31.340000000000003	44.120000000000005	8.651250000000001	0.0	33.408	0.0	0.0	0.0	0.0	0.0	28.046666666666663	29.24	0.0	36.16	23.047837150127226	0.0	0.0	34.64	29.603193277310925	32.86352941176471	29.145	0.0	0.0	31.040000000000003	30.386666666666667
16.1	25.342222222222222	31.0	21.33	0.0	4.618589680822502	19.603809523809524	5.642474747474748	10.54065573770492	19.597580071174377	8.343225806451613	12.723414925373136	3.9951113649343233	9.927241379310344	3.330147060465636	0.0	26.72	15.4	24.06	21.469705882352944	26.45	20.595	28.92	14.937029702970298	0.0	35.28666666666667	31.94400000000001	23.426666666666662	3.845962732919255	22.28	0.0	2.3591217564870264	0.0	3.014235976789169	0.0	0.0	0.0	0.0	0.0	0.0	36.52	0.0	20.0	0.0	0.0	0.0	0.0	0.0	0.0	0.0	0.0	0.0	0.0	0.0	0.0	0.0	0.0	0.0	0.0	0.0	0.0	0.0	0.0	0.0	0.0	0.0	0.0	36.0
15.682772277227723	22.48	26.55444444444444	10.339978969505784	4.618589680822502	0.0	8.64611954459203	6.945099123888822	7.16933611691023	5.397717836168004	18.19021176470589	5.682424923518761	8.589633418584826	12.761709092404493	3.5522780542623216	20.0	26.792	28.74909090909091	27.85866666666667	7.773135720880509	22.44	17.6875	23.411851851851853	11.837085201793723	0.0	31.26266666666667	28.890666666666668	8.984097363083164	11.891243901610768	20.443950617283956	27.380000000000003	3.836777054881504	16.26666666666667	12.325875588081548	0.0	0.0	47.2	28.986666666666668	0.0	0.0	26.937391304347823	27.0	12.528695652173912	27.4	0.0	15.68	17.251428571428573	31.56	0.0	35.32000000000001	0.0	0.0	0.0	25.48	0.0	0.0	0.0	22.233888888888888	0.0	0.0	0.0	27.09714285714286	27.880000000000003	27.586666666666662	0.0	0.0	27.040000000000003	29.01
8.148482780018616	17.92892857142857	17.517263457954176	13.62935691318328	19.603809523809524	8.64611954459203	0.0	9.458858771220267	9.068380218085691	4.786006209317845	25.77548387096774	12.037687861271678	21.462337662337667	8.975516880601209	13.583359288097888	13.088333333333331	20.4790273556231	29.831111111111117	25.395416666666662	13.386305084745764	12.706603912882985	11.634131448763252	13.30003729024239	7.984246427756938	25.96618181818182	25.25153494049436	22.70727413127413	6.892638438007242	13.185060200724749	5.765866383138106	35.480000000000004	22.91851851851852	12.90964581264482	13.970280138495436	24.400357142857143	23.78	29.140175438596494	26.793846153846157	0.0	28.774545454545454	22.680637204522096	28.335094339622646	11.25299812784167	26.828292682926836	37.28	27.186666666666667	35.040000000000006	29.864000000000004	0.0	26.8	33.817142857142855	0.0	0.0	24.89230769230769	24.56	17.990000000000002	29.28884210526316	21.140295081967217	0.0	33.54888888888889	28.358357771261	23.106720000000003	26.524891122278056	22.31608695652174	0.0	45.4	25.257404580152677	24.274866310160427
11.046828402366865	24.89917808219178	22.462186832394643	15.227155963302751	5.642474747474748	6.945099123888822	9.458858771220267	0.0	14.02645858058391	10.38473665683644	17.643800904977375	16.570332358513124	5.680442749233416	4.776766026812063	12.279676113360324	21.21846153846154	22.994016620498616	31.624242424242425	26.354126126126125	15.726113911941884	17.510079359405164	18.553769470404983	18.74186707410237	13.824881837020914	32.595000000000006	28.23268489086671	28.04508963093146	12.253253694198166	10.15464905711757	15.144507062146896	0.0	3.726893875075804	16.937087378640776	7.332572944297082	29.488421052631583	26.48	33.43121951219512	31.01657142857143	0.0	32.68	27.30695473251029	31.20526315789474	15.672536136662288	31.07448275862069	41.24	26.908571428571427	23.48	34.11741935483871	0.0	31.340000000000003	38.64	0.0	38.440000000000005	29.069508196721312	27.684000000000005	23.12	34.78622222222223	24.58035766070565	0.0	39.45913043478261	34.12613138686132	27.96609625668449	31.35295336787565	28.42552631578948	0.0	0.0	30.81333333333334	29.11572815533981
10.885525477707006	11.334183245364732	15.839615384615389	12.94897078480046	10.54065573770492	7.16933611691023	9.068380218085691	14.02645858058391	0.0	11.442690407811604	25.4112	3.499513207312265	22.781052631578948	14.929394313967862	4.18744821507272	4.923277870216307	19.438	25.43049504950495	24.091612903225805	8.98803706823926	9.571328398909234	4.978005477912776	11.848770053475937	4.764507068626534	18.40926251896813	23.67787787787788	16.047981683691443	8.985493487239225	11.31250373098784	9.10548695939254	0.0	19.17090909090909	10.640201793721976	10.554734219269104	13.854065934065934	0.0	24.462857142857143	16.996683937823835	0.0	14.76	12.57537873965627	19.25301204819277	2.275472108843537	17.797171717171718	32.53333333333334	7.541934112646122	10.146046511627906	17.97489655172414	7.970909090909092	9.35244094488189	0.0	0.0	34.440000000000005	14.56751269035533	11.017647058823531	2.0436875	23.9175	9.458561448391224	0.0	34.14666666666667	24.757241379310347	12.695260386190755	15.458051282051285	11.70152072072072	0.0	30.040000000000003	14.548181818181815	13.18495327102804
15.04712158182583	21.95504761904762	20.966895074946468	6.77646089301768	19.597580071174377	5.397717836168004	4.786006209317845	10.38473665683644	11.442690407811604	0.0	26.304055944055943	4.060284561743645	21.024516129032257	17.7108965915239	15.097989031078608	16.07	25.925	32.87692307692308	32.06322580645162	3.105501728783288	15.94975072463768	15.591644100580272	16.5903730017762	10.688430831760778	28.945454545454545	28.93518413597734	27.441021276595745	6.3377877034844605	19.53631986862894	15.307782002534855	0.0	23.296897689768976	17.865413870246083	17.6241689018556	25.515121951219516	0.0	32.188965517241385	30.615730337078656	0.0	28.136000000000003	26.0087868852459	31.203076923076924	14.168260254596891	30.805	43.84	23.163076923076925	0.0	30.926	0.0	0.0	0.0	0.0	0.0	28.82631578947368	0.0	0.0	33.017931034482764	23.58377664974619	0.0	35.82666666666667	32.225641025641025	27.821942857142854	28.90528	25.666046511627904	0.0	0.0	27.8625	27.238181818181825
22.08533333333333	11.06009900990099	16.293877551020408	28.453333333333337	8.343225806451613	18.19021176470589	25.77548387096774	17.643800904977375	25.4112	26.304055944055943	0.0	23.29544688026981	4.68968199737188	15.704604316546764	0.0	0.0	10.384000000000002	3.520044397744595	3.390167147501946	26.819325842696635	20.812	18.68774193548387	18.452727272727277	27.48275862068966	5.924801950030469	5.910118632240056	8.231574017864887	27.8672	8.610315547905909	22.13285714285714	6.691981981981982	10.532777777777778	22.08	4.783987669400338	0.0	13.26666666666667	31.96	0.0	0.0	0.0	0.0	25.8	0.0	0.0	15.88959349593496	0.0	15.501520661157024	0.0	0.0	0.0	29.24	17.952844720496895	17.993100436681225	0.0	0.0	0.0	0.0	35.28	10.59843137254902	17.699823008849556	17.818844984802432	39.48	0.0	29.12	19.19	0.0	0.0	15.820000000000002
15.174511627906975	17.31058823529412	42.2	7.37072175955584	12.723414925373136	5.682424923518761	12.037687861271678	16.570332358513124	3.499513207312265	4.060284561743645	23.29544688026981	0.0	18.05593837535014	17.776323355454416	3.50492726499362	18.96	0.0	30.980869565217397	29.63294117647059	3.1942885567425447	23.7	12.19636363636364	0.0	5.366988586479367	24.744000000000003	31.186	22.129836065573773	7.742713741427484	17.721424199704295	19.635	0.0	20.14099363057325	16.926153846153845	16.023574233176536	0.0	0.0	0.0	22.72	0.0	28.28	21.28	0.0	7.426502463054187	0.0	0.0	14.223846153846155	0.0	0.0	10.86	0.0	0.0	0.0	0.0	12.925	0.0	0.0	0.0	13.95054945054945	0.0	0.0	42.56	20.06	0.0	0.0	0.0	0.0	0.0	0.0
21.782857142857143	8.47379719312117	18.943111111111115	21.98	3.9951113649343233	8.589633418584826	21.462337662337667	5.680442749233416	22.781052631578948	21.024516129032257	4.68968199737188	18.05593837535014	0.0	7.257418244406198	29.6975	0.0	19.3032	7.7585478097835345	9.400718562874252	21.09872340425532	21.35333333333333	15.93939649122807	23.203076923076924	25.775938697318008	4.4440578240775945	3.3071889385981974	4.380349369163796	26.71767441860465	4.4508501029661485	21.671724137931037	2.660252172431419	5.185197346818152	30.880000000000003	5.003012196793202	34.720000000000006	12.116666666666667	29.26	0.0	0.0	0.0	34.7	47.440000000000005	23.2	0.0	15.530264550264553	0.0	6.97878300803674	0.0	0.0	0.0	24.371428571428574	17.41147265077139	17.005072765072764	36.88	0.0	20.6	28.28	26.48	9.57741935483871	16.75168885774352	17.232550335570473	28.12	0.0	0.0	18.139644970414203	0.0	33.0	18.04666666666667
5.167433242506812	25.709714285714284	20.02054353225005	19.290791931772038	9.927241379310344	12.761709092404493	8.975516880601209	4.776766026812063	14.929394313967862	17.7108965915239	15.704604316546764	17.776323355454416	7.257418244406198	0.0	21.460350877192983	21.631111111111117	20.77379636060564	30.187835051546397	26.16603696098563	19.20550501940838	16.72375651803767	16.430469798657718	17.644510735944927	15.137489276336176	32.586666666666666	25.933712355755706	27.194948240165637	17.513348534564262	4.890131569276003	13.246488333520398	0.0	2.791602941176471	9.71875	10.820742523203853	29.163636363636368	34.528000000000006	31.9353560371517	34.192	0.0	0.0	28.43804878048781	35.27142857142858	17.43212765957447	31.69333333333334	0.0	0.0	21.64	35.0225	0.0	26.289090909090916	36.13	0.0	40.84	32.31111111111112	26.28352941176471	18.54105263157895	33.21473684210527	26.797942583732056	0.0	36.62909090909091	32.630806451612905	27.56515151515152	30.9683870967742	26.262708933717583	0.0	0.0	30.502857142857145	28.10443113772455
16.40727272727273	18.890456062291435	25.46	15.280263157894735	3.330147060465636	3.5522780542623216	13.583359288097888	12.279676113360324	4.18744821507272	15.097989031078608	0.0	3.50492726499362	29.6975	21.460350877192983	0.0	18.3	27.52	31.973333333333336	33.120000000000005	9.528704663212435	19.51333333333333	13.520072793448591	19.160000000000004	6.123009778201765	26.002857142857145	31.440000000000005	22.86356687898089	15.646224489795918	20.02602150537634	16.113846153846158	0.0	6.336678200692042	17.0625	15.315	0.0	0.0	0.0	23.68	0.0	0.0	0.0	0.0	8.358933333333335	0.0	0.0	14.175999999999998	0.0	0.0	0.0	0.0	0.0	0.0	0.0	0.0	0.0	0.0	0.0	14.370666666666668	0.0	0.0	0.0	21.78666666666667	0.0	0.0	0.0	0.0	0.0	0.0
16.68	11.70111801242236	16.37	0.0	0.0	20.0	13.088333333333331	21.21846153846154	4.923277870216307	16.07	0.0	18.96	0.0	21.631111111111117	18.3	0.0	19.114285714285717	26.954285714285717	22.04809523809524	0.0	3.586967421818894	5.2227216358839055	2.972547035162839	4.682862351016593	19.166153846153847	20.7152380952381	4.683822895821715	4.594727067386122	13.302222222222222	11.608372093023258	0.0	0.0	0.0	9.487204081632656	20.67719298245614	0.0	16.148601036269433	29.39333333333333	0.0	31.040000000000003	23.160000000000004	27.597600000000007	10.931	28.26	36.96	0.0	0.0	25.95595505617977	0.0	17.266828199510247	24.683636363636367	0.0	24.12	29.8	18.010608604407135	8.624613636363637	17.247867547560297	19.49501976284585	0.0	0.0	17.632062033314188	18.75836397748593	22.909444444444443	17.372652745552976	0.0	0.0	20.395000000000003	17.467789473684213
16.37008337420304	7.783719008264464	8.14859964422121	25.952	26.72	26.792	20.4790273556231	22.994016620498616	19.438	25.925	10.384000000000002	0.0	19.3032	20.77379636060564	27.52	19.114285714285717	0.0	10.289471032745592	3.292847513008142	24.4	11.83042928627864	14.848266666666666	5.306965801978655	19.77135869565217	12.422222222222222	7.53981308411215	10.110058264438234	18.70677382319173	16.42651144741948	13.252593511788689	13.8	27.24	16.52193548387097	4.154507373224807	0.0	10.331	18.97978996138996	39.040000000000006	0.0	0.0	34.562	38.93714285714286	32.8	38.955	28.293333333333333	41.36	26.3	36.470000000000006	0.0	24.672500000000003	18.224899598393574	23.792	18.907737226277373	0.0	26.94736842105264	17.192	22.843212851405625	30.634666666666668	17.668571428571433	17.085498575498576	18.710026146898027	30.865822784810128	37.2	29.146666666666665	26.160000000000004	0.0	0.0	20.25263157894737
25.830413223140493	11.7405	14.526263736263738	0.0	15.4	28.74909090909091	29.831111111111117	31.624242424242425	25.43049504950495	32.87692307692308	3.520044397744595	30.980869565217397	7.7585478097835345	30.187835051546397	31.973333333333336	26.954285714285717	10.289471032745592	0.0	2.5471998399146214	33.620000000000005	23.501782178217823	18.594133333333332	20.05362255965293	28.972777777777782	8.072966093461577	6.499170443198402	9.094316810599787	28.49230769230769	23.689370424597364	22.14651685393259	8.972068965517241	17.226666666666667	25.495384615384616	10.118635294117649	0.0	13.175	25.15555555555556	0.0	0.0	0.0	0.0	0.0	0.0	0.0	17.00372277227723	0.0	16.624347826086957	51.52	0.0	37.08	25.72	19.257171888230317	19.040262049602244	0.0	34.5	19.32	32.760000000000005	34.08	11.933577981651377	18.81126453756692	18.79277989949749	38.448	0.0	0.0	20.44764705882353	0.0	0.0	18.885
21.649401709401708	10.783004366812229	13.09237507018529	31.860000000000003	24.06	27.85866666666667	25.395416666666662	26.354126126126125	24.091612903225805	32.06322580645162	3.390167147501946	29.63294117647059	9.400718562874252	26.16603696098563	33.120000000000005	22.04809523809524	3.292847513008142	2.5471998399146214	0.0	29.640000000000004	19.296420911528152	18.206540880503145	17.138761253150882	24.445737373737376	8.6238894703789	6.041219477092829	11.199992442080172	23.851693548387097	20.474016072532457	17.22249045801527	10.336062992125983	24.586666666666662	21.777198697068403	6.569741125406914	0.0	11.09032258064516	21.344752475247525	0.0	0.0	0.0	36.96	41.32000000000001	23.160000000000004	0.0	16.92587813620072	40.24	17.09086294416244	40.013333333333335	0.0	30.274893617021277	19.57768924302789	19.335624515128007	18.614942215203502	0.0	29.17	19.24	28.15692307692308	33.756	11.472572298325725	18.16008566905671	18.628553522692812	30.914074074074072	0.0	29.76363636363637	20.98680412371134	0.0	0.0	18.83378640776699
14.47186283595922	23.54	25.296	2.9207006186847577	21.469705882352944	7.773135720880509	13.386305084745764	15.726113911941884	8.98803706823926	3.105501728783288	26.819325842696635	3.1942885567425447	21.09872340425532	19.20550501940838	9.528704663212435	0.0	24.4	33.620000000000005	29.640000000000004	0.0	18.97955555555556	18.133333333333333	19.43	4.328570909185343	29.24	32.986666666666665	30.97142857142858	3.975681408009547	19.53230635712736	17.219770114942527	0.0	23.296569579288025	16.127037037037038	17.373429439615574	28.133333333333336	0.0	0.0	29.940000000000005	0.0	34.260000000000005	26.26178217821782	30.140000000000004	13.677044334975369	30.904000000000003	0.0	16.422400000000003	0.0	0.0	12.16	0.0	0.0	0.0	0.0	28.040000000000003	0.0	0.0	0.0	21.36982558139535	0.0	0.0	0.0	27.882424242424243	31.160000000000004	28.32	0.0	0.0	30.12	32.32000000000001
12.140724334031727	17.012198581560284	10.875146309949075	19.43142857142857	26.45	22.44	12.706603912882985	17.510079359405164	9.571328398909234	15.94975072463768	20.812	23.7	21.35333333333333	16.72375651803767	19.51333333333333	3.586967421818894	11.83042928627864	23.501782178217823	19.296420911528152	18.97955555555556	0.0	8.784033453075887	5.364139876418534	12.137634001436314	23.965714285714284	18.517182226807165	11.835034540288314	6.240408024942388	14.21593723349821	7.208190765698736	0.0	27.735000000000003	11.881342281879196	8.311265194449874	23.026138613861384	20.648000000000003	22.222474226804128	30.28	0.0	33.36	22.579315068493152	29.13343511450382	12.726937269372694	29.17837837837838	37.93	0.0	21.014545454545456	27.453963838664816	0.0	19.288031416775755	28.46461538461539	0.0	30.12	31.640000000000004	20.842157328489588	11.2555910543131	19.872265987025024	20.57466966966967	0.0	27.61913043478261	21.658681948424068	21.59263445378151	24.171873350923484	20.519741761129048	0.0	37.09333333333334	23.48738461538462	21.216949152542377
12.33047619047619	5.173917176331884	12.397000000000002	17.97506493506494	20.595	17.6875	11.634131448763252	18.553769470404983	4.978005477912776	15.591644100580272	18.68774193548387	12.19636363636364	15.93939649122807	16.430469798657718	13.520072793448591	5.2227216358839055	14.848266666666666	18.594133333333332	18.206540880503145	18.133333333333333	8.784033453075887	0.0	8.299545159194283	5.855308107043502	11.842693574083908	17.11120404721754	5.958897316647351	9.2334318823963	11.893995157384987	10.090367358791926	20.04	29.040000000000003	14.64045977011494	10.14211480362538	13.96076923076923	2.276190476190476	9.206629213483149	0.0	0.0	29.040000000000003	18.992	21.361311475409835	3.516666666666667	23.164444444444445	19.0	20.56	0.0	19.27395683453237	0.0	9.26117690875233	14.324444444444444	28.2	25.05333333333333	0.0	11.864733475479746	2.250988587043884	11.149055993915772	12.134718100890208	0.0	24.93647058823529	9.04546511627907	12.44237218813906	15.672523364485984	10.816611570247932	0.0	0.0	14.053333333333333	11.325507246376812
14.011458885941645	11.38136645962733	6.916684487493972	19.89333333333333	28.92	23.411851851851853	13.30003729024239	18.74186707410237	11.848770053475937	16.5903730017762	18.452727272727277	0.0	23.203076923076924	17.644510735944927	19.160000000000004	2.972547035162839	5.306965801978655	20.05362255965293	17.138761253150882	19.43	5.364139876418534	8.299545159194283	0.0	13.312937475422732	19.898823529411764	13.907134811822738	9.529353613780522	8.335159585145535	16.410309278350518	9.424307150715071	21.7	25.8	14.4768	8.102266761543328	26.595789473684214	13.169180327868853	17.36681489418698	35.616	0.0	39.152	29.27665271966527	34.3903355704698	14.244705882352942	34.17887640449438	43.17	41.720000000000006	26.38285714285714	33.50543209876544	0.0	17.242117364447495	22.15609195402299	29.453333333333337	26.090909090909093	32.89333333333334	21.089333333333336	10.69520446657613	19.182559572980875	24.21663442940039	23.28	23.3026817447496	18.11322584319021	24.981506646971933	29.83645569620253	21.8081592039801	0.0	0.0	27.76	19.322371967654988
10.86182587876054	13.197730033541836	17.78311202255832	6.0933300485676085	14.937029702970298	11.837085201793723	7.984246427756938	13.824881837020914	4.764507068626534	10.688430831760778	27.48275862068966	5.366988586479367	25.775938697318008	15.137489276336176	6.123009778201765	4.682862351016593	19.77135869565217	28.972777777777782	24.445737373737376	4.328570909185343	12.137634001436314	5.855308107043502	13.312937475422732	0.0	21.58736972704715	25.19686247408432	11.718669427036703	4.6196996891079705	13.186957200178332	10.023810961529184	27.68	22.67875	11.34443056681127	10.836305585413433	21.93502183406114	0.0	27.21	22.8869918699187	0.0	25.75076923076923	20.16541183839649	27.91675675675676	8.033663317814263	23.38253012048193	37.92	14.476056338028169	16.84	26.69678048780488	11.541538461538462	18.27973983739837	31.377777777777784	0.0	34.6	21.05295302013423	19.29918269230769	10.46158273381295	26.630909090909093	17.07818739487484	0.0	33.43692307692308	26.89245614035088	20.395768549498133	23.80688728024819	19.40990279214064	0.0	38.624	22.4580073800738	20.98593869731801
29.640000000000004	4.887061707485571	11.812	0.0	0.0	0.0	25.96618181818182	32.595000000000006	18.40926251896813	28.945454545454545	5.924801950030469	24.744000000000003	4.4440578240775945	32.586666666666666	26.002857142857145	19.166153846153847	12.422222222222222	8.072966093461577	8.6238894703789	29.24	23.965714285714284	11.842693574083908	19.898823529411764	21.58736972704715	0.0	7.307032967032967	5.5378921543039095	24.696518771331057	24.52258064516129	24.709714285714288	8.719571938168848	0.0	27.104000000000003	8.366275000000002	0.0	3.4574358974358974	15.413333333333332	0.0	0.0	0.0	0.0	0.0	21.12	0.0	8.318376623376624	0.0	7.665187001839364	0.0	0.0	0.0	17.333333333333336	10.28878787878788	10.931832460732986	0.0	0.0	0.0	32.32000000000001	0.0	5.027368421052632	10.745328244274807	10.251879787860933	0.0	0.0	0.0	12.003548387096776	0.0	0.0	13.320000000000002
20.99601154216095	9.299334548294716	8.84216180422265	32.34444444444445	35.28666666666667	31.26266666666667	25.25153494049436	28.23268489086671	23.67787787787788	28.93518413597734	5.910118632240056	31.186	3.3071889385981974	25.933712355755706	31.440000000000005	20.7152380952381	7.53981308411215	6.499170443198402	6.041219477092829	32.986666666666665	18.517182226807165	17.11120404721754	13.907134811822738	25.19686247408432	7.307032967032967	0.0	7.210901470700297	23.69209160305344	20.84639863130881	21.0661507936508	3.294446535500428	36.440000000000005	20.576107382550337	8.945314981471679	35.4	9.559395900755124	18.62305145132558	41.010000000000005	0.0	44.86	35.21393548387097	40.44506329113924	28.136000000000003	39.7619512195122	16.803842794759827	44.0	16.95660594439118	39.51722222222222	0.0	29.92972972972973	17.72873966942149	18.868700952380955	17.656320704149856	38.16	30.86117647058824	22.7056	25.11336099585062	33.408470588235296	11.581029082774048	17.017845569650678	17.549409040571835	34.71376146788991	39.49161290322581	32.022318840579715	20.709253731343285	0.0	39.16	18.036261306532666
21.928621190130627	5.850277754677754	7.5262431171077235	28.52444444444445	31.94400000000001	28.890666666666668	22.70727413127413	28.04508963093146	16.047981683691443	27.441021276595745	8.231574017864887	22.129836065573773	4.380349369163796	27.194948240165637	22.86356687898089	4.683822895821715	10.110058264438234	9.094316810599787	11.199992442080172	30.97142857142858	11.835034540288314	5.958897316647351	9.529353613780522	11.718669427036703	5.5378921543039095	7.210901470700297	0.0	12.066014482544867	22.81264931087289	20.733893256102608	4.742307692307692	30.15	22.68838323353294	9.999751035590496	29.28558139534884	9.032422578519656	16.689979595132193	37.37647058823529	0.0	38.80173913043479	31.686259541984736	35.8548948948949	26.1248	35.969696969696976	16.78044444444445	40.38	17.281997019374067	34.72419263456091	0.0	17.28093734080489	18.288516185096675	18.60711078395289	17.45636548452677	35.848	22.593660377358493	9.262412348401323	18.51819597838128	28.744563233376795	13.0352523364486	16.42769122086785	16.81953188558638	29.548482269503545	35.266788990825695	28.38936842105263	19.853693693693696	45.66	38.84	17.585970915312235
12.97524488676436	16.97626244874048	15.38420493358634	4.439585380003868	23.426666666666662	8.984097363083164	6.892638438007242	12.253253694198166	8.985493487239225	6.3377877034844605	27.8672	7.742713741427484	26.71767441860465	17.513348534564262	15.646224489795918	4.594727067386122	18.70677382319173	28.49230769230769	23.851693548387097	3.975681408009547	6.240408024942388	9.2334318823963	8.335159585145535	4.6196996891079705	24.696518771331057	23.69209160305344	12.066014482544867	0.0	16.501916558937598	8.94324526159022	0.0	25.0656	13.436895882733348	12.350663892741563	24.006405693950175	27.28	26.04528735632184	30.44705882352941	0.0	31.504615384615384	22.23363860514265	29.7768824940048	12.88418076243373	29.83084745762712	36.925714285714285	22.6	20.848000000000003	28.34416161616161	24.12	19.679718309859155	31.10181818181818	0.0	33.57000000000001	29.30060606060606	21.30121426276903	12.16245733788396	25.78473933649289	21.136938943141374	0.0	33.26714285714286	25.14832861189802	22.09439835575485	25.408183599216347	21.46287027725901	0.0	37.42666666666666	24.226495049504955	22.68151274321732
3.3049449725369384	22.921538461538464	17.458554122704182	18.926028171501745	3.845962732919255	11.891243901610768	13.185060200724749	10.15464905711757	11.31250373098784	19.53631986862894	8.610315547905909	17.721424199704295	4.4508501029661485	4.890131569276003	20.02602150537634	13.302222222222222	16.42651144741948	23.689370424597364	20.474016072532457	19.53230635712736	14.21593723349821	11.893995157384987	16.410309278350518	13.186957200178332	24.52258064516129	20.84639863130881	22.81264931087289	16.501916558937598	0.0	8.11706252106258	17.37777777777778	3.3110196023127907	2.8842322834645677	4.615633781423256	27.78666666666667	0.0	30.33702127659575	34.80800000000001	0.0	0.0	25.569122807017543	30.860000000000003	15.843780718336484	31.56363636363637	40.08	29.56	21.92	30.24	0.0	20.793548387096777	0.0	45.08	35.88	30.26666666666667	19.91767441860465	12.06896551724138	29.823529411764707	23.523490401396163	0.0	31.952500000000004	30.96820512820513	23.003540290620872	27.531446153846154	21.99982129560685	0.0	0.0	25.559626168224305	23.57004524886878
7.319893204101321	17.72308747855918	15.270249601699415	16.013518776077888	22.28	20.443950617283956	5.765866383138106	15.144507062146896	9.10548695939254	15.307782002534855	22.13285714285714	19.635	21.671724137931037	13.246488333520398	16.113846153846158	11.608372093023258	13.252593511788689	22.14651685393259	17.22249045801527	17.219770114942527	7.208190765698736	10.090367358791926	9.424307150715071	10.023810961529184	24.709714285714288	21.0661507936508	20.733893256102608	8.94324526159022	8.11706252106258	0.0	31.48	24.49142857142857	7.127513227513228	5.0215626913990725	23.51529411764706	23.08	26.8691922005571	31.24	0.0	32.82666666666667	22.371918951132304	30.08090909090909	12.339453551912568	28.5	0.0	0.0	19.4	28.12903225806452	0.0	20.271295336787567	32.480000000000004	0.0	31.440000000000005	29.24	21.028292682926832	12.18959349593496	24.343383084577116	21.04098268223923	0.0	31.016811594202903	27.124240687679087	21.93419918144611	25.222857142857144	20.98228787878788	0.0	34.64	23.616196319018407	22.43457259158752
0.0	11.79818181818182	17.366666666666667	0.0	0.0	27.380000000000003	35.480000000000004	0.0	0.0	0.0	6.691981981981982	0.0	2.660252172431419	0.0	0.0	0.0	13.8	8.972068965517241	10.336062992125983	0.0	0.0	20.04	21.7	27.68	8.719571938168848	3.294446535500428	4.742307692307692	0.0	17.37777777777778	31.48	0.0	0.0	0.0	12.556638655462184	0.0	0.0	0.0	0.0	0.0	0.0	0.0	0.0	0.0	0.0	18.701666666666668	0.0	17.675	0.0	0.0	0.0	0.0	20.386666666666667	20.794666666666668	0.0	0.0	0.0	0.0	0.0	0.0	20.20724832214765	20.38313725490196	0.0	0.0	0.0	21.648000000000003	0.0	0.0	19.41333333333333
18.0	0.0	28.8	26.440000000000005	2.3591217564870264	3.836777054881504	22.91851851851852	3.726893875075804	19.17090909090909	23.296897689768976	10.532777777777778	20.14099363057325	5.185197346818152	2.791602941176471	6.336678200692042	0.0	27.24	17.226666666666667	24.586666666666662	23.296569579288025	27.735000000000003	29.040000000000003	25.8	22.67875	0.0	36.440000000000005	30.15	25.0656	3.3110196023127907	24.49142857142857	0.0	0.0	0.0	3.0217879865574737	0.0	0.0	0.0	0.0	0.0	0.0	34.0	0.0	0.0	0.0	0.0	0.0	23.84	0.0	0.0	0.0	0.0	0.0	0.0	0.0	0.0	0.0	0.0	33.14	0.0	0.0	0.0	33.4	0.0	0.0	0.0	0.0	32.56	34.720000000000006
7.713846153846154	22.321290322580644	15.184172661870504	16.63632850241546	0.0	16.26666666666667	12.90964581264482	16.937087378640776	10.640201793721976	17.865413870246083	22.08	16.926153846153845	30.880000000000003	9.71875	17.0625	0.0	16.52193548387097	25.495384615384616	21.777198697068403	16.127037037037038	11.881342281879196	14.64045977011494	14.4768	11.34443056681127	27.104000000000003	20.576107382550337	22.68838323353294	13.436895882733348	2.8842322834645677	7.127513227513228	0.0	0.0	0.0	3.968356761997092	25.42	0.0	30.22	0.0	0.0	28.24	22.79411411411412	28.72	13.149655172413793	30.346666666666664	0.0	0.0	0.0	27.365714285714283	0.0	19.866666666666667	0.0	0.0	0.0	30.72000000000001	20.857142857142858	10.56	28.640000000000004	21.71429917550059	0.0	31.22000000000001	29.8	22.79851203501094	26.3622429906542	22.035915915915915	0.0	0.0	25.56	24.074576271186444
10.8472599366866	10.458942731277531	8.354770221726744	17.232125244618395	3.014235976789169	12.325875588081548	13.970280138495436	7.332572944297082	10.554734219269104	17.6241689018556	4.783987669400338	16.023574233176536	5.003012196793202	10.820742523203853	15.315	9.487204081632656	4.154507373224807	10.118635294117649	6.569741125406914	17.373429439615574	8.311265194449874	10.14211480362538	8.102266761543328	10.836305585413433	8.366275000000002	8.945314981471679	9.999751035590496	12.350663892741563	4.615633781423256	5.0215626913990725	12.556638655462184	3.0217879865574737	3.968356761997092	0.0	22.99529411764706	8.783529411764707	17.286120218579235	0.0	0.0	28.08	22.966500000000003	28.753333333333337	13.755244755244757	40.540000000000006	17.032000000000004	0.0	15.655384615384616	25.795102040816328	0.0	16.90035587188612	18.542857142857144	19.957500000000003	17.959301310043667	0.0	19.613734939759038	10.053333333333336	19.657839721254355	21.17463157894737	9.68	17.53382456140351	17.408513368983957	21.624682080924856	25.329666666666668	19.782435020519834	19.360000000000003	0.0	25.553600000000003	22.088461538461537
25.1	0.0	29.160000000000004	28.82	0.0	0.0	24.400357142857143	29.488421052631583	13.854065934065934	25.515121951219516	0.0	0.0	34.720000000000006	29.163636363636368	0.0	20.67719298245614	0.0	0.0	0.0	28.133333333333336	23.026138613861384	13.96076923076923	26.595789473684214	21.93502183406114	0.0	35.4	29.28558139534884	24.006405693950175	27.78666666666667	23.51529411764706	0.0	0.0	25.42	22.99529411764706	0.0	22.610000000000003	20.095621621621625	15.736282782212086	12.94	18.03316582914573	6.530867903593664	10.976583396416856	11.408405326404678	15.087868072084325	17.2015625	15.130739299610898	24.908000000000005	3.824485294117647	15.623529411764707	10.58421052631579	18.98435016835017	26.575111111111116	20.734710743801653	14.943957783641162	10.971598513011152	11.799052631578949	16.010839260312945	10.369770025095653	26.74	22.746159695817493	25.254857142857144	13.921496069793555	3.566333339086312	5.703161770193288	25.520000000000003	14.490361445783131	6.096923076923078	10.75994923857868
21.28	2.6205063291139243	9.16410973641743	0.0	0.0	0.0	23.78	26.48	0.0	0.0	13.26666666666667	0.0	12.116666666666667	34.528000000000006	0.0	0.0	10.331	13.175	11.09032258064516	0.0	20.648000000000003	2.276190476190476	13.169180327868853	0.0	3.4574358974358974	9.559395900755124	9.032422578519656	27.28	0.0	23.08	0.0	0.0	0.0	8.783529411764707	22.610000000000003	0.0	7.938454639530873	29.87	27.160000000000004	33.220000000000006	21.54077519379845	28.110000000000003	13.293988071570578	27.49	9.050552147239264	19.47368421052632	7.147493084370677	26.298	20.988196721311475	9.876582914572865	9.061514901637413	11.624117647058824	8.808962108731468	26.0	16.942608695652176	5.516509879209664	11.008229105786093	15.856852572416775	4.474114812660963	6.687220849052514	6.331710972927472	19.37389435989257	23.67695238095238	19.656974169741694	12.40421052631579	0.0	23.25090909090909	9.190322047894302
27.614666666666672	11.847572953736655	17.527876384692853	34.14	0.0	47.2	29.140175438596494	33.43121951219512	24.462857142857143	32.188965517241385	31.96	0.0	29.26	31.9353560371517	0.0	16.148601036269433	18.97978996138996	25.15555555555556	21.344752475247525	0.0	22.222474226804128	9.206629213483149	17.36681489418698	27.21	15.413333333333332	18.62305145132558	16.689979595132193	26.04528735632184	30.33702127659575	26.8691922005571	0.0	0.0	30.22	17.286120218579235	20.095621621621625	7.938454639530873	0.0	24.611944444444443	0.0	25.63292987512008	19.031633146530883	24.16126486486487	16.78799387442573	23.567209221096757	26.54791208791209	26.40253164556962	16.737117903930134	23.388559866279586	24.83636363636364	12.946190476190475	6.42370457951249	13.401652892561984	10.518794129313765	23.376594724220624	10.702054329371816	7.258024691358024	6.490578522637506	16.078919625709965	10.99590243902439	7.069072421538276	6.199472986915537	17.564154460719045	26.33182814814815	15.664111473036556	16.55927272727273	33.66208333333334	23.53333333333334	9.64476435608414
0.0	0.0	37.57846153846154	29.84918918918919	0.0	28.986666666666668	26.793846153846157	31.01657142857143	16.996683937823835	30.615730337078656	0.0	22.72	0.0	34.192	23.68	29.39333333333333	39.040000000000006	0.0	0.0	29.940000000000005	30.28	0.0	35.616	22.8869918699187	0.0	41.010000000000005	37.37647058823529	30.44705882352941	34.80800000000001	31.24	0.0	0.0	0.0	0.0	15.736282782212086	29.87	24.611944444444443	0.0	22.520000000000003	13.621510297482835	11.345185185185183	17.421259259259262	13.532234234234236	3.66530869955157	29.974153846153847	7.164791373144034	38.88	19.19138201569101	14.066778242677824	0.0	27.360909090909093	34.290000000000006	28.965000000000003	2.903389634908097	19.00905134899913	20.25333333333333	19.45157949249094	5.696461198845304	0.0	31.01727272727273	27.76507042253521	3.6151039690222655	19.09348758793093	16.110634146341464	0.0	27.39375	18.568030592734225	18.216150943396222
0.0	0.0	0.0	0.0	0.0	0.0	0.0	0.0	0.0	0.0	0.0	0.0	0.0	0.0	0.0	0.0	0.0	0.0	0.0	0.0	0.0	0.0	0.0	0.0	0.0	0.0	0.0	0.0	0.0	0.0	0.0	0.0	0.0	0.0	12.94	27.160000000000004	0.0	22.520000000000003	0.0	3.448059963009832	17.67433962264151	3.765582922824302	9.206603773584906	19.90672131147541	10.568	12.894645941278066	14.775	5.792727272727273	3.121617507136061	0.0	32.68	15.7	19.2	21.748	29.68	20.92	30.040000000000003	12.119142857142858	0.0	19.12	31.706666666666667	20.49906976744186	5.413333333333334	25.640000000000004	0.0	2.564119857660714	0.0	2.6744247480013907
0.0	0.0	37.2	34.89333333333334	0.0	0.0	28.774545454545454	32.68	14.76	28.136000000000003	0.0	28.28	0.0	0.0	0.0	31.040000000000003	0.0	0.0	0.0	34.260000000000005	33.36	29.040000000000003	39.152	25.75076923076923	0.0	44.86	38.80173913043479	31.504615384615384	0.0	32.82666666666667	0.0	0.0	28.24	28.08	18.03316582914573	33.220000000000006	25.63292987512008	13.621510297482835	3.448059963009832	0.0	10.552116894786876	4.919008246493083	10.31867867867868	5.960362260990197	13.24938041305796	6.806119357444136	19.257011494252875	10.784332310210765	3.535206970980893	0.0	27.179082568807345	23.081632653061227	26.98521739130435	11.556148286313826	20.77984871406959	23.246666666666663	21.77883807169345	13.16233782915864	21.266666666666666	27.05466666666667	27.75753086419753	11.908544480494982	11.686150200750347	16.79657020364416	24.115	4.425991031390135	21.48493150684932	5.267231430325353
23.682522522522525	27.540000000000003	31.49185185185185	27.079562841530056	36.52	26.937391304347823	22.680637204522096	27.30695473251029	12.57537873965627	26.0087868852459	0.0	21.28	34.7	28.43804878048781	0.0	23.160000000000004	34.562	0.0	36.96	26.26178217821782	22.579315068493152	18.992	29.27665271966527	20.16541183839649	0.0	35.21393548387097	31.686259541984736	22.23363860514265	25.569122807017543	22.371918951132304	0.0	34.0	22.79411411411412	22.966500000000003	6.530867903593664	21.54077519379845	19.031633146530883	11.345185185185183	17.67433962264151	10.552116894786876	0.0	10.78808107414311	9.356167108753317	4.827576619163077	24.712992424242422	13.2378021978022	30.815593220338982	9.108794594265117	13.707018867924528	17.7175	19.273827954757703	26.83960066555741	21.426165975103736	9.512763116057233	13.256550070414496	11.605467289719629	14.630202410075205	8.046807499577728	26.672592592592597	23.437440401505647	24.70940081875698	6.202871374423437	13.922793146560071	5.335044112489096	34.040000000000006	22.118120343839543	14.393632416787266	13.721903134714411
34.94666666666667	28.05333333333333	35.55070967741936	32.32000000000001	0.0	27.0	28.335094339622646	31.20526315789474	19.25301204819277	31.203076923076924	25.8	0.0	47.440000000000005	35.27142857142858	0.0	27.597600000000007	38.93714285714286	0.0	41.32000000000001	30.140000000000004	29.13343511450382	21.361311475409835	34.3903355704698	27.91675675675676	0.0	40.44506329113924	35.8548948948949	29.7768824940048	30.860000000000003	30.08090909090909	0.0	0.0	28.72	28.753333333333337	10.976583396416856	28.110000000000003	24.16126486486487	17.421259259259262	3.765582922824302	4.919008246493083	10.78808107414311	0.0	14.821462799495588	12.80664620637792	13.265052501544162	17.282151752819654	18.735333333333337	4.651809203529067	7.984880919024937	17.952380952380953	24.98353198469109	29.453834586466165	26.1390570719603	16.881607262047794	18.800138169257345	18.098823529411767	20.5993352249696	15.22413563619078	30.226666666666667	28.29886947584789	30.502271604938272	11.153158319527634	10.296929126820986	13.837278839815426	24.091428571428573	6.137998492678726	20.34054054054054	6.340022617912501
