0.0	24.160000000000004	19.3915267507612	15.132929292929294	0.0	11.06529411764706	5.460158607207407	5.613964276644376	13.417948717948718	15.37117318435754	21.732903225806457	18.56615384615385	13.592173913043478	4.342578134933754	18.585263157894737	34.84	18.506111736033	28.19692307692308	25.18774451097805	16.413658536585366	14.476026490066223	23.776	16.887044060234246	13.833921568627453	30.08	22.56673463268365	25.09627118644068	13.55440097799511	4.40297042069605	6.340353446454975	0.0	15.381538461538463	7.6800000000000015	10.34574948665298	0.0	0.0	33.120000000000005	0.0	0.0	30.94666666666667	25.0	27.32	16.365714285714287	29.1	0.0	0.0	0.0	33.040000000000006	0.0	0.0	37.290000000000006	0.0	39.92	0.0	0.0	0.0	33.370000000000005	23.39230769230769	0.0	36.373333333333335	32.3	23.306666666666665	32.78	0.0	0.0	0.0	0.0	25.360000000000003
24.160000000000004	0.0	7.311747061207944	0.0	27.28	0.0	26.704615384615387	32.480000000000004	13.313103633675343	31.880000000000003	9.46639739413681	23.8075	8.6430160372478	18.64	22.33530864197531	11.519466666666668	9.003837056504599	12.411666666666669	13.150666666666666	37.120000000000005	15.465	5.394402684563759	10.487719298245612	14.821036839473246	4.694120247568524	8.787994100294986	4.030130639037262	17.738285714285716	25.660000000000004	18.415	13.45714285714286	0.0	26.33	10.651023622047244	0.0	2.8858962264150945	10.12	0.0	0.0	0.0	28.52	27.92	19.24	0.0	20.32	35.84	17.384615384615387	24.94	0.0	13.06	11.14454293628809	10.52	13.828	0.0	0.0	0.0	11.859459459459462	22.84	5.946666666666667	10.458181818181815	8.148856117975289	27.96	0.0	20.79	15.04	0.0	0.0	12.617333333333336
19.3915267507612	7.311747061207944	0.0	23.77468085106383	34.44571428571429	23.2248705975465	18.90914348830204	23.478562771239787	17.554209891435466	22.439838659633885	21.942278481012657	28.736	32.76539534883721	23.00974528709167	25.503595505617977	17.30990881458967	7.16767747993551	14.017528604118992	13.379044805514525	26.60754716981132	10.419644077170837	12.105237113402062	6.973807766081289	18.700448857994044	34.6	8.538420966199443	6.909179539312191	17.783440689655173	20.813134231455933	15.055943368968505	16.080000000000002	33.90903703703704	19.761666666666667	10.040021001785153	30.37	9.129965371296652	17.21018793028593	37.9752380952381	0.0	36.32179104477612	31.069170305676856	36.11972602739726	23.20719101123596	38.3421686746988	27.57	41.95111111111112	27.85181208053691	33.517647058823535	0.0	22.6275	18.622491405712857	26.10857142857143	22.352580645161293	40.79368421052632	24.805853658536584	12.59026615969582	18.328342101713208	28.85556886227545	22.075	18.037721162185605	16.155856021379655	31.0108843537415	38.01652173913044	28.412	28.91555555555556	44.08	37.120000000000005	19.314651721377103
15.132929292929294	0.0	23.77468085106383	0.0	17.92	12.131753325272069	7.283151087595533	19.21696787751426	9.323255399170254	4.081983318520544	29.713125	6.183864432452902	26.650612244897964	19.94081119544592	12.403362445414848	15.98	24.64655172413793	35.21333333333334	33.529411764705884	2.7433611849601216	18.50758837391988	0.0	20.619254385964915	4.0621089112561295	0.0	29.661818181818184	29.187878787878795	3.1095536555574945	19.109683250414594	15.147708333333332	0.0	26.685128205128205	16.048648648648648	17.698829059829063	26.293333333333333	0.0	35.260000000000005	26.19805675805676	42.120000000000005	28.24933660933661	23.91148936170213	28.09271028037383	13.023972929936306	27.960092807424594	41.120000000000005	17.571724137931035	0.0	31.5716	0.0	23.520000000000003	46.08	48.32000000000001	47.6	25.92489971346705	0.0	26.58	35.07636363636364	19.865254534815683	0.0	46.6	36.925714285714285	25.054919720049405	32.05464052287582	0.0	0.0	36.720000000000006	26.640000000000004	31.02857142857143
0.0	27.28	34.44571428571429	17.92	0.0	3.414309361780393	21.14352941176471	4.46484705882353	10.13217391304348	20.365263157894734	11.24	14.652689655172416	0.0	4.826588235294119	3.0576566349356518	0.0	31.72000000000001	0.0	12.44	23.088571428571427	28.455	23.42	31.520000000000003	13.52561403508772	0.0	36.56666666666667	32.53	22.64631578947368	3.548571428571429	23.85	0.0	2.4588494023904386	26.12	2.218281983268721	0.0	0.0	0.0	0.0	0.0	43.48	0.0	0.0	30.06666666666667	0.0	0.0	0.0	0.0	0.0	0.0	0.0	0.0	0.0	0.0	0.0	0.0	0.0	0.0	31.620000000000005	0.0	0.0	0.0	0.0	0.0	0.0	0.0	0.0	0.0	0.0
11.06529411764706	0.0	23.2248705975465	12.131753325272069	3.414309361780393	0.0	10.43181264931034	5.713489972229473	11.72324971920629	6.882014854128575	17.760820512820512	6.848208436413742	9.445851445851446	9.276169000225496	4.105827543931345	18.48	22.139086390532544	27.36519083969465	27.139968	10.979333573055255	19.40868714786861	22.473333333333336	20.720606862485667	13.621363766048503	0.0	26.635848923402754	27.748853932584275	10.8782303357705	10.015446779157385	13.037041561545612	23.976666666666667	6.103652326905165	20.45299363057325	6.2319208109513085	30.13733333333333	26.040000000000003	34.86137931034483	29.779913119026936	0.0	31.82301369863014	27.335744680851064	31.58690618762476	16.81755458515284	31.566222654351	42.75	30.77066666666667	0.0	33.17808823529412	0.0	31.360000000000003	39.46222222222222	30.28	42.120000000000005	30.916888888888888	30.897777777777783	24.76	35.666296296296295	23.13075961538461	0.0	42.69500000000001	35.483728813559324	28.277146631439894	34.23961165048544	31.512	0.0	45.39	30.326666666666664	32.36085106382979
5.460158607207407	26.704615384615387	18.90914348830204	7.283151087595533	21.14352941176471	10.43181264931034	0.0	9.08047740190204	8.649387595891302	4.750289479341874	26.92603119584056	11.958474576271188	22.33922480620155	10.000240287333066	13.576157567380786	16.35189873417722	18.297670422164742	29.379863945578236	25.75058380414313	10.187891891891892	14.090878273580378	14.939200000000003	15.964387554750038	7.522129432868773	31.9	24.952096433729587	24.72893154654111	6.42391318322418	16.070808711006475	6.814580885874908	34.68	21.87973285841496	14.15581928523264	14.920126595201634	24.241951219512195	27.53428571428572	32.069377593361	25.18246320681642	33.96	26.16497435897436	22.32042780748663	26.286344086021508	11.891475320425418	26.600723742277143	39.39333333333334	25.247619047619047	46.24	28.802604651162795	0.0	24.47235294117647	36.3658064516129	43.07000000000001	38.36	25.64448113207547	26.206857142857142	16.441	31.2706529209622	18.03246350364964	0.0	37.00901408450704	31.238466257668712	22.54419243986255	27.71306358381503	23.842857142857145	47.65333333333333	38.611428571428576	25.4	26.52659498207885
5.613964276644376	32.480000000000004	23.478562771239787	19.21696787751426	4.46484705882353	5.713489972229473	9.08047740190204	0.0	16.58681635926223	13.563759337932469	18.810492390331245	16.419857452254384	10.14054305663305	5.262026022398899	11.47593721144968	27.535000000000004	21.74196691883575	30.21042944785276	28.52878048780488	18.856864643709518	18.444800177619893	22.92888888888889	20.600213751335943	15.570740602902868	21.28	26.328713302385147	27.996466229695077	18.211565209455145	7.399833146277591	11.393595943977994	21.28666666666667	4.901748194203163	21.11428571428572	7.729713080168777	31.77263157894737	30.340000000000003	34.54571428571428	30.64808664259928	0.0	32.82429319371728	28.59219512195122	32.263212435233164	19.434482758620693	32.19610738255034	46.264	34.856	0.0	34.330666666666666	0.0	25.880000000000003	40.93846153846154	52.88000000000001	41.92	32.28659340659341	25.32	26.21	35.36692913385827	23.789921507064367	0.0	41.36380952380953	34.90167597765363	30.032073394495416	35.57049645390071	38.84	0.0	50.36	0.0	34.06204081632653
13.417948717948718	13.313103633675343	17.554209891435466	9.323255399170254	10.13217391304348	11.72324971920629	8.649387595891302	16.58681635926223	0.0	11.929334573764873	26.783829787234044	3.20225726302798	23.01344978165939	17.81617021276596	3.7741488489905386	5.872081911262799	22.47298969072165	33.456	28.328333333333337	9.088225232536365	9.581074918566776	6.13735428763947	14.045820105820107	4.140988982254291	19.03122038444345	23.8	13.219954961294864	9.024354880067134	14.935043896321073	9.797864077669905	0.0	24.35698113207547	12.409118432769366	12.592697884478252	15.044360189573462	17.5	19.944000000000003	14.21910688562374	0.0	16.864582593250443	12.169871465295632	17.363214285714285	2.145398975427629	16.259035330261135	33.18	8.452060301507538	34.906666666666666	19.361666666666668	0.0	9.500629921259844	20.68	0.0	31.96	14.300813559322034	11.422281167108752	2.009928229665072	19.2673417721519	8.31012561441835	0.0	28.92909090909091	26.05466666666667	11.927161720857589	18.24802459646426	14.77824561403509	35.92	28.0	16.793684210526315	16.02135746606335
15.37117318435754	31.880000000000003	22.439838659633885	4.081983318520544	20.365263157894734	6.882014854128575	4.750289479341874	13.563759337932469	11.929334573764873	0.0	26.93057123193393	3.5428932113873506	22.16156049382716	18.320193057888893	15.10248	17.973333333333336	24.09777777777778	33.02494623655914	31.10801033591731	3.4244739350685003	17.33558234812127	15.84	19.21731577731578	8.317446808510638	32.480000000000004	29.873739130434785	31.77800539083558	5.8629718393529	19.11150952497975	13.647799530148788	32.29333333333334	21.67182998819363	16.617643504531724	17.796786630856463	29.287142857142857	0.0	36.251428571428576	27.79176911544228	0.0	29.94582278481013	25.87307086614173	29.8980790960452	15.32930736888692	29.602878514315197	47.26857142857144	24.859565217391307	53.36	32.89038961038962	0.0	25.4	37.8	53.760000000000005	44.7	28.41436503248671	29.025454545454544	19.473333333333336	34.80266666666667	21.12144807875516	0.0	44.91428571428572	35.10666666666667	26.94728648648649	33.787031963470326	29.840000000000003	0.0	41.85714285714285	34.32000000000001	33.09565217391305
21.732903225806457	9.46639739413681	21.942278481012657	29.713125	11.24	17.760820512820512	26.92603119584056	18.810492390331245	26.783829787234044	26.93057123193393	0.0	24.91480592801694	4.562329612994841	17.390886806056237	20.2192	23.223157894736843	7.96641582455386	4.07535695610424	4.304298490714245	28.49358234295416	20.34027210884354	18.252881355932207	18.88633579725449	26.9937688442211	4.3440256615878114	6.103856609747824	9.256314004747372	28.1137106918239	10.461089435013935	21.130243902439027	9.276900498972704	11.38025974025974	21.044444444444444	4.513675059731668	39.040000000000006	16.61714285714286	25.666000000000004	0.0	0.0	49.02	43.56	46.0	28.57818181818182	49.33333333333333	15.221052631578948	0.0	14.67740890688259	53.56	0.0	19.72	24.471111111111117	18.04666666666667	18.72	47.0	0.0	18.96	29.142857142857142	35.47087719298246	10.507428571428571	17.848057553956835	17.088797653958945	36.726451612903226	45.36800000000001	0.0	18.294736842105262	0.0	0.0	24.14666666666667
18.56615384615385	23.8075	28.736	6.183864432452902	14.652689655172416	6.848208436413742	11.958474576271188	16.419857452254384	3.20225726302798	3.5428932113873506	24.91480592801694	0.0	20.981833944648216	18.70497167576476	3.3573114502464803	42.88	30.461052631578944	31.661782178217823	29.362439024390245	3.938520304423629	28.37	14.943703703703704	28.73828571428572	5.0155092024539885	27.616000000000003	31.579433681073027	32.891204819277114	7.60897017268446	18.383925995374717	20.74833333333333	32.190000000000005	19.403522523599	18.55789473684211	17.062111417651675	32.64	0.0	39.92	23.90484848484849	0.0	30.948235294117648	26.315555555555555	31.003902439024397	8.53157073895284	28.31046875	54.120000000000005	13.214285714285714	45.24	34.720000000000006	0.0	0.0	0.0	0.0	0.0	26.222105263157896	0.0	0.0	0.0	19.76380165289256	0.0	38.32000000000001	39.8	25.94096	35.06666666666667	0.0	0.0	0.0	0.0	36.84400000000001
13.592173913043478	8.6430160372478	32.76539534883721	26.650612244897964	0.0	9.445851445851446	22.33922480620155	10.14054305663305	23.01344978165939	22.16156049382716	4.562329612994841	20.981833944648216	0.0	10.854202739726029	14.144545454545456	21.78666666666667	28.236216216216217	6.764757555990433	9.103282674772036	23.28531561461794	29.387	17.516338028169013	29.989257142857145	24.41109090909091	2.9893609897341404	3.3679542715349173	4.293344561108041	25.27771428571429	6.660857657657658	21.46775510204081	2.2993937193683065	8.454117647058824	43.4	3.9803631143387945	0.0	13.01704918032787	37.16	38.6	0.0	43.92	0.0	44.0	26.738823529411768	43.693333333333335	12.846464410735123	40.96	12.838482686619107	42.736	0.0	0.0	0.0	16.41471655328798	15.904971751412427	41.760000000000005	0.0	25.989090909090912	26.880000000000003	34.654	6.315857898715042	15.973880536367332	14.937410658740584	32.792500000000004	43.29714285714285	35.56	16.892892561983473	0.0	32.480000000000004	34.88727272727273
4.342578134933754	18.64	23.00974528709167	19.94081119544592	4.826588235294119	9.276169000225496	10.000240287333066	5.262026022398899	17.81617021276596	18.320193057888893	17.390886806056237	18.70497167576476	10.854202739726029	0.0	15.25768194070081	36.07000000000001	21.777630556951618	30.37036334913112	28.14337877889745	20.80290883576405	18.36783017523864	27.440000000000005	20.19758158552283	17.269789621318374	14.52	26.071311166107176	28.202786220871324	19.07196975508192	5.857952709262337	11.328463270880253	22.706666666666667	3.1908568943018705	20.767142857142854	9.16068099273608	33.02526315789474	28.376	35.827222222222225	35.315200000000004	0.0	35.931428571428576	30.51404255319149	35.000454545454545	21.048184143222507	36.640218579234975	45.010000000000005	35.120000000000005	0.0	37.96861538461539	0.0	25.28	41.28333333333333	0.0	41.08	33.98739726027397	34.337142857142865	20.05333333333333	34.66444444444444	27.347049180327865	0.0	41.16	36.12389610389611	31.00712694877506	37.18031746031746	29.4	0.0	48.96	0.0	37.45560975609756
18.585263157894737	22.33530864197531	25.503595505617977	12.403362445414848	3.0576566349356518	4.105827543931345	13.576157567380786	11.47593721144968	3.7741488489905386	15.10248	20.2192	3.3573114502464803	14.144545454545456	15.25768194070081	0.0	22.6	28.58	23.8	22.94	11.79182978723404	20.46666666666667	15.906863157894737	22.17090909090909	6.576980885476229	28.294117647058822	30.121666666666663	21.494557377049183	13.94670588235294	16.77610917537747	18.25333333333333	0.0	10.036352765321377	18.94246913580247	13.252903225806453	0.0	0.0	0.0	0.0	0.0	32.6	0.0	0.0	7.252631578947368	22.4	0.0	0.0	0.0	0.0	0.0	0.0	0.0	0.0	0.0	15.28	0.0	0.0	0.0	0.0	0.0	0.0	0.0	0.0	32.28	0.0	0.0	0.0	0.0	0.0
34.84	11.519466666666668	17.30990881458967	15.98	0.0	18.48	16.35189873417722	27.535000000000004	5.872081911262799	17.973333333333336	23.223157894736843	42.88	21.78666666666667	36.07000000000001	22.6	0.0	18.45590361445783	25.130434782608692	23.208902439024392	41.8	3.939086984216859	5.167233183159857	3.847308801884016	5.4727332630469165	19.32	20.204084880636607	5.332726411958459	5.93315930138604	26.733333333333334	12.453333333333331	0.0	35.720000000000006	12.38	12.392079207920792	21.950769230769232	12.96	22.358947368421056	0.0	0.0	27.76	22.06	28.68695652173913	9.266551724137932	0.0	0.0	43.68	33.950476190476195	26.59058823529412	29.24	16.843891804602343	25.907692307692308	34.480000000000004	31.28	0.0	18.28369781312127	8.517484868863484	17.4786075185603	17.82537013801757	0.0	28.800454545454546	18.6012058156596	18.94464520595362	23.055	20.9	36.720000000000006	0.0	20.2	20.70958904109589
18.506111736033	9.003837056504599	7.16767747993551	24.64655172413793	31.72000000000001	22.139086390532544	18.297670422164742	21.74196691883575	22.47298969072165	24.09777777777778	7.96641582455386	30.461052631578944	28.236216216216217	21.777630556951618	28.58	18.45590361445783	0.0	9.488770764119602	4.205360470552421	27.24	9.064098544232923	15.57662468513854	7.401761076836793	23.539181669394434	26.08	6.153136844622467	11.015532554144064	16.968343494616683	17.482220975883344	12.277077402310637	19.44	31.6763963963964	17.574184397163123	5.222657040785949	35.620000000000005	10.931692894611349	18.959571462772324	45.040000000000006	0.0	38.52666666666666	35.127272727272725	38.720000000000006	35.52	42.776	26.52	44.76444444444444	26.8464	39.102500000000006	0.0	24.18181818181818	20.05832558955028	24.0075	20.500098522167487	43.825	26.581538461538464	16.54	22.47393333333333	32.88	20.160000000000004	18.70961540843501	18.036073548010503	36.6225	37.15111111111112	30.96666666666667	0.0	0.0	0.0	20.29911330049261
28.19692307692308	12.411666666666669	14.017528604118992	35.21333333333334	0.0	27.36519083969465	29.379863945578236	30.21042944785276	33.456	33.02494623655914	4.07535695610424	31.661782178217823	6.764757555990433	30.37036334913112	23.8	25.130434782608692	9.488770764119602	0.0	4.234599238030528	33.80307692307692	20.484875346260388	21.57333333333333	20.57994708994709	31.548965517241385	7.988214285714287	4.739680708527308	9.55239987285442	29.35425	24.730464326160813	21.10882966396292	7.441909633418585	24.685714285714287	24.92888888888889	10.402899816577868	0.0	20.59428571428572	25.34608695652174	0.0	0.0	0.0	40.48	0.0	35.52	0.0	16.23709090909091	0.0	16.58634328358209	0.0	0.0	0.0	25.539310344827587	18.985502846299813	18.773333333333333	0.0	0.0	0.0	31.736	40.45333333333333	13.438297872340424	19.32848580441641	17.81740006718173	47.36	0.0	32.160000000000004	19.847323943661973	0.0	0.0	23.69333333333333
25.18774451097805	13.150666666666666	13.379044805514525	33.529411764705884	12.44	27.139968	25.75058380414313	28.52878048780488	28.328333333333337	31.10801033591731	4.304298490714245	29.362439024390245	9.103282674772036	28.14337877889745	22.94	23.208902439024392	4.205360470552421	4.234599238030528	0.0	32.08330578512397	18.664384384384384	21.192592592592597	17.112821764911057	28.66387096774194	8.123636363636365	5.531734693877551	10.988948970164666	25.55431072210066	22.932654815064453	18.404947863422613	9.956470588235296	34.15703703703704	23.401655172413797	9.043599852809756	33.620000000000005	13.381971830985917	22.667733333333334	52.28000000000001	0.0	0.0	37.99157894736842	41.220000000000006	36.08	46.92	16.99228915662651	47.64	17.324313725490196	40.95076923076923	32.56	24.660000000000004	21.3183970856102	19.783899371069182	19.943661971830988	44.70857142857143	28.8	21.493333333333336	28.44454545454545	38.68761904761904	11.308	19.101890023049062	18.80947466294747	40.55	40.4	32.45142857142857	19.69818181818182	0.0	0.0	22.093333333333337
16.413658536585366	37.120000000000005	26.60754716981132	2.7433611849601216	23.088571428571427	10.979333573055255	10.187891891891892	18.856864643709518	9.088225232536365	3.4244739350685003	28.49358234295416	3.938520304423629	23.28531561461794	20.80290883576405	11.79182978723404	41.8	27.24	33.80307692307692	32.08330578512397	0.0	21.143238095238097	0.0	23.84108108108108	3.7489526599640457	0.0	33.72076433121019	35.76789473684211	4.0589830859152745	20.407572578122775	16.271428571428572	34.904	23.63375510204082	17.66769230769231	19.184463603623268	26.840000000000003	0.0	34.91333333333334	25.920954003407157	0.0	28.925029940119764	24.746315789473684	28.372676923076927	12.432286968366885	28.106532663316585	44.36	18.43820895522388	0.0	30.972083333333337	0.0	0.0	0.0	47.940000000000005	45.440000000000005	26.16686390532545	0.0	0.0	35.540000000000006	20.468554431885785	0.0	48.31	44.190000000000005	25.250238699847635	32.564499999999995	30.32	0.0	41.33333333333333	0.0	32.10846153846154
14.476026490066223	15.465	10.419644077170837	18.50758837391988	28.455	19.40868714786861	14.090878273580378	18.444800177619893	9.581074918566776	17.33558234812127	20.34027210884354	28.37	29.387	18.36783017523864	20.46666666666667	3.939086984216859	9.064098544232923	20.484875346260388	18.664384384384384	21.143238095238097	6.040000000000001	8.559175927082034	6.244979248203319	11.335267379679143	0.0	19.49101543056247	13.6872759350741	10.098978889905652	16.136866492904723	4.367824002231009	40.8	30.58077519379845	12.08091503267974	8.43281680832424	23.569411764705883	17.576	25.227368421052635	36.2	0.0	31.0	28.485714285714284	29.9	11.606136363636365	33.39272727272728	0.0	0.0	0.0	28.74818181818182	0.0	17.99678947368421	26.74476190476191	0.0	37.040000000000006	34.53333333333334	20.71485357657225	11.150594170403588	20.2762184380505	19.1325723345224	0.0	28.534166666666664	22.85944751381216	20.65906308557152	26.83857142857143	22.2	0.0	0.0	23.0	23.159
23.776	5.394402684563759	12.105237113402062	0.0	23.42	22.473333333333336	14.939200000000003	22.92888888888889	6.13735428763947	15.84	18.252881355932207	14.943703703703704	17.516338028169013	27.440000000000005	15.906863157894737	5.167233183159857	15.57662468513854	21.57333333333333	21.192592592592597	0.0	8.559175927082034	0.0	8.801061720498883	6.331192613092622	11.503404822488791	16.928915502328675	7.473243638316279	7.783445799073812	19.41625	11.222962962962963	0.0	0.0	16.444000000000003	13.81263157894737	15.538181818181815	1.884	14.602678571428571	0.0	0.0	0.0	17.4	21.384761904761906	2.2754594594594595	35.92	0.0	0.0	22.020000000000003	18.631304347826088	0.0	8.657500626095668	21.255000000000003	23.4	0.0	0.0	11.71822591822592	2.275028610666056	11.76316648531012	10.201586538461536	0.0	23.80275862068965	10.5073396424816	12.206607460035524	15.87111111111111	15.560000000000002	0.0	0.0	0.0	13.386666666666668
16.887044060234246	10.487719298245612	6.973807766081289	20.619254385964915	31.520000000000003	20.720606862485667	15.964387554750038	20.600213751335943	14.045820105820107	19.21731577731578	18.88633579725449	28.73828571428572	29.989257142857145	20.19758158552283	22.17090909090909	3.847308801884016	7.401761076836793	20.57994708994709	17.112821764911057	23.84108108108108	6.244979248203319	8.801061720498883	0.0	13.77319748467723	33.440000000000005	14.905508849557524	10.283453392704434	10.35223131512662	16.722366491115814	9.321539555656702	28.384000000000004	31.27267326732673	16.960533333333334	9.14448813559322	31.405	11.22016393442623	18.8059689204487	35.791111111111114	0.0	34.04129032258065	30.709565217391305	36.13886792452831	19.014545454545456	35.67354838709677	28.4	0.0	32.86970464135022	36.11826086956522	47.68	16.764761343547438	23.73352941176471	33.84	32.33	37.73333333333333	21.160295566502462	10.711082170542635	19.48436437943644	24.632295839753464	31.040000000000003	27.668450704225357	18.62351139663821	25.664656488549618	35.26461538461539	24.78	32.67	0.0	0.0	23.836266666666667
13.833921568627453	14.821036839473246	18.700448857994044	4.0621089112561295	13.52561403508772	13.621363766048503	7.522129432868773	15.570740602902868	4.140988982254291	8.317446808510638	26.9937688442211	5.0155092024539885	24.41109090909091	17.269789621318374	6.576980885476229	5.4727332630469165	23.539181669394434	31.548965517241385	28.66387096774194	3.7489526599640457	11.335267379679143	6.331192613092622	13.77319748467723	0.0	21.053312	24.17384080034798	14.7958152284582	4.144622737385668	14.7559694079649	9.740128437668512	36.2	24.639529411764705	13.418950058450914	13.155098849980618	22.703193548387095	24.696	26.184326241134748	21.25272792792793	0.0	23.398517722878623	19.756438582028032	24.231080945198592	8.50401167031364	22.566117483489748	36.649577464788734	20.477073170731707	44.32571428571429	27.16183558558559	22.556666666666665	17.69655172413793	32.64	41.77090909090909	40.0824	21.49258581235698	18.33119369369369	9.333944832170156	25.522623705408517	16.80872025081944	49.52	37.41916666666667	28.926678507992897	18.584105795332853	26.011401273885348	21.670943396226416	44.395	35.15391304347826	23.94776119402985	24.0819846712384
30.08	4.694120247568524	34.6	0.0	0.0	0.0	31.9	21.28	19.03122038444345	32.480000000000004	4.3440256615878114	27.616000000000003	2.9893609897341404	14.52	28.294117647058822	19.32	26.08	7.988214285714287	8.123636363636365	0.0	0.0	11.503404822488791	33.440000000000005	21.053312	0.0	7.951002044989775	3.733433536276002	23.54909090909091	22.284444444444443	26.82	8.5388679245283	0.0	0.0	8.986716981132076	31.28	5.313920972644377	27.360000000000003	0.0	0.0	0.0	33.42857142857143	38.18	29.68	37.285	8.4127047146402	36.8	9.643966745843231	28.8	23.8	0.0	16.935384615384613	11.92355029585799	12.441991701244811	38.304	0.0	18.56923076923077	22.3	33.26285714285714	3.4137735849056603	12.128731841382018	11.849920046518388	35.74666666666667	25.96	28.840000000000003	12.51963963963964	0.0	0.0	16.995942028985507
22.56673463268365	8.787994100294986	8.538420966199443	29.661818181818184	36.56666666666667	26.635848923402754	24.952096433729587	26.328713302385147	23.8	29.873739130434785	6.103856609747824	31.579433681073027	3.3679542715349173	26.071311166107176	30.121666666666663	20.204084880636607	6.153136844622467	4.739680708527308	5.531734693877551	33.72076433121019	19.49101543056247	16.928915502328675	14.905508849557524	24.17384080034798	7.951002044989775	2.4400000000000004	5.540886984825268	24.28895661587143	21.94614503126194	17.176762563279418	2.730168826069886	35.66158273381295	22.33581589958159	10.529821301155916	33.266000000000005	9.819641509433962	17.757656865716886	42.584	0.0	40.69230769230769	34.30859083191851	39.5968	29.733333333333334	42.70211764705882	15.774440644846118	41.79600000000001	15.945880228708996	37.21869822485208	29.333333333333336	28.500689655172412	18.6143342601174	18.40590848114473	18.62795672485862	43.12086956521739	26.229411764705883	20.74819672131148	26.21676056338028	35.65515151515152	11.76109339407745	17.101057960153277	16.452109551595438	36.78692307692308	33.54227272727273	28.922746781115883	19.429727626459147	0.0	28.8	21.086042296072502
25.09627118644068	4.030130639037262	6.909179539312191	29.187878787878795	32.53	27.748853932584275	24.72893154654111	27.996466229695077	13.219954961294864	31.77800539083558	9.256314004747372	32.891204819277114	4.293344561108041	28.202786220871324	21.494557377049183	5.332726411958459	11.015532554144064	9.55239987285442	10.988948970164666	35.76789473684211	13.6872759350741	7.473243638316279	10.283453392704434	14.7958152284582	3.733433536276002	5.540886984825268	0.0	14.773094963134051	25.23980561555076	20.67047939444912	3.983245283018869	37.397333333333336	24.077419354838707	11.050602170438294	32.59272727272728	6.8920590848511765	16.221115596934993	41.8	0.0	34.84352941176471	33.29752988047809	35.53802197802198	27.1341935483871	39.23456310679613	15.054654205607475	40.404545454545456	16.2066239863423	34.27777003484321	28.068	17.375478105451297	17.842966709443647	18.16142439187495	18.13873137014904	41.568000000000005	22.487612456747406	8.704069748313866	18.261991075091053	27.013360995850626	9.47119558553035	16.721894289817534	16.14666704738285	26.320956175298807	35.33172413793103	29.701023255813958	18.16190909090909	45.2	29.46666666666667	18.119798293250582
13.55440097799511	17.738285714285716	17.783440689655173	3.1095536555574945	22.64631578947368	10.8782303357705	6.42391318322418	18.211565209455145	9.024354880067134	5.8629718393529	28.1137106918239	7.60897017268446	25.27771428571429	19.07196975508192	13.94670588235294	5.93315930138604	16.968343494616683	29.35425	25.55431072210066	4.0589830859152745	10.098978889905652	7.783445799073812	10.35223131512662	4.144622737385668	23.54909090909091	24.28895661587143	14.773094963134051	0.0	16.782333964024453	6.823550194254514	38.02666666666666	25.610833333333336	12.187957682619649	10.168379685976737	23.792489331436705	27.880000000000003	28.27387755102041	26.3507159472732	34.64	27.18819434372734	21.460654112983157	28.364190948543087	12.059028747433263	28.30684317718941	37.32823529411765	23.95863636363637	43.6	28.67979767324229	24.15555555555556	17.944113821138213	36.46731707317073	41.15333333333333	39.801142857142864	27.143583285632516	20.05225806451613	10.701421289355322	27.22464886251236	17.59287053300284	0.0	38.61830065359477	28.882219705549268	20.130070052944305	26.84971189237213	22.19308970099668	45.528000000000006	35.793846153846154	24.464699453551912	24.78968893421724
4.40297042069605	25.660000000000004	20.813134231455933	19.109683250414594	3.548571428571429	10.015446779157385	16.070808711006475	7.399833146277591	14.935043896321073	19.11150952497975	10.461089435013935	18.383925995374717	6.660857657657658	5.857952709262337	16.77610917537747	26.733333333333334	17.482220975883344	24.730464326160813	22.932654815064453	20.407572578122775	16.136866492904723	19.41625	16.722366491115814	14.7559694079649	22.284444444444443	21.94614503126194	25.23980561555076	16.782333964024453	0.0	7.145794864710178	16.501333333333335	3.079320207253886	2.9746703567035677	5.630419805914267	32.687200000000004	25.017142857142854	34.5921052631579	34.582801932367154	0.0	33.655935828877006	27.52168067226891	34.43606382978724	17.616091765669808	34.83086538461539	43.125	38.28571428571429	55.4	35.34402515723271	30.32	26.12	35.47225806451613	0.0	40.120000000000005	34.970240000000004	25.405	15.720000000000002	37.89463414634147	25.026475685234303	0.0	37.4815	34.89884297520662	27.500931005818792	34.43267355982275	29.47809523809524	0.0	43.040000000000006	34.60307692307693	33.368479262672814
6.340353446454975	18.415	15.055943368968505	15.147708333333332	23.85	13.037041561545612	6.814580885874908	11.393595943977994	9.797864077669905	13.647799530148788	21.130243902439027	20.74833333333333	21.46775510204081	11.328463270880253	18.25333333333333	12.453333333333331	12.277077402310637	21.10882966396292	18.404947863422613	16.271428571428572	4.367824002231009	11.222962962962963	9.321539555656702	9.740128437668512	26.82	17.176762563279418	20.67047939444912	6.823550194254514	7.145794864710178	0.0	0.0	21.96767857142857	6.306499238964992	4.688608527811897	25.5	20.506666666666668	28.724666666666668	0.0	0.0	29.98	23.396	33.21333333333334	11.731818181818182	0.0	0.0	0.0	34.24	29.83384615384616	23.48	20.464	30.273469387755103	32.4	33.040000000000006	0.0	23.59	12.41777777777778	27.163809523809523	18.661428571428573	0.0	30.194883720930232	28.740168067226893	20.776296296296294	27.99117647058824	28.12	0.0	0.0	0.0	25.73081081081081
0.0	13.45714285714286	16.080000000000002	0.0	0.0	23.976666666666667	34.68	21.28666666666667	0.0	32.29333333333334	9.276900498972704	32.190000000000005	2.2993937193683065	22.706666666666667	0.0	0.0	19.44	7.441909633418585	9.956470588235296	34.904	40.8	0.0	28.384000000000004	36.2	8.5388679245283	2.730168826069886	3.983245283018869	38.02666666666666	16.501333333333335	0.0	0.0	0.0	0.0	11.23128	0.0	16.6	0.0	0.0	0.0	0.0	0.0	0.0	0.0	0.0	16.403076923076924	0.0	16.21646481178396	51.040000000000006	0.0	0.0	0.0	19.10226600985222	18.223859649122808	0.0	0.0	31.440000000000005	0.0	43.58666666666667	12.781538461538464	19.218530612244894	17.476926695413564	0.0	0.0	0.0	20.105925925925927	0.0	0.0	0.0
15.381538461538463	0.0	33.90903703703704	26.685128205128205	2.4588494023904386	6.103652326905165	21.87973285841496	4.901748194203163	24.35698113207547	21.67182998819363	11.38025974025974	19.403522523599	8.454117647058824	3.1908568943018705	10.036352765321377	35.720000000000006	31.6763963963964	24.685714285714287	34.15703703703704	23.63375510204082	30.58077519379845	0.0	31.27267326732673	24.639529411764705	0.0	35.66158273381295	37.397333333333336	25.610833333333336	3.079320207253886	21.96767857142857	0.0	0.0	32.88	3.322804871619128	39.2	0.0	45.65333333333333	41.072	0.0	39.46666666666667	37.92	43.290000000000006	28.32	42.02285714285715	0.0	0.0	0.0	46.05333333333333	0.0	0.0	0.0	0.0	0.0	41.577777777777776	0.0	0.0	45.6	34.16148148148149	0.0	0.0	42.48	39.42	44.952	0.0	0.0	0.0	0.0	39.86
7.6800000000000015	26.33	19.761666666666667	16.048648648648648	26.12	20.45299363057325	14.15581928523264	21.11428571428572	12.409118432769366	16.617643504531724	21.044444444444444	18.55789473684211	43.4	20.767142857142854	18.94246913580247	12.38	17.574184397163123	24.92888888888889	23.401655172413797	17.66769230769231	12.08091503267974	16.444000000000003	16.960533333333334	13.418950058450914	0.0	22.33581589958159	24.077419354838707	12.187957682619649	2.9746703567035677	6.306499238964992	0.0	32.88	0.0	3.876377727921681	33.24	0.0	26.2	29.903333333333336	0.0	31.442666666666675	24.834117647058825	32.43636363636364	14.811670588235296	31.823448275862077	46.52	31.56	0.0	31.946046511627905	0.0	21.360000000000003	0.0	0.0	0.0	31.785000000000004	23.32	11.8	33.120000000000005	21.5126455026455	0.0	0.0	31.040000000000003	23.866570397111914	31.9240579710145	28.3	0.0	0.0	0.0	28.94222222222222
10.34574948665298	10.651023622047244	10.040021001785153	17.698829059829063	2.218281983268721	6.2319208109513085	14.920126595201634	7.729713080168777	12.592697884478252	17.796786630856463	4.513675059731668	17.062111417651675	3.9803631143387945	9.16068099273608	13.252903225806453	12.392079207920792	5.222657040785949	10.402899816577868	9.043599852809756	19.184463603623268	8.43281680832424	13.81263157894737	9.14448813559322	13.155098849980618	8.986716981132076	10.529821301155916	11.050602170438294	10.168379685976737	5.630419805914267	4.688608527811897	11.23128	3.322804871619128	3.876377727921681	0.0	27.656	10.473984962406018	17.87696284329564	34.135384615384616	0.0	32.04115942028986	27.080449438202248	33.37364705882353	15.591314837153195	35.21333333333334	19.133333333333333	20.4	22.41454545454545	33.18298850574713	0.0	16.844137931034485	20.41227513227513	21.882666666666672	21.506666666666668	33.608421052631584	21.935	11.770666666666669	19.457345132743363	23.01928485335476	16.793333333333333	18.78771144278607	17.411785503830288	26.1675799086758	32.46245614035088	27.923333333333336	0.0	43.16	30.773333333333333	29.67913043478261
0.0	0.0	30.37	26.293333333333333	0.0	30.13733333333333	24.241951219512195	31.77263157894737	15.044360189573462	29.287142857142857	39.040000000000006	32.64	0.0	33.02526315789474	0.0	21.950769230769232	35.620000000000005	0.0	33.620000000000005	26.840000000000003	23.569411764705883	15.538181818181815	31.405	22.703193548387095	31.28	33.266000000000005	32.59272727272728	23.792489331436705	32.687200000000004	25.5	0.0	39.2	33.24	27.656	0.0	21.84	20.3244962531224	16.51090170593014	21.660000000000004	16.376454668470906	5.5108112267627885	9.61994075327973	13.00459248759745	14.80309307752139	20.097428571428573	15.734410774410776	27.08857142857143	4.557634671183058	19.238	16.584615384615386	18.78729483282675	25.248381601362865	22.52464864864865	15.90827489481066	12.61154019534185	12.117452229299364	17.238133333333334	12.845219978080475	0.0	24.07074849382212	25.492203389830507	13.939528876086047	3.824946847887241	6.36317549241919	28.040000000000003	18.276	7.546666666666667	11.423785836339473
0.0	2.8858962264150945	9.129965371296652	0.0	0.0	26.040000000000003	27.53428571428572	30.340000000000003	17.5	0.0	16.61714285714286	0.0	13.01704918032787	28.376	0.0	12.96	10.931692894611349	20.59428571428572	13.381971830985917	0.0	17.576	1.884	11.22016393442623	24.696	5.313920972644377	9.819641509433962	6.8920590848511765	27.880000000000003	25.017142857142854	20.506666666666668	16.6	0.0	0.0	10.473984962406018	21.84	0.0	6.864056029232643	0.0	28.24	27.9	23.344	24.294117647058822	12.193687155722657	31.608000000000004	10.86421052631579	40.2	8.957350369872227	24.180740740740735	22.95087248322148	11.760000000000002	9.589536107125776	11.217634408602152	10.17234899328859	34.8	14.19	5.173746389713156	9.893810010214503	13.583071402416698	4.260806695668622	8.786246122026887	4.873241801950444	18.4144262295082	24.02909090909091	19.594	14.247272727272726	0.0	0.0	10.294847645429364
33.120000000000005	10.12	17.21018793028593	35.260000000000005	0.0	34.86137931034483	32.069377593361	34.54571428571428	19.944000000000003	36.251428571428576	25.666000000000004	39.92	37.16	35.827222222222225	0.0	22.358947368421056	18.959571462772324	25.34608695652174	22.667733333333334	34.91333333333334	25.227368421052635	14.602678571428571	18.8059689204487	26.184326241134748	27.360000000000003	17.757656865716886	16.221115596934993	28.27387755102041	34.5921052631579	28.724666666666668	0.0	45.65333333333333	26.2	17.87696284329564	20.3244962531224	6.864056029232643	0.0	26.33284671532847	34.040000000000006	24.63867665706052	19.985613007100063	24.987079623824453	18.781316614420064	22.79744	30.025147679324892	30.88296296296296	39.82625	23.463002870390817	25.180431654676266	15.32663247863248	5.6974403765908255	20.645333333333333	14.100474934036942	29.55780821917808	11.254042283710056	12.673797216699802	7.911030848859906	16.95890438247012	0.0	5.985322277019774	6.598814201999311	17.42187552598886	29.948999028182705	12.688098918083464	44.37636363636364	35.516705882352944	23.28	11.069303874092007
0.0	0.0	37.9752380952381	26.19805675805676	0.0	29.779913119026936	25.18246320681642	30.64808664259928	14.21910688562374	27.79176911544228	0.0	23.90484848484849	38.6	35.315200000000004	0.0	0.0	45.040000000000006	0.0	52.28000000000001	25.920954003407157	36.2	0.0	35.791111111111114	21.25272792792793	0.0	42.584	41.8	26.3507159472732	34.582801932367154	0.0	0.0	41.072	29.903333333333336	34.135384615384616	16.51090170593014	0.0	26.33284671532847	0.0	24.68	14.392022027189814	12.947459954233407	19.429753343239227	10.753611378051126	6.54663257646838	30.62321167883212	6.196931126534972	36.53272727272728	21.061264021887823	12.315304101838755	0.0	30.040000000000003	35.05222222222223	33.95555555555556	2.570534005840192	20.28575	37.28	21.860886075949367	4.357748745819398	36.24	35.2420920502092	36.54328767123288	3.2035381869422266	20.46310350170437	20.2164	37.53777777777778	28.013125	19.39142857142857	19.726300744416875
0.0	0.0	0.0	42.120000000000005	0.0	0.0	33.96	0.0	0.0	0.0	0.0	0.0	0.0	0.0	0.0	0.0	0.0	0.0	0.0	0.0	0.0	0.0	0.0	0.0	0.0	0.0	0.0	34.64	0.0	0.0	0.0	0.0	0.0	0.0	21.660000000000004	28.24	34.040000000000006	24.68	0.0	2.775001390665851	21.185	3.119305177111717	10.470232558139536	21.379591836734697	10.760000000000002	14.96225352112676	0.0	13.542222222222222	2.903845387014825	0.0	33.4	0.0	0.0	24.183076923076925	29.62	0.0	33.36	14.935833333333331	0.0	38.16	37.46	23.83636363636364	28.91636363636364	22.82	18.2	2.8722715692350067	0.0	3.546349809885932
30.94666666666667	0.0	36.32179104477612	28.24933660933661	43.48	31.82301369863014	26.16497435897436	32.82429319371728	16.864582593250443	29.94582278481013	49.02	30.948235294117648	43.92	35.931428571428576	32.6	27.76	38.52666666666666	0.0	0.0	28.925029940119764	31.0	0.0	34.04129032258065	23.398517722878623	0.0	40.69230769230769	34.84352941176471	27.18819434372734	33.655935828877006	29.98	0.0	39.46666666666667	31.442666666666675	32.04115942028986	16.376454668470906	27.9	24.63867665706052	14.392022027189814	2.775001390665851	0.0	10.203330745481791	5.743537823072707	13.857381269418552	7.566862432679899	18.62150165016502	7.115285858596165	22.29151702786378	9.157214567722182	4.158954442505477	20.860000000000003	23.172592592592597	28.165000000000003	27.462238267148013	12.434302962235012	19.502574665293515	19.243125	21.698054740957968	13.0350250679553	0.0	28.180216216216216	27.090000000000003	12.272888297872342	12.919580005023864	15.446723004694835	23.582544031311155	5.869974204981786	21.584000000000003	6.336080322407809
25.0	28.52	31.069170305676856	23.91148936170213	0.0	27.335744680851064	22.32042780748663	28.59219512195122	12.169871465295632	25.87307086614173	43.56	26.315555555555555	0.0	30.51404255319149	0.0	22.06	35.127272727272725	40.48	37.99157894736842	24.746315789473684	28.485714285714284	17.4	30.709565217391305	19.756438582028032	33.42857142857143	34.30859083191851	33.29752988047809	21.460654112983157	27.52168067226891	23.396	0.0	37.92	24.834117647058825	27.080449438202248	5.5108112267627885	23.344	19.985613007100063	12.947459954233407	21.185	10.203330745481791	0.0	8.493689189945698	10.01777933695843	4.713815332385915	23.14931050879696	21.574468085106385	32.20415584415584	6.9044079190397145	15.95086053412463	21.15	17.048783822872018	25.393486953575064	22.24237675020591	15.756137931034482	14.247133124456315	20.743157894736843	16.16522581726251	8.962588926059945	27.946666666666665	23.679937892292934	25.182596810933944	7.063068766057931	14.847036129925849	7.305060357548927	32.2512	22.854642262895176	15.74120481927711	13.87095291167456
