0.0	21.722201834862386	18.091786885245902	14.386842362127869	12.347692307692308	14.792627345844505	6.191106048612855	7.655063113604489	12.29698816780208	13.278038196406374	21.629565217391303	14.4128	29.016	3.5630411588942947	13.44909090909091	14.574545454545454	20.378485247134	25.845086705202316	21.78616149068323	13.899362972793629	12.704756944444444	12.41709577754892	13.356596104995768	12.992224883398464	27.910000000000004	21.517571565802115	21.87087431693989	12.937081730769233	3.874238867548727	7.252783300198807	0.0	13.450188679245285	4.782689075630253	8.63959241538189	25.50466666666667	23.04	31.622857142857143	29.860000000000003	0.0	29.348000000000003	23.44578947368421	30.70705882352941	14.616152980877391	26.840000000000003	42.96	23.72	0.0	31.09609756097561	0.0	21.448705882352943	0.0	47.52	0.0	30.72000000000001	23.530036900369005	15.56558139534884	27.18434782608696	22.38467174119886	0.0	32.010000000000005	29.293333333333333	23.806565207211428	28.62279411764706	25.10428571428572	0.0	0.0	26.711764705882352	25.765836909871247
21.722201834862386	0.0	7.245132514544279	29.68	24.06	26.78	20.649302325581395	27.17714285714286	12.32676494799072	25.093333333333337	9.034449838187705	19.343783783783785	7.901757335704471	24.115087719298245	19.643404255319147	15.37555555555556	9.230204250621032	10.537032019704435	9.5195670995671	0.0	18.33505084745763	4.697594809432567	11.749016152716592	13.410553579052229	3.695964405408529	7.561406774488863	4.596984176233323	17.060833333333335	19.96416806722689	19.86541571319604	11.706666666666669	0.0	19.69589743589744	7.808789986091796	20.92	2.711799410029499	10.095897435897436	0.0	0.0	0.0	15.6	0.0	28.96	0.0	9.04	0.0	9.770909090909091	0.0	0.0	0.0	11.260674157303374	0.0	9.254594594594597	0.0	0.0	2.958461538461539	11.426006600660068	23.56	5.912000000000001	9.33945205479452	8.44337037037037	0.0	21.56	20.12	0.0	0.0	0.0	9.347692307692308
18.091786885245902	7.245132514544279	0.0	22.483433133732536	30.986666666666668	24.46616805170822	17.04345435481455	22.36231604837057	18.15569587628866	21.331567516525023	10.682052238805973	25.585263157894737	15.792533333333337	20.38745019421125	26.033663366336636	14.246287425149704	7.407099004140858	12.29313672922252	10.58673240208162	21.269106382978727	11.342395796847637	9.771440414507772	7.510162095780357	17.42957646600429	20.292	7.118639419150445	6.005752762964681	16.252582612304842	21.93772991600259	14.229302736098854	19.06	32.00106666666667	15.996345177664978	9.261502306805076	29.403076923076924	9.442536632236369	17.615869258946184	37.0	0.0	35.720000000000006	27.54077922077922	37.6312	23.014666666666667	35.36	22.160000000000004	32.68	22.28666666666667	35.78755555555556	0.0	22.29904761904762	18.708726267281108	0.0	22.165333333333333	39.24	19.401739130434784	9.419027027027028	18.99706206896552	30.10438596491228	17.665	17.358565217391305	15.92129528899068	32.02131868131868	36.19478260869565	26.360000000000003	0.0	0.0	33.940000000000005	16.769685230024216
14.386842362127869	29.68	22.483433133732536	0.0	25.53333333333334	12.157541692402718	8.53596369009922	16.601606848864012	11.306863011044374	4.255928351951981	29.23111111111111	4.646683239565616	0.0	17.16571191020578	17.028	29.360000000000003	25.91496503496504	31.371428571428577	28.064705882352943	2.670551338675005	17.264000000000003	10.546666666666669	18.18899328859061	4.583747609120801	0.0	26.73785310734463	21.555636363636363	3.535147905694739	17.567968637700098	16.79646489104116	0.0	26.948235294117648	16.667652495378928	17.11255425709516	0.0	0.0	0.0	26.8623677581864	0.0	27.982384105960268	24.527368421052635	27.403030303030302	14.564609726195345	26.42499102333932	48.4	23.50133333333333	0.0	32.46588235294118	21.160000000000004	0.0	0.0	0.0	0.0	27.420689655172414	0.0	0.0	33.28666666666667	21.031649269311067	0.0	0.0	28.96	27.187100000000004	32.721739130434784	0.0	0.0	0.0	0.0	33.85
12.347692307692308	24.06	30.986666666666668	25.53333333333334	0.0	3.8158261143487167	17.461754385964912	2.9991094619666048	9.509864864864864	18.803829787234044	9.02	15.040113798008536	0.0	3.9386041254591695	2.8934055834922843	0.0	32.720000000000006	0.0	17.506666666666668	20.980289855072463	22.6	18.270000000000003	24.946666666666665	22.01066666666667	0.0	28.986666666666668	29.4	21.637777777777774	3.09660015683541	20.493333333333336	0.0	2.5293988525816915	27.68	2.688236760124611	0.0	0.0	0.0	0.0	0.0	0.0	0.0	0.0	0.0	0.0	0.0	0.0	0.0	41.2	0.0	0.0	0.0	0.0	0.0	0.0	0.0	0.0	0.0	31.624	0.0	0.0	0.0	33.120000000000005	34.52	0.0	0.0	0.0	34.92	0.0
14.792627345844505	26.78	24.46616805170822	12.157541692402718	3.8158261143487167	0.0	7.205787507209308	5.224042474146026	13.461334913112164	7.158534636995773	23.00380952380953	6.026705924855492	17.32	7.709296757101178	4.888949496038377	21.325	27.76879725085911	25.82	27.891562500000003	11.949564869940463	18.88191452991453	16.49890909090909	19.96946169772257	10.885299542414645	0.0	27.986855983772823	24.482033898305087	11.222379769299025	8.670103657132017	18.36613749114104	0.0	6.034848588420262	18.135342465753425	8.573724985048536	28.884444444444444	0.0	36.260000000000005	27.81169696969697	0.0	28.730946502057616	25.16588679245283	29.23677208287895	15.865819178082194	27.48	41.70666666666667	23.721592039801	0.0	33.79714285714286	0.0	28.74	44.440000000000005	0.0	45.28	29.172269938650302	26.203076923076924	26.32	35.48470588235294	22.00958878504673	0.0	0.0	36.32000000000001	27.034641509433964	33.06905027932961	27.865454545454547	0.0	40.14	28.16869565217392	30.11362637362637
6.191106048612855	20.649302325581395	17.04345435481455	8.53596369009922	17.461754385964912	7.205787507209308	0.0	8.200167047308321	8.939514185366676	4.517728090734762	22.15004524886878	8.201616391576552	22.08	7.078508008356546	13.489287925696596	15.133333333333336	17.255669736629507	24.493058419243987	20.795980991174478	8.648552599463022	10.088427210680267	12.246426592797786	11.390136500474243	7.497676287988504	28.76	20.4598649951784	18.09683033543996	6.288905439850237	11.388176712408084	6.349305645684621	31.96	20.268356435643565	11.758156395649925	11.432986170720076	23.576688741721856	23.03333333333334	29.51741935483871	24.577263157894738	0.0	24.18023952095809	21.04810810810811	25.02742857142857	11.719318681318684	22.998130841121498	36.964444444444446	19.86779661016949	41.1	28.581043478260877	0.0	24.04	30.28	0.0	35.32000000000001	25.02365591397849	26.185454545454547	15.24	29.81054263565892	17.49948871181939	0.0	39.1	28.52493150684932	22.05168458781362	27.917580071174378	23.608051948051948	0.0	34.02	24.52615384615385	24.940743801652893
7.655063113604489	27.17714285714286	22.36231604837057	16.601606848864012	2.9991094619666048	5.224042474146026	8.200167047308321	0.0	15.834609425435769	11.590513953929422	24.707953667953667	14.12281449513937	30.0	4.704801453354715	3.497919811320755	19.76	25.45475360876058	29.29621621621622	25.20502538071066	14.661862482389015	17.333794642857143	18.367857142857144	17.926728862973764	14.156368929063888	0.0	25.647936984246066	24.834184576485463	14.048915632443274	5.501187269762667	13.663909090909092	0.0	5.429867857142858	17.925619834710744	5.506431168118527	29.96899408284024	27.48	36.624	28.54201834862385	0.0	30.519578947368423	25.974857142857143	29.89700348432056	17.65720430107527	27.53703703703704	45.440000000000005	24.257872340425536	0.0	34.832688172043014	0.0	26.01142857142857	0.0	0.0	0.0	28.97882352941177	27.808750000000003	23.173333333333336	33.470000000000006	25.400400801603205	0.0	0.0	33.28	28.11378437363597	33.49326923076923	29.5378021978022	0.0	36.68	30.68164383561644	29.82028436018958
12.29698816780208	12.32676494799072	18.15569587628866	11.306863011044374	9.509864864864864	13.461334913112164	8.939514185366676	15.834609425435769	0.0	10.819031792899814	23.648064516129036	3.0043151083990063	22.790092879256967	14.970091047899112	3.699356262777949	6.299851576994435	21.688425720620845	24.973333333333336	24.216500000000003	8.69649819494585	9.218734896943852	5.33550121336569	17.897140204271125	4.230330671207146	18.630214467466377	23.1902641509434	14.564052321107976	8.070951467406832	12.810793062889465	10.858311784473427	24.94	23.233183856502244	12.164300549786194	13.107603526582954	13.484184100418412	21.76	21.088	13.63929733246584	0.0	15.720423841059604	11.375825825825824	15.25794117647059	2.0865951285981947	14.05513354857646	24.64	10.281420765027322	0.0	19.5474358974359	0.0	8.729191489361703	26.940000000000005	0.0	0.0	14.376180904522617	11.072419825072888	2.127600434310532	15.466315789473686	7.878370096707596	0.0	0.0	24.380000000000003	11.899563609467457	16.66605564648118	12.441996007984034	0.0	0.0	14.220909090909092	13.646547811993518
13.278038196406374	25.093333333333337	21.331567516525023	4.255928351951981	18.803829787234044	7.158534636995773	4.517728090734762	11.590513953929422	10.819031792899814	0.0	26.91166666666667	3.542102802835674	23.293333333333337	14.720884903429246	15.76397673188789	15.04	24.796989247311828	29.392000000000003	25.21178571428572	3.7504376847525513	15.80631205673759	14.468444444444444	16.81545945945946	7.264528854010299	0.0	25.192	21.628979020979024	5.694560486984964	17.049126962686003	15.87984011627907	0.0	22.0519427402863	16.62230483271376	16.578610639021075	26.80266666666667	0.0	33.416000000000004	26.06215108834828	0.0	26.770202217873454	23.073126022913257	26.708262862964848	13.795599168783191	25.265090774360875	43.10333333333333	21.596060606060608	0.0	31.759266055045877	0.0	30.160000000000004	0.0	0.0	0.0	26.483280182232345	0.0	17.520000000000003	32.376	19.45932259125288	33.28	48.16	35.510000000000005	26.154258675078864	32.236296296296295	0.0	0.0	36.58	35.84	32.611200000000004
21.629565217391303	9.034449838187705	10.682052238805973	29.23111111111111	9.02	23.00380952380953	22.15004524886878	24.707953667953667	23.648064516129036	26.91166666666667	0.0	24.110909090909093	3.1822071252274937	21.17358255451713	17.20714285714286	21.12	7.35216517857143	3.520246978948717	2.683925471284524	27.53	19.21296703296704	16.719704797047974	15.549205298013243	25.62772727272728	3.610756359525156	4.067816481431282	5.206409994043892	22.64063492063492	17.70947368421053	19.073939393939398	2.6537761989342807	34.28	20.910000000000004	3.4847548175543146	0.0	10.613333333333332	22.8	0.0	0.0	0.0	0.0	0.0	30.920000000000005	0.0	14.05921052631579	0.0	12.7075	0.0	0.0	0.0	21.96	15.701362397820166	16.716335877862598	0.0	0.0	20.8	0.0	37.260000000000005	8.770666666666667	15.917589519650656	14.303006731488406	39.98	0.0	0.0	16.325	0.0	0.0	25.020000000000003
14.4128	19.343783783783785	25.585263157894737	4.646683239565616	15.040113798008536	6.026705924855492	8.201616391576552	14.12281449513937	3.0043151083990063	3.542102802835674	24.110909090909093	0.0	23.22	16.232786180202137	5.250994449148555	0.0	32.66666666666667	27.37	28.840000000000003	3.1137535627902757	0.0	11.924297520661158	21.34	3.137104972375691	25.40363636363637	31.07076923076923	23.317894736842103	6.6846156188156485	16.682550246361867	20.10857142857143	0.0	19.638182206101988	18.69333333333333	15.263911941129184	0.0	0.0	0.0	28.07	0.0	29.612307692307688	26.3125	29.851764705882356	13.47703703703704	27.714285714285715	0.0	26.7	0.0	0.0	0.0	0.0	0.0	0.0	0.0	27.352	38.84	14.6	0.0	21.468333333333337	0.0	0.0	0.0	28.50857142857143	38.56	21.04	0.0	0.0	0.0	0.0
29.016	7.901757335704471	15.792533333333337	0.0	0.0	17.32	22.08	30.0	22.790092879256967	23.293333333333337	3.1822071252274937	23.22	0.0	16.355	23.165714285714284	21.80333333333333	17.337600000000002	6.763604004449388	9.462702702702703	29.76	25.89333333333333	15.678608328940433	23.015	24.49170212765957	3.369488232889714	3.049735889911393	3.2741601171763364	28.910000000000004	25.883636363636366	28.776	1.936015996001	0.0	0.0	7.388596273291926	0.0	8.91543859649123	0.0	0.0	0.0	0.0	0.0	0.0	10.04	0.0	14.69730158730159	0.0	13.162328482328482	0.0	0.0	0.0	0.0	16.36151394422311	16.528632218844983	0.0	0.0	23.6	28.440000000000005	0.0	9.538064516129031	15.798260869565215	14.659524617996604	0.0	21.2	0.0	16.396896551724137	0.0	0.0	19.152
3.5630411588942947	24.115087719298245	20.38745019421125	17.16571191020578	3.9386041254591695	7.709296757101178	7.078508008356546	4.704801453354715	14.970091047899112	14.720884903429246	21.17358255451713	16.232786180202137	16.355	0.0	4.052089225589226	20.15692307692308	23.5694686716792	27.53421800947867	24.173272727272728	16.58072455240817	15.850703764320787	15.292758620689655	15.339507545671168	15.584390774882646	29.76	23.860665491862758	23.8002378592666	15.151567665608642	4.2322321955764535	11.485399471437283	0.0	5.246057434588385	14.297872340425531	5.629823375098257	28.854051282051284	26.475	32.35	31.689411764705888	0.0	33.086666666666666	26.696157635467983	32.363829787234046	17.832199762187873	30.60142857142857	0.0	26.27428571428572	0.0	34.72479041916168	0.0	24.3384	0.0	0.0	38.4	30.360000000000003	25.95025641025641	17.09	32.00571428571429	25.556660869565217	0.0	34.18	32.18857142857143	27.0129465648855	32.2079822616408	28.330666666666666	0.0	0.0	29.69768115942029	28.84799365582871
13.44909090909091	19.643404255319147	26.033663366336636	17.028	2.8934055834922843	4.888949496038377	13.489287925696596	3.497919811320755	3.699356262777949	15.76397673188789	17.20714285714286	5.250994449148555	23.165714285714284	4.052089225589226	0.0	0.0	27.068800000000003	0.0	30.206666666666667	15.079504761904762	20.71333333333333	12.838659935750346	21.80058823529412	8.987689282202558	25.94868686868687	28.9824	21.12278787878788	15.507247386759582	4.637016742770168	18.05257142857143	0.0	5.132533659730722	18.24	4.1485256837891935	26.608000000000004	0.0	0.0	0.0	0.0	40.96	28.46222222222222	35.36	16.757333333333335	35.440000000000005	0.0	0.0	0.0	39.16	0.0	0.0	0.0	0.0	0.0	37.040000000000006	23.906666666666663	14.6	0.0	24.07300699300699	0.0	0.0	0.0	25.144117647058827	31.29636363636364	28.848000000000003	0.0	0.0	27.411428571428576	27.25090909090909
14.574545454545454	15.37555555555556	14.246287425149704	29.360000000000003	0.0	21.325	15.133333333333336	19.76	6.299851576994435	15.04	21.12	0.0	21.80333333333333	20.15692307692308	0.0	0.0	17.02202154951257	23.76	20.931428571428576	0.0	5.165042957470322	4.737720185658804	3.894534016186141	4.010213850503764	20.05	17.37854651162791	4.773880136518772	5.178105849582173	12.40289156626506	12.481564404713533	0.0	0.0	11.531566265060242	13.179493177387917	20.43705882352941	15.743333333333334	22.401322314049587	0.0	0.0	0.0	25.11157894736842	0.0	9.66605504587156	0.0	0.0	0.0	32.480000000000004	26.395	0.0	17.26053083216923	23.866666666666667	0.0	26.3	0.0	18.098867170780427	7.98211954217889	16.630479260327427	18.523557046979867	0.0	26.17142857142857	18.06526315789474	17.579693045563552	22.64340909090909	18.5219627749577	0.0	0.0	19.79826086956522	19.15797183098592
20.378485247134	9.230204250621032	7.407099004140858	25.91496503496504	32.720000000000006	27.76879725085911	17.255669736629507	25.45475360876058	21.688425720620845	24.796989247311828	7.35216517857143	32.66666666666667	17.337600000000002	23.5694686716792	27.068800000000003	17.02202154951257	0.0	9.19720930232558	3.6098140577607807	24.791111111111118	11.68413132137031	14.174182965299687	8.03007856114381	21.3122186856394	11.13794871794872	4.098017825549955	10.967245746490857	19.034666280584915	20.129050925925927	12.533636396645004	23.2	35.2	19.06192419825073	4.52060359401415	30.76	11.664519134775372	20.272894736842108	0.0	0.0	40.48	32.86	40.68727272727273	25.748936170212765	37.08	0.0	0.0	21.21333333333333	39.81333333333334	0.0	27.265185185185185	21.42014507772021	0.0	22.58697674418605	0.0	29.19609756097561	15.70268656716418	22.84909090909091	32.91478260869565	19.96	19.81891428571429	18.712781193490056	34.90272727272728	36.64	29.89428571428572	0.0	0.0	0.0	18.899379474940336
25.845086705202316	10.537032019704435	12.29313672922252	31.371428571428577	0.0	25.82	24.493058419243987	29.29621621621622	24.973333333333336	29.392000000000003	3.520246978948717	27.37	6.763604004449388	27.53421800947867	0.0	23.76	9.19720930232558	0.0	2.9521709026429117	0.0	20.548544600938968	18.107333333333337	17.402565217391306	27.7825	7.599058441558443	4.676798318065776	7.9043670295489905	26.0480701754386	24.76	21.01716012084592	8.016000000000002	0.0	23.933333333333337	6.207191273860538	0.0	11.023928571428572	31.320000000000004	0.0	0.0	0.0	39.84	39.08	31.706666666666667	0.0	16.88567375886525	0.0	15.646082397003749	30.48	0.0	0.0	26.160000000000004	17.66126582278481	18.36955555555556	0.0	37.96	24.08	0.0	39.52666666666666	11.50604651162791	17.34431654676259	16.974017412935325	0.0	23.92	0.0	18.04281407035176	0.0	0.0	22.49619047619048
21.78616149068323	9.5195670995671	10.58673240208162	28.064705882352943	17.506666666666668	27.891562500000003	20.795980991174478	25.20502538071066	24.216500000000003	25.21178571428572	2.683925471284524	28.840000000000003	9.462702702702703	24.173272727272728	30.206666666666667	20.931428571428576	3.6098140577607807	2.9521709026429117	0.0	26.113333333333337	18.10483066617045	16.405962732919257	14.850354120965216	25.752419354838707	7.220085836909872	4.876333428816958	9.180916822912424	22.326645898234684	22.34650263620387	17.78442199775533	11.16	36.73333333333333	20.8	3.8029650144585183	0.0	10.445419354838709	22.234285714285715	44.0	0.0	0.0	0.0	43.36	29.865	0.0	17.992	0.0	15.573913043478262	0.0	0.0	22.28	20.848571428571425	18.311578947368425	17.300869565217393	0.0	33.92666666666666	26.24	29.6	35.90857142857143	11.413333333333332	17.537983193277313	17.21808	35.664	0.0	30.52	18.232000000000003	0.0	0.0	19.78666666666667
13.899362972793629	0.0	21.269106382978727	2.670551338675005	20.980289855072463	11.949564869940463	8.648552599463022	14.661862482389015	8.69649819494585	3.7504376847525513	27.53	3.1137535627902757	29.76	16.58072455240817	15.079504761904762	0.0	24.791111111111118	0.0	26.113333333333337	0.0	15.891428571428571	12.760000000000002	18.696	4.332446717817562	0.0	27.499310344827585	19.83927272727273	3.128798677085697	18.25186400038364	16.920597014925374	0.0	23.99111724137931	16.425074626865673	18.02427808269301	0.0	0.0	0.0	26.15340782122905	0.0	28.16613333333333	24.468217054263565	28.57258883248731	13.65125925925926	26.59888682745825	36.36	23.017142857142854	0.0	31.770000000000003	0.0	0.0	0.0	0.0	0.0	27.32542372881356	31.040000000000003	20.44	30.6	20.732622222222226	0.0	0.0	24.92	26.483061224489795	33.11333333333334	0.0	0.0	0.0	0.0	35.145
12.704756944444444	18.33505084745763	11.342395796847637	17.264000000000003	22.6	18.88191452991453	10.088427210680267	17.333794642857143	9.218734896943852	15.80631205673759	19.21296703296704	0.0	25.89333333333333	15.850703764320787	20.71333333333333	5.165042957470322	11.68413132137031	20.548544600938968	18.10483066617045	15.891428571428571	0.0	8.857258516705189	6.275356339540823	6.4563786008230455	22.527692307692316	16.362650548466533	12.183458403700714	5.317165005040887	12.699099455714991	7.021605365022222	0.0	25.466666666666665	12.176535796766744	7.16189374253144	22.67809523809524	21.08888888888889	22.27490909090909	0.0	0.0	32.56	25.45655172413793	27.24	11.37691780821918	34.08	0.0	0.0	0.0	26.865454545454547	0.0	19.459564571994065	30.140000000000004	0.0	0.0	0.0	21.246380570134814	12.215103448275862	21.173467794404683	20.544874191229333	0.0	0.0	20.84204283360791	20.215732441471573	23.85622377622378	22.101734924218	0.0	0.0	22.037	21.632751677852347
12.41709577754892	4.697594809432567	9.771440414507772	10.546666666666669	18.270000000000003	16.49890909090909	12.246426592797786	18.367857142857144	5.33550121336569	14.468444444444444	16.719704797047974	11.924297520661158	15.678608328940433	15.292758620689655	12.838659935750346	4.737720185658804	14.174182965299687	18.107333333333337	16.405962732919257	12.760000000000002	8.857258516705189	0.0	9.389387198566364	5.465744199639145	11.875674802584353	15.69248780487805	6.298447339462569	8.087141946180335	10.41021795750514	10.621600709002283	20.3	23.160000000000004	10.29026865671642	9.510844062947069	14.466666666666669	13.164444444444444	9.557448071216616	0.0	0.0	0.0	16.82470588235294	22.360000000000003	2.336096822995461	0.0	0.0	0.0	0.0	18.59	0.0	9.416086865733972	16.54909090909091	0.0	20.82	0.0	11.791547192353644	2.2773611007809595	11.108687648456058	11.317296222664016	0.0	20.113333333333333	8.010137093615356	10.85245409015025	14.17125	12.609941747572815	0.0	0.0	12.544	11.694400000000002
13.356596104995768	11.749016152716592	7.510162095780357	18.18899328859061	24.946666666666665	19.96946169772257	11.390136500474243	17.926728862973764	17.897140204271125	16.81545945945946	15.549205298013243	21.34	23.015	15.339507545671168	21.80058823529412	3.894534016186141	8.03007856114381	17.402565217391306	14.850354120965216	18.696	6.275356339540823	9.389387198566364	0.0	12.220100776572412	20.065	12.104414062500002	9.037440957651686	8.395924364687463	16.3960435875943	8.646386975579212	0.0	29.163478260869567	14.2264406779661	7.030505907855769	29.43555555555556	16.017333333333333	19.280343925233645	0.0	0.0	28.840000000000003	26.30695278969957	32.5775	18.07648	30.040000000000003	32.0	0.0	0.0	34.8	0.0	17.336214879748262	21.72834532374101	31.48	27.440000000000005	0.0	21.923883495145635	11.044563514587354	20.01240033250208	24.736979166666664	0.0	24.764705882352946	18.501782361608083	25.299263456090653	31.722857142857144	22.24185430463576	0.0	0.0	31.160000000000004	21.04519362186788
12.992224883398464	13.410553579052229	17.42957646600429	4.583747609120801	22.01066666666667	10.885299542414645	7.497676287988504	14.156368929063888	4.230330671207146	7.264528854010299	25.62772727272728	3.137104972375691	24.49170212765957	15.584390774882646	8.987689282202558	4.010213850503764	21.3122186856394	27.7825	25.752419354838707	4.332446717817562	6.4563786008230455	5.465744199639145	12.220100776572412	0.0	20.23436337625179	22.139309516661665	11.277511212977416	3.726523036052696	14.036417750499291	12.364549230639874	28.2	24.945538461538465	13.182454343744666	13.034040350209365	20.39676130389064	21.24	26.78823529411765	19.343695881731787	0.0	21.21833694866233	16.509601677148847	22.016309341500765	8.03271169943547	18.64289763779528	38.544	14.937066666666666	40.6	25.963809523809523	0.0	17.618448637316565	31.25	40.56	0.0	20.27838827838828	18.382994505494505	9.82411522633745	25.197290322580645	13.92678578364731	0.0	32.127272727272725	25.84062015503876	18.39977059019673	23.71673716012085	19.405046570702797	0.0	32.34400000000001	20.988370044052864	20.952759885854057
27.910000000000004	3.695964405408529	20.292	0.0	0.0	0.0	28.76	0.0	18.630214467466377	0.0	3.610756359525156	25.40363636363637	3.369488232889714	29.76	25.94868686868687	20.05	11.13794871794872	7.599058441558443	7.220085836909872	0.0	22.527692307692316	11.875674802584353	20.065	20.23436337625179	0.0	6.882834863975049	4.649741550695825	23.11846153846154	25.60487804878049	25.88371584699454	7.202517482517483	0.0	26.08	8.961263157894738	0.0	4.535247863247863	22.32	0.0	0.0	24.04	25.92	0.0	8.456	0.0	6.795964912280702	0.0	7.04879120879121	0.0	0.0	0.0	16.12	9.895517241379313	12.509816513761468	0.0	0.0	15.220000000000002	0.0	21.44	2.8173913043478267	10.845857418111752	9.655440180586908	0.0	20.1	0.0	10.569620253164558	0.0	0.0	15.444000000000004
21.517571565802115	7.561406774488863	7.118639419150445	26.73785310734463	28.986666666666668	27.986855983772823	20.4598649951784	25.647936984246066	23.1902641509434	25.192	4.067816481431282	31.07076923076923	3.049735889911393	23.860665491862758	28.9824	17.37854651162791	4.098017825549955	4.676798318065776	4.876333428816958	27.499310344827585	16.362650548466533	15.69248780487805	12.104414062500002	22.139309516661665	6.882834863975049	0.0	5.557869265413094	21.998444804443416	22.42657057057057	17.868522938212674	2.939972311952008	35.82222222222222	19.199506172839502	7.932482124616956	36.040000000000006	8.915711242603551	18.77095890410959	0.0	0.0	28.4	34.92888888888889	43.93600000000001	27.208800000000004	0.0	16.3644	0.0	14.949116409537163	39.06400000000001	0.0	27.56	19.222771285475797	17.201963190184053	17.33016116653876	44.84	30.820000000000004	19.582857142857144	25.052903225806453	34.80712328767124	12.66120481927711	16.999907727797	16.193662802521864	36.29935483870968	31.76888888888889	34.175	17.90047619047619	0.0	0.0	17.745509433962262
21.87087431693989	4.596984176233323	6.005752762964681	21.555636363636363	29.4	24.482033898305087	18.09683033543996	24.834184576485463	14.564052321107976	21.628979020979024	5.206409994043892	23.317894736842103	3.2741601171763364	23.8002378592666	21.12278787878788	4.773880136518772	10.967245746490857	7.9043670295489905	9.180916822912424	19.83927272727273	12.183458403700714	6.298447339462569	9.037440957651686	11.277511212977416	4.649741550695825	5.557869265413094	0.0	11.2242898660786	21.96913963328632	18.97474259681093	4.652126696832579	34.83	19.6275	9.233196195531963	27.44869565217392	7.136377208260761	16.020755906332216	0.0	0.0	31.68	24.71632653061225	31.04222222222222	19.668235294117647	36.58	15.766624203821658	0.0	14.012892156862744	31.679245283018872	0.0	16.479036458333333	17.66582048957389	16.367050847457627	15.675782096208986	38.08	20.738337531486145	8.386525466464953	18.665654047117066	25.397209302325585	10.40564705882353	15.729540754989182	15.112691458777707	24.015522388059704	30.009333333333338	25.219	16.94820512820513	0.0	26.880000000000003	15.43078485687904
12.937081730769233	17.060833333333335	16.252582612304842	3.535147905694739	21.637777777777774	11.222379769299025	6.288905439850237	14.048915632443274	8.070951467406832	5.694560486984964	22.64063492063492	6.6846156188156485	28.910000000000004	15.151567665608642	15.507247386759582	5.178105849582173	19.034666280584915	26.0480701754386	22.326645898234684	3.128798677085697	5.317165005040887	8.087141946180335	8.395924364687463	3.726523036052696	23.11846153846154	21.998444804443416	11.2242898660786	0.0	14.788135071882314	9.129696790415618	0.0	25.292432432432435	13.473038757351834	12.088400882136732	22.078442477876106	24.15294117647059	26.704269662921348	26.604279475982537	0.0	27.051787439613527	21.860108892921964	26.173018867924533	12.09567891244538	25.821489971346704	40.56	22.225964912280705	0.0	27.32209523809524	0.0	18.282683912692	31.860000000000003	0.0	43.52	26.906557377049182	20.38797462176672	11.94680761099366	26.135384615384616	18.29534025656689	0.0	31.99	24.41218045112782	20.230183009054134	24.72364166059723	21.656506849315072	48.4	35.6	23.05333333333333	22.39247018739353
3.874238867548727	19.96416806722689	21.93772991600259	17.567968637700098	3.09660015683541	8.670103657132017	11.388176712408084	5.501187269762667	12.810793062889465	17.049126962686003	17.70947368421053	16.682550246361867	25.883636363636366	4.2322321955764535	4.637016742770168	12.40289156626506	20.129050925925927	24.76	22.34650263620387	18.25186400038364	12.699099455714991	10.41021795750514	16.3960435875943	14.036417750499291	25.60487804878049	22.42657057057057	21.96913963328632	14.788135071882314	0.0	4.903238861461571	0.0	2.367737862618368	2.838825227865285	4.466434447438391	26.50359102244389	21.76	30.907272727272726	35.66857142857143	0.0	34.09548387096775	25.73031161473088	33.502307692307696	15.374532438478749	34.81818181818183	45.64	30.62	0.0	32.35217021276596	0.0	20.443081232493	37.013333333333335	0.0	39.84	33.89142857142858	22.17493041749503	13.326089238845146	25.011612903225807	23.876849514563105	0.0	27.68	29.293333333333333	24.233846617447647	29.76090853284224	24.76808561236623	0.0	38.4	27.598745098039217	26.97244399185336
7.252783300198807	19.86541571319604	14.229302736098854	16.79646489104116	20.493333333333336	18.36613749114104	6.349305645684621	13.663909090909092	10.858311784473427	15.87984011627907	19.073939393939398	20.10857142857143	28.776	11.485399471437283	18.05257142857143	12.481564404713533	12.533636396645004	21.01716012084592	17.78442199775533	16.920597014925374	7.021605365022222	10.621600709002283	8.646386975579212	12.364549230639874	25.88371584699454	17.868522938212674	18.97474259681093	9.129696790415618	4.903238861461571	0.0	0.0	21.620779220779223	7.529354838709677	5.530781222934349	24.6156261682243	19.895000000000003	27.87351351351351	0.0	0.0	32.92	22.888209606986894	30.856666666666666	13.742160062160062	33.973333333333336	42.760000000000005	27.32	0.0	29.67925925925926	0.0	20.70079616881173	31.28	0.0	0.0	0.0	22.36987040805398	13.350311678558018	22.046876155268023	21.80023294509152	0.0	31.380000000000003	26.4075	22.31978113082408	27.03259968102073	23.428026702269698	0.0	0.0	24.995449101796407	24.111226765799252
0.0	11.706666666666669	19.06	0.0	0.0	0.0	31.96	0.0	24.94	0.0	2.6537761989342807	0.0	1.936015996001	0.0	0.0	0.0	23.2	8.016000000000002	11.16	0.0	0.0	20.3	0.0	28.2	7.202517482517483	2.939972311952008	4.652126696832579	0.0	0.0	0.0	0.0	0.0	0.0	8.641818181818183	0.0	0.0	0.0	0.0	0.0	0.0	0.0	0.0	0.0	0.0	16.520000000000003	0.0	15.021818181818182	0.0	0.0	0.0	0.0	18.45142857142857	17.4	0.0	0.0	0.0	0.0	0.0	0.0	18.256	16.705454545454547	0.0	0.0	0.0	18.28	0.0	0.0	0.0
13.450188679245285	0.0	32.00106666666667	26.948235294117648	2.5293988525816915	6.034848588420262	20.268356435643565	5.429867857142858	23.233183856502244	22.0519427402863	34.28	19.638182206101988	0.0	5.246057434588385	5.132533659730722	0.0	35.2	0.0	36.73333333333333	23.99111724137931	25.466666666666665	23.160000000000004	29.163478260869567	24.945538461538465	0.0	35.82222222222222	34.83	25.292432432432435	2.367737862618368	21.620779220779223	0.0	0.0	30.6	4.850690616289873	35.940000000000005	0.0	0.0	39.6	0.0	48.32000000000001	34.32000000000001	50.0	26.922857142857147	39.88	0.0	0.0	0.0	41.99333333333333	0.0	0.0	0.0	0.0	0.0	0.0	0.0	0.0	40.28	33.93545454545455	0.0	0.0	0.0	35.02265060240964	39.638260869565215	36.585	0.0	0.0	37.8	36.807142857142864
4.782689075630253	19.69589743589744	15.996345177664978	16.667652495378928	27.68	18.135342465753425	11.758156395649925	17.925619834710744	12.164300549786194	16.62230483271376	20.910000000000004	18.69333333333333	0.0	14.297872340425531	18.24	11.531566265060242	19.06192419825073	23.933333333333337	20.8	16.425074626865673	12.176535796766744	10.29026865671642	14.2264406779661	13.182454343744666	26.08	19.199506172839502	19.6275	13.473038757351834	2.838825227865285	7.529354838709677	0.0	30.6	0.0	3.894256756756757	25.20207792207793	0.0	30.226666666666667	0.0	0.0	30.06	23.473191489361703	31.524	14.219886363636364	32.09333333333334	0.0	22.8	0.0	31.35	0.0	19.60260162601626	31.6	0.0	0.0	0.0	21.625669781931467	12.68	23.016	22.706226804123716	0.0	0.0	0.0	23.410708252111764	27.849502762430937	23.55502590673575	0.0	0.0	26.412413793103447	25.75309090909091
8.63959241538189	7.808789986091796	9.261502306805076	17.11255425709516	2.688236760124611	8.573724985048536	11.432986170720076	5.506431168118527	13.107603526582954	16.578610639021075	3.4847548175543146	15.263911941129184	7.388596273291926	5.629823375098257	4.1485256837891935	13.179493177387917	4.52060359401415	6.207191273860538	3.8029650144585183	18.02427808269301	7.16189374253144	9.510844062947069	7.030505907855769	13.034040350209365	8.961263157894738	7.932482124616956	9.233196195531963	12.088400882136732	4.466434447438391	5.530781222934349	8.641818181818183	4.850690616289873	3.894256756756757	0.0	24.828958333333336	10.101827411167513	17.752785145888595	36.84	0.0	34.27333333333333	24.38421768707483	32.294736842105266	13.526167800453516	33.77	18.4	0.0	14.217142857142855	30.678644067796608	0.0	17.807065217391305	19.343067484662576	18.67	17.95342465753425	29.2	20.2634	10.829672727272728	20.154792671166827	22.036215774417656	16.493333333333332	17.99044025157233	16.178775510204083	23.348652020612963	27.614183673469388	23.549375	18.72	0.0	26.433777777777777	25.5707614213198
25.50466666666667	20.92	29.403076923076924	0.0	0.0	28.884444444444444	23.576688741721856	29.96899408284024	13.484184100418412	26.80266666666667	0.0	0.0	0.0	28.854051282051284	26.608000000000004	20.43705882352941	30.76	0.0	0.0	0.0	22.67809523809524	14.466666666666669	29.43555555555556	20.39676130389064	0.0	36.040000000000006	27.44869565217392	22.078442477876106	26.50359102244389	24.6156261682243	0.0	35.940000000000005	25.20207792207793	24.828958333333336	0.0	21.70909090909091	15.251534932494428	13.412024613537444	0.0	13.751304347826087	6.01978351043612	10.375880597014923	10.10582371458552	12.489708784596871	19.377707509881425	13.33956363636364	24.996666666666663	3.7891318181126215	0.0	10.707561521252796	18.51640669128829	23.97931034482759	22.31841827768014	13.68032967032967	10.887155688622755	12.250416666666668	14.907567567567568	12.308752825923134	31.880000000000003	19.30338472138489	19.90827814569537	12.58529676511955	3.401033485286768	4.856758964367343	0.0	13.445714285714288	3.857824561403509	10.908713344604442
23.04	2.711799410029499	9.442536632236369	0.0	0.0	0.0	23.03333333333334	27.48	21.76	0.0	10.613333333333332	0.0	8.91543859649123	26.475	0.0	15.743333333333334	11.664519134775372	11.023928571428572	10.445419354838709	0.0	21.08888888888889	13.164444444444444	16.017333333333333	21.24	4.535247863247863	8.915711242603551	7.136377208260761	24.15294117647059	21.76	19.895000000000003	0.0	0.0	0.0	10.101827411167513	21.70909090909091	0.0	7.565661497855494	0.0	0.0	24.64	18.88561403508772	27.380000000000003	12.790518570427473	32.120000000000005	7.536410256410257	21.15636363636364	7.3784634448574975	25.21333333333333	21.12654545454545	11.997846153846154	8.867080768688625	10.76148148148148	8.696869064748203	0.0	16.6048	5.095830360340999	9.235255102040815	14.619361430395916	4.057623210094895	7.229304892880532	4.687015090412385	20.961481481481485	21.908571428571427	18.23166666666667	11.364363636363638	18.32	20.28	6.821741424802111
31.622857142857143	10.095897435897436	17.615869258946184	0.0	0.0	36.260000000000005	29.51741935483871	36.624	21.088	33.416000000000004	22.8	0.0	0.0	32.35	0.0	22.401322314049587	20.272894736842108	31.320000000000004	22.234285714285715	0.0	22.27490909090909	9.557448071216616	19.280343925233645	26.78823529411765	22.32	18.77095890410959	16.020755906332216	26.704269662921348	30.907272727272726	27.87351351351351	0.0	0.0	30.226666666666667	17.752785145888595	15.251534932494428	7.565661497855494	0.0	35.216	0.0	26.705490196078436	13.97150831445436	21.965061528303018	16.664166666666667	30.343333333333334	21.29913043478261	29.051428571428573	16.020000000000003	21.20819706787996	25.48	11.553504273504274	7.52618779769004	15.148633879781425	11.759633703381594	29.425	10.853259612112964	7.276865523593595	6.59911053449747	15.756341127922974	16.080000000000002	7.7570303529813	6.586322261872082	13.977365215429732	20.21719566602932	14.09729224229543	16.253333333333334	31.26322580645162	18.08279069767442	7.2440188081758
29.860000000000003	0.0	37.0	26.8623677581864	0.0	27.81169696969697	24.577263157894738	28.54201834862385	13.63929733246584	26.06215108834828	0.0	28.07	0.0	31.689411764705888	0.0	0.0	0.0	0.0	44.0	26.15340782122905	0.0	0.0	0.0	19.343695881731787	0.0	0.0	0.0	26.604279475982537	35.66857142857143	0.0	0.0	39.6	0.0	36.84	13.412024613537444	0.0	35.216	0.0	0.0	10.342205559619606	9.55479674796748	15.671566576565988	9.857698613802356	6.0762502814193935	28.89194029850746	6.690297463917896	34.77333333333333	18.364909254730343	12.20289156626506	17.92	36.73333333333333	32.6	32.86857142857143	2.884296139312634	0.0	0.0	21.48	3.6961749751797592	0.0	37.3675	29.184000000000005	2.9564346081352224	17.27901610687976	22.26	0.0	24.861739130434785	16.937391304347827	16.009069696969696
0.0	0.0	0.0	0.0	0.0	0.0	0.0	0.0	0.0	0.0	0.0	0.0	0.0	0.0	0.0	0.0	0.0	0.0	0.0	0.0	0.0	0.0	0.0	0.0	0.0	0.0	0.0	0.0	0.0	0.0	0.0	0.0	0.0	0.0	0.0	0.0	0.0	0.0	0.0	2.55169751454257	15.4	2.591264685556324	7.360000000000001	18.97	5.452857142857144	10.03	0.0	9.42	2.2459482951745158	0.0	0.0	0.0	0.0	20.28	0.0	0.0	0.0	15.02	0.0	30.6	0.0	19.28	2.2983941605839417	0.0	0.0	2.499440900562852	0.0	2.789893692416726
29.348000000000003	0.0	35.720000000000006	27.982384105960268	0.0	28.730946502057616	24.18023952095809	30.519578947368423	15.720423841059604	26.770202217873454	0.0	29.612307692307688	0.0	33.086666666666666	40.96	0.0	40.48	0.0	0.0	28.16613333333333	32.56	0.0	28.840000000000003	21.21833694866233	24.04	28.4	31.68	27.051787439613527	34.09548387096775	32.92	0.0	48.32000000000001	30.06	34.27333333333333	13.751304347826087	24.64	26.705490196078436	10.342205559619606	2.55169751454257	0.0	9.82292759706191	4.307516821353755	12.714170367379896	5.228242648274204	9.500728314238954	5.672912165430506	18.695818181818183	6.851098048220438	2.756637796393582	19.99555555555556	29.419607843137253	18.364285714285717	18.70963855421687	8.10403529493504	20.805	17.720000000000002	22.193972602739727	11.04145772594752	19.736	21.1281592039801	21.00311377245509	10.566347284676583	8.163619353114141	20.418666666666667	19.983636363636364	3.759352792284772	18.6	5.451800195778357
23.44578947368421	15.6	27.54077922077922	24.527368421052635	0.0	25.16588679245283	21.04810810810811	25.974857142857143	11.375825825825824	23.073126022913257	0.0	26.3125	0.0	26.696157635467983	28.46222222222222	25.11157894736842	32.86	39.84	0.0	24.468217054263565	25.45655172413793	16.82470588235294	26.30695278969957	16.509601677148847	25.92	34.92888888888889	24.71632653061225	21.860108892921964	25.73031161473088	22.888209606986894	0.0	34.32000000000001	23.473191489361703	24.38421768707483	6.01978351043612	18.88561403508772	13.97150831445436	9.55479674796748	15.4	9.82292759706191	0.0	7.066719626694356	8.293585005279832	3.877309589187172	20.50426494345719	18.73538461538461	28.230638297872343	6.943049190923207	12.568	12.87148514851485	16.04464827701853	22.73111111111111	20.432771305947277	14.088600682593857	8.383053738145998	13.658620689655171	10.88892417354931	6.547577432625912	27.52	17.9636013590034	16.62559112679607	6.117831318937667	11.805906984326604	4.647224215246637	30.24	19.053241379310347	11.41469387755102	11.166854512576032
30.70705882352941	0.0	37.6312	27.403030303030302	0.0	29.23677208287895	25.02742857142857	29.89700348432056	15.25794117647059	26.708262862964848	0.0	29.851764705882356	0.0	32.363829787234046	35.36	0.0	40.68727272727273	39.08	43.36	28.57258883248731	27.24	22.360000000000003	32.5775	22.016309341500765	0.0	43.93600000000001	31.04222222222222	26.173018867924533	33.502307692307696	30.856666666666666	0.0	50.0	31.524	32.294736842105266	10.375880597014923	27.380000000000003	21.965061528303018	15.671566576565988	2.591264685556324	4.307516821353755	7.066719626694356	0.0	12.870146699266504	8.35282569041994	11.47786162185142	12.925780240073868	18.48432098765432	4.342765715347282	5.798791540785499	17.36923076923077	25.102981125418943	19.619722222222222	29.059257182901195	13.69176862542363	17.19143661971831	23.435	18.622824858757063	10.837095015076669	22.160000000000004	25.58727218993203	23.879052744886977	9.77560902116931	5.787634943473793	15.247688022284123	19.261538461538464	5.691604822295288	16.12	6.05713213037051
14.616152980877391	28.96	23.014666666666667	14.564609726195345	0.0	15.865819178082194	11.719318681318684	17.65720430107527	2.0865951285981947	13.795599168783191	30.920000000000005	13.47703703703704	10.04	17.832199762187873	16.757333333333335	9.66605504587156	25.748936170212765	31.706666666666667	29.865	13.65125925925926	11.37691780821918	2.336096822995461	18.07648	8.03271169943547	8.456	27.208800000000004	19.668235294117647	12.09567891244538	15.374532438478749	13.742160062160062	0.0	26.922857142857147	14.219886363636364	13.526167800453516	10.10582371458552	12.790518570427473	16.664166666666667	9.857698613802356	7.360000000000001	12.714170367379896	8.293585005279832	12.870146699266504	0.0	11.015989753143923	24.94	3.2141239892183293	22.46670588235294	15.226551511412708	3.038999148211244	4.604776019983348	20.850960854092527	23.5	22.588507462686568	9.695378848728248	8.167005150846212	4.203659091598653	13.49781512605042	4.0870380485382665	17.850592216582065	22.08991452991453	13.40294913672422	8.526727107169723	12.939057732827644	10.024383468063304	25.880000000000003	22.211428571428577	11.332564249000573	11.297378917378918
