0.0	20.553600000000003	15.98430251807964	13.288530133624215	0.0	13.538850574712646	6.05667886362702	3.724574343713466	10.750632024169184	13.456319690621978	21.627368421052637	11.685805168986082	23.21333333333333	3.00391467750127	17.944000000000003	14.213846153846154	15.811184638109308	22.78	17.935380200860834	13.485788235294118	11.76685280937608	11.373155893536124	13.45658025050976	11.798282074114669	26.78	20.048618784530387	20.51251258581236	12.374049164208458	3.2139660430825385	4.873419913419914	0.0	0.0	5.199622641509434	7.238503654155828	23.214418604651165	22.72	26.740392156862747	31.48	0.0	26.996363636363636	23.12714285714286	28.718918918918924	13.27506976744186	30.9275	35.120000000000005	0.0	45.040000000000006	27.351918274687858	0.0	19.759077881619938	30.39555555555556	0.0	0.0	29.17	22.37338929695698	16.18	22.391460674157305	20.514663302318247	0.0	31.774545454545454	27.28782608695652	21.349753168779184	24.621304347826086	21.73697715289983	0.0	0.0	23.529320388349515	22.9621052631579
20.553600000000003	0.0	7.270943396226416	21.08	24.261538461538464	22.244000000000003	19.425625000000004	22.19257142857143	12.289874275718814	25.626666666666665	9.783428571428573	18.249444444444443	7.914675560946028	21.82507462686567	18.94473186119874	11.782978723404256	8.58160295534854	10.731733333333334	8.255575105897687	0.0	14.107368421052632	4.325513926307833	10.2980790960452	11.803562267769388	4.806027190770212	6.948839316356649	4.721971276100427	16.01263157894737	19.50342857142857	18.168	10.617142857142856	0.0	19.09777777777778	9.036710843373497	23.24	2.014555172029841	9.818387096774194	0.0	0.0	0.0	23.953333333333337	26.12	20.92	0.0	10.16	27.92	16.7	22.59529411764706	0.0	17.080000000000002	11.03286108555658	13.0	10.63162102146558	31.880000000000003	17.14	2.3603846153846155	12.330232558139535	22.04	10.42	9.130042161747795	8.673880506940254	24.986666666666668	19.18	18.99	0.0	0.0	18.520000000000003	12.0
15.98430251807964	7.270943396226416	0.0	22.205901639344265	0.0	18.60645308924485	14.52835693014994	17.78237042309917	13.652812920592194	17.696819610307983	16.305762711864407	24.7	19.574782608695653	19.033300409199946	22.0	11.359791666666668	6.76564463768116	10.86	11.283020833333332	22.713103448275863	8.554373318988706	7.40104641350211	6.582101616076335	14.59379130167512	19.65714285714286	6.654079326707851	6.624867053583481	13.58856014959485	15.6107997100749	12.952320541760724	17.32888888888889	28.251428571428573	15.80967032967033	8.142809663025082	27.90264150943396	9.43131414267835	16.99493253898721	38.08	0.0	32.25333333333334	26.82641860465116	31.406376811594207	17.843200000000003	34.78	24.816666666666663	0.0	0.0	30.335652173913047	0.0	22.645314685314684	19.156048031615747	25.56	18.415895522388062	0.0	23.561121495327104	9.085268432355049	18.440427583315863	24.68700460829493	0.0	17.634179566563468	16.05905099741257	25.34435754189944	27.78941176470589	25.11368421052632	0.0	0.0	26.205	17.859011099899092
13.288530133624215	21.08	22.205901639344265	0.0	20.14	10.440845173041897	7.298709308966305	13.998583955829815	10.475871441325268	5.531747543629258	27.224	5.918172043010753	30.426666666666662	16.651478472786355	13.366486486486489	15.12	0.0	0.0	0.0	2.484728613194356	17.453333333333333	16.34	19.0224	5.605790300771114	0.0	25.92695652173913	29.31333333333334	3.01647087857848	16.577888996914233	13.80093023255814	0.0	23.893333333333334	14.53416498993964	14.217396262274312	25.142325581395347	0.0	0.0	27.793432835820894	0.0	26.018380809595204	23.70218729535036	27.236677852348997	14.214570928196148	27.85879003558719	43.56	23.417600000000004	0.0	28.324882629107982	23.5	0.0	0.0	0.0	0.0	26.05445614035088	0.0	0.0	0.0	20.67367337388863	0.0	48.040000000000006	38.2	25.37924650161464	29.438353909465025	24.253333333333337	43.52	0.0	26.97142857142857	27.48233918128655
0.0	24.261538461538464	0.0	20.14	0.0	2.50307873594001	17.65	2.6659256449165403	7.846211180124224	18.597894736842107	25.840000000000003	7.6691581108829565	0.0	3.303406113537118	2.976562902437941	0.0	0.0	0.0	0.0	19.04	22.2	18.46709677419355	21.8	12.182545454545457	0.0	34.720000000000006	26.869090909090907	19.172000000000004	3.466719367588933	21.59	0.0	2.7082535507627563	20.8	2.450534069981584	0.0	0.0	0.0	0.0	0.0	0.0	0.0	0.0	0.0	0.0	0.0	0.0	0.0	0.0	0.0	0.0	0.0	0.0	0.0	0.0	0.0	0.0	0.0	31.72000000000001	0.0	0.0	0.0	0.0	34.160000000000004	0.0	0.0	0.0	0.0	0.0
13.538850574712646	22.244000000000003	18.60645308924485	10.440845173041897	2.50307873594001	0.0	6.628560276234799	3.9640550225922055	8.845783693359518	4.82249972497948	14.469602888086644	5.500582368170051	17.317092511013218	6.632882977804647	4.396548992888473	15.84	20.049333333333333	20.132727272727276	18.25872340425532	7.709475217026044	15.17764705882353	19.18285714285714	16.40458015267176	9.861566841266228	18.86683544303797	21.00704433497537	21.843605633802817	9.025806653131344	9.087102213730947	15.268976377952756	19.638139534883724	3.79676058714358	15.434188034188036	5.594912317473626	26.624761904761904	23.784	0.0	27.41474320241692	0.0	26.468477905073648	24.03454545454546	27.57825988700565	14.275555555555556	28.1464039408867	40.605714285714285	23.743	35.224000000000004	28.7787012987013	18.622222222222224	24.706666666666667	0.0	29.26	34.84	26.28478260869565	29.293333333333333	0.0	32.6	22.239689284898333	32.32000000000001	31.92909090909091	28.641333333333336	25.435138755980866	30.35589285714285	28.07333333333333	47.14666666666667	0.0	27.59368421052632	29.09225225225225
6.05667886362702	19.425625000000004	14.52835693014994	7.298709308966305	17.65	6.628560276234799	0.0	6.0378310709996725	9.081902475885672	3.939059865884511	24.016551724137933	10.867151515151516	26.684285714285718	6.152848698589311	13.509310344827586	12.656	15.551964285714288	25.186666666666667	21.11733333333333	7.018040170419964	9.283036386449186	13.362392026578071	10.936660475580087	6.554345579172704	26.875	20.2451806302844	18.777851239669424	5.878759525267638	12.136408662987526	5.206897699757869	29.08	18.986206896551725	10.905755395683451	10.956598360655738	22.54877192982456	23.608000000000004	26.635	24.436	0.0	23.84281690140845	21.025328185328185	25.055451505016723	11.59867924528302	24.92827586206897	35.026666666666664	22.18	40.74666666666667	26.07405785770133	0.0	20.952	31.22000000000001	0.0	38.43	24.2752	25.773333333333333	18.160000000000004	28.166037735849063	19.18038352719271	0.0	35.64615384615385	26.87933884297521	21.38500288850376	25.831536050156743	22.421414141414143	0.0	0.0	23.53185185185185	23.52337874659401
3.724574343713466	22.19257142857143	17.78237042309917	13.998583955829815	2.6659256449165403	3.9640550225922055	6.0378310709996725	0.0	11.949605229891286	10.008706223511044	13.590770962296006	10.83967916797983	16.303806970509385	4.718048299307745	7.574491392801252	17.744285714285716	18.542504365178356	19.93942857142857	21.61519142419602	12.968512369791668	14.325669291338585	16.89690476190476	14.788706549475474	12.580705010265843	18.046769230769232	22.567824247799685	22.198253891050587	13.436402708073697	7.742577557569957	9.273925423728816	19.74898550724638	4.059986699916875	14.791604938271607	4.762228038351905	25.61658227848101	22.96	30.59267605633803	26.16809160305344	0.0	26.041516339869283	23.17653981953708	26.91002829298963	14.309156829679598	26.960065789473685	38.13481481481482	26.468571428571423	40.38666666666667	28.64561157387111	24.06	22.484038199181448	33.326	30.360000000000003	35.10545454545455	25.904812030075185	25.45063670411985	22.626666666666665	29.267936507936508	22.326940829743823	42.52	33.78214285714286	28.920180995475118	24.305729063497303	28.51433536055604	24.99456310679612	45.56	36.89333333333334	26.75779816513761	26.497126213592235
10.750632024169184	12.289874275718814	13.652812920592194	10.475871441325268	7.846211180124224	8.845783693359518	9.081902475885672	11.949605229891286	0.0	11.46986525359576	25.415593220338984	3.243004415647814	22.704935064935068	13.411496495654612	4.02394813013778	5.722284710017576	21.25302325581396	30.22	22.37387755102041	9.99860807860262	11.223087248322148	4.733825117267015	10.825015290519875	4.135043535895551	18.50209486166008	23.029333333333334	14.723765730880933	8.522231915667032	12.291771720613289	9.168800760186382	34.260000000000005	20.781538461538464	10.678609367455335	10.552770192085166	12.580842105263155	23.666666666666664	15.447804878048782	14.81433506044905	13.6	13.9280987654321	11.653233429394811	15.269646226415096	2.110386057965524	15.744501845018451	27.824444444444445	7.514458598726115	31.388000000000005	16.305678814577494	8.47776649746193	8.485069748903946	26.48	0.0	25.666666666666668	13.636992	11.0422061482821	2.066618181818182	10.607272727272727	9.17704100270832	0.0	28.262857142857143	27.15157894736842	11.459561273297048	14.651851851851854	11.044050925925928	36.52	25.360000000000003	13.324427480916032	13.162270916334665
13.456319690621978	25.626666666666665	17.696819610307983	5.531747543629258	18.597894736842107	4.82249972497948	3.939059865884511	10.008706223511044	11.46986525359576	0.0	25.01891891891892	4.013263764504322	27.891111111111115	16.046954143139054	9.883	16.624000000000002	19.19076923076923	29.872	27.511666666666667	3.8053989252199023	12.053333333333333	18.708571428571428	14.613581780538302	7.149590361445784	28.706666666666667	26.83824289405685	27.314615384615387	5.615459976901208	16.996353775626474	12.05561797752809	31.268000000000008	20.581333333333333	15.631111111111114	15.889796052902645	25.82122448979592	33.120000000000005	31.840000000000003	28.190514541387024	0.0	26.91237704918033	24.38291338582677	27.884611764705888	15.075065535851966	28.723823529411767	39.45	25.64941176470588	44.11	28.870344827586205	22.664	0.0	0.0	0.0	44.16	27.09938211382114	26.973333333333336	0.0	31.48	22.227633955448525	31.0	42.55	35.442	26.095514403292185	30.87479674796748	24.85142857142857	0.0	0.0	26.782608695652176	28.952500000000004
21.627368421052637	9.783428571428573	16.305762711864407	27.224	25.840000000000003	14.469602888086644	24.016551724137933	13.590770962296006	25.415593220338984	25.01891891891892	9.04	22.140160284951023	4.544469118379546	12.45763494853126	22.10153846153846	22.064	5.9331458699472766	3.51050647082531	3.627225300974585	25.299578947368424	0.0	17.835	14.753191489361702	26.06322580645162	5.06347295864263	5.816058281952312	7.853906795526996	28.135172413793107	10.214737496116808	19.185454545454547	7.160649545088103	11.197391304347828	24.866666666666667	4.197789457614551	35.08	8.03227414330218	19.4	0.0	0.0	0.0	32.480000000000004	38.28	31.420000000000005	0.0	14.353333333333332	0.0	12.889286640726333	34.422222222222224	0.0	0.0	18.8	15.564114285714288	15.73219512195122	0.0	0.0	16.220000000000002	24.26	34.661818181818184	7.116805111821087	14.98929245283019	13.463306836248012	36.720000000000006	36.09333333333334	31.2	16.34	0.0	0.0	19.262
11.685805168986082	18.249444444444443	24.7	5.918172043010753	7.6691581108829565	5.500582368170051	10.867151515151516	10.83967916797983	3.243004415647814	4.013263764504322	22.140160284951023	0.0	25.08299741602067	14.20491128515071	3.52824531516184	49.120000000000005	28.96	26.68266666666667	24.89081081081081	3.1923194593559883	0.0	13.091176470588234	18.90666666666667	3.765489891135304	25.47683168316832	26.77838862559242	27.605683646112603	6.686188511583625	15.717147556081835	13.406222222222222	27.75636363636364	18.07610547667343	14.77379310344828	14.084135811362437	31.72000000000001	29.26333333333334	0.0	23.18232558139535	0.0	22.781176470588235	23.645000000000003	28.155384615384616	9.297290322580649	24.305714285714284	34.88	14.06	0.0	29.986666666666668	17.53714285714286	0.0	0.0	0.0	37.64	22.004761904761903	0.0	12.12	19.56	16.400615384615385	30.2	34.96	33.9232	22.921818181818185	29.68	33.4	0.0	0.0	0.0	31.2
23.21333333333333	7.914675560946028	19.574782608695653	30.426666666666662	0.0	17.317092511013218	26.684285714285718	16.303806970509385	22.704935064935068	27.891111111111115	4.544469118379546	25.08299741602067	0.0	15.700941619585688	26.864444444444445	19.577185929648245	18.99818181818182	6.213691728054884	7.660194842406876	28.04851063829787	28.26666666666667	15.471303095752342	22.62538461538461	23.97468085106383	3.766020969775236	4.022377204884668	5.829518653642463	27.858426966292136	13.459411146161935	26.986666666666668	2.708791593695272	13.4528	0.0	6.432903080277701	42.24	10.731764705882354	28.32	0.0	0.0	0.0	37.0	0.0	31.920000000000005	46.08	11.42096463022508	0.0	12.178701550387595	43.720000000000006	0.0	0.0	25.53333333333334	15.027664670658684	16.082857142857144	0.0	0.0	13.553333333333333	35.2	39.76888888888889	6.470729978738483	15.13792284866469	13.914446764091858	39.925	45.8	0.0	15.0672	0.0	0.0	43.88
3.00391467750127	21.82507462686567	19.033300409199946	16.651478472786355	3.303406113537118	6.632882977804647	6.152848698589311	4.718048299307745	13.411496495654612	16.046954143139054	12.45763494853126	14.20491128515071	15.700941619585688	0.0	14.738056426332289	16.5	19.5705355832722	17.499770114942528	19.507454844006567	16.460250886974155	15.450321750321752	15.271234256926954	15.833387903592545	13.620732849803568	16.417917981072556	22.02986940506753	21.59131651473394	15.290424316605469	5.208785351356534	9.810970754485131	18.381138211382115	2.9738682432432437	13.013521126760562	5.956944094564481	26.05519623233909	20.19137254901961	29.96494382022472	30.48	0.0	28.17050279329609	25.76357142857143	30.050441176470592	16.06415384615385	29.912	38.95333333333333	34.92	27.746666666666663	30.6975	0.0	23.077546296296298	34.177777777777784	25.62	27.387692307692312	28.65846153846154	25.351986531986533	18.96	26.10704225352113	24.1853106304648	18.506666666666668	26.579393939393945	26.60491620111732	24.83906454630496	28.650149253731342	24.44841155234657	0.0	37.96	27.42066225165563	26.906175637393765
17.944000000000003	18.94473186119874	22.0	13.366486486486489	2.976562902437941	4.396548992888473	13.509310344827586	7.574491392801252	4.02394813013778	9.883	22.10153846153846	3.52824531516184	26.864444444444445	14.738056426332289	0.0	0.0	28.08	0.0	0.0	10.46299319727891	0.0	13.017094430992737	16.82857142857143	6.656183006535949	25.652500000000003	26.39076923076923	20.57839662447258	12.921572052401746	16.524493150684933	14.85680473372781	28.5	6.570181818181818	15.833333333333334	14.130309951060358	0.0	0.0	0.0	21.453333333333337	0.0	24.48	0.0	20.0	8.729180327868852	22.37333333333333	0.0	14.0	0.0	0.0	0.0	0.0	0.0	0.0	0.0	20.10666666666667	23.4	0.0	21.56	13.021538461538464	0.0	0.0	32.96	0.0	0.0	0.0	0.0	0.0	0.0	0.0
14.213846153846154	11.782978723404256	11.359791666666668	15.12	0.0	15.84	12.656	17.744285714285716	5.722284710017576	16.624000000000002	22.064	49.120000000000005	19.577185929648245	16.5	0.0	0.0	17.482934362934365	23.21333333333333	19.406133333333333	0.0	4.899985006300544	4.821114689125588	3.498966869218104	5.255127085432762	19.60674157303371	18.81668292682927	4.981703314583237	4.982408213369044	13.754893617021276	11.178470714541334	20.544000000000004	0.0	11.105853658536583	10.45929712460064	19.822857142857146	23.520000000000003	21.82459143968872	0.0	0.0	33.0	23.31741935483871	27.290000000000003	8.919111111111112	30.160000000000004	23.664	0.0	0.0	23.57876543209877	0.0	16.514387797743417	26.70285714285714	29.74	26.416000000000004	0.0	18.032639671963096	8.912402374258045	17.14528612597777	17.570553474823136	0.0	26.96969696969697	17.87992667277727	16.46352290679305	20.52082417582418	18.20188154637212	0.0	0.0	18.90993197278912	16.753355263157893
15.811184638109308	8.58160295534854	6.76564463768116	0.0	0.0	20.049333333333333	15.551964285714288	18.542504365178356	21.25302325581396	19.19076923076923	5.9331458699472766	28.96	18.99818181818182	19.5705355832722	28.08	17.482934362934365	0.0	8.24939393939394	4.1671820414847165	24.24	9.965278255880666	13.361159420289855	5.341856371998697	22.73197080291971	10.260506822612086	5.685095657234306	10.917224911360398	18.59329341317365	14.386789637113594	11.252586373021336	17.92	29.133333333333336	13.28695798319328	4.893766876687669	32.68	11.046832460732986	19.565721096543506	0.0	0.0	36.32000000000001	32.67393939393939	35.2	25.41333333333333	38.06	19.9	0.0	26.42	32.33090909090909	0.0	23.8	19.78768731754784	0.0	19.433895240627493	0.0	25.904000000000003	12.934893617021276	22.7292	28.91764705882353	0.0	18.187814146575125	18.148447007930788	32.81	29.832	26.697600000000005	24.42	0.0	30.6	20.690602409638554
22.78	10.731733333333334	10.86	0.0	0.0	20.132727272727276	25.186666666666667	19.93942857142857	30.22	29.872	3.51050647082531	26.68266666666667	6.213691728054884	17.499770114942528	0.0	23.21333333333333	8.24939393939394	0.0	3.3807096735975355	0.0	21.266666666666666	16.15	15.211875	26.590000000000003	6.305915634415802	5.600968627314735	8.335417060311462	0.0	17.206296296296294	20.12727272727273	8.030744494931842	0.0	22.160000000000004	8.760409207161127	0.0	9.905116279069768	22.04	0.0	0.0	0.0	0.0	0.0	30.6	37.24	16.725882352941177	0.0	14.198944844124702	0.0	0.0	0.0	21.660000000000004	17.139012345679014	17.547500000000003	0.0	0.0	0.0	28.860000000000003	36.9	9.316377952755904	16.41549160671463	15.42716577540107	45.120000000000005	24.76	0.0	17.435000000000002	0.0	0.0	19.95555555555556
17.935380200860834	8.255575105897687	11.283020833333332	0.0	0.0	18.25872340425532	21.11733333333333	21.61519142419602	22.37387755102041	27.511666666666667	3.627225300974585	24.89081081081081	7.660194842406876	19.507454844006567	0.0	19.406133333333333	4.1671820414847165	3.3807096735975355	0.0	26.90181818181818	16.193576642335767	15.855721393034829	8.636784533197659	24.69122807017544	7.23367508399263	5.698736395906744	9.108557548660295	22.265454545454546	17.036390395042602	14.563333333333333	8.675704697986578	0.0	16.133064516129032	4.293832545104221	0.0	9.885120219830547	20.660000000000004	0.0	0.0	35.720000000000006	33.27294117647059	35.1	42.74	0.0	16.482777777777777	35.24	14.435036496350367	28.12	0.0	25.016	19.45019607843137	17.53305439330544	18.677267247153384	38.940000000000005	29.8	18.04	26.025714285714287	27.660000000000004	9.480833333333331	16.94128716796617	15.759317289639872	40.0	31.26	25.44	18.56666666666667	0.0	24.1	20.243961661341853
13.485788235294118	0.0	22.713103448275863	2.484728613194356	19.04	7.709475217026044	7.018040170419964	12.968512369791668	9.99860807860262	3.8053989252199023	25.299578947368424	3.1923194593559883	28.04851063829787	16.460250886974155	10.46299319727891	0.0	24.24	0.0	26.90181818181818	0.0	19.24	0.0	18.70823529411765	4.225207529149588	28.56	29.53509433962265	31.2475	3.746041506533436	16.78990440228955	14.65666666666667	30.456	21.23448275862069	15.062893081761008	15.580021091484316	25.978461538461534	31.56	33.88	27.46208333333333	0.0	26.141981981981974	24.09740585774059	27.725061425061423	14.127430249632894	28.225727272727276	39.144000000000005	23.646	41.693333333333335	28.764635761589403	25.186666666666667	0.0	0.0	0.0	39.940000000000005	26.13659942363112	28.2	0.0	0.0	22.038696988322062	39.22666666666667	42.484	40.29333333333334	25.94421307506054	31.01948717948718	30.880000000000003	46.08	36.760000000000005	26.4	31.049056603773582
11.76685280937608	14.107368421052632	8.554373318988706	17.453333333333333	22.2	15.17764705882353	9.283036386449186	14.325669291338585	11.223087248322148	12.053333333333333	0.0	0.0	28.26666666666667	15.450321750321752	0.0	4.899985006300544	9.965278255880666	21.266666666666666	16.193576642335767	19.24	0.0	7.831664708186447	6.234301678760607	5.291600928074246	22.25	14.59727842435094	12.108563286630254	4.000649112704812	11.35161410018553	5.792611013137298	0.0	0.0	12.482666666666669	7.2241771195405775	22.1221052631579	20.96	23.751084543125536	0.0	0.0	35.480000000000004	28.28	35.4	11.848971962616822	0.0	0.0	0.0	0.0	26.201739130434788	0.0	18.407729952830188	25.07733333333333	33.4	26.526666666666664	0.0	20.410431484115698	10.809465585360782	18.803118296782458	20.345164556962025	0.0	28.52	21.164651162790697	19.330883977900555	22.59722448979592	20.66474455445545	0.0	0.0	21.15615384615385	19.569846153846157
11.373155893536124	4.325513926307833	7.40104641350211	16.34	18.46709677419355	19.18285714285714	13.362392026578071	16.89690476190476	4.733825117267015	18.708571428571428	17.835	13.091176470588234	15.471303095752342	15.271234256926954	13.017094430992737	4.821114689125588	13.361159420289855	16.15	15.855721393034829	0.0	7.831664708186447	0.0	8.106410600834998	5.199728485138449	11.756881171263194	14.601739130434783	5.928515679217573	7.415105091078935	10.289627922291738	8.844011477360208	14.84	22.0	10.28708661417323	11.110193948797518	14.326857142857143	2.429090909090909	11.403671497584543	0.0	0.0	22.660000000000004	18.687	23.028	2.437979797979798	22.64	14.952000000000002	15.74666666666667	24.04	19.544615384615387	17.44	8.69437140019861	14.1216	23.32	15.403333333333332	0.0	11.21404411764706	2.148727046374105	10.809314707432788	11.048729281767956	20.28	21.365714285714283	8.799717880289744	10.696831683168316	12.55008849557522	11.381170305676855	27.52	0.0	11.64	10.89
13.45658025050976	10.2980790960452	6.582101616076335	19.0224	21.8	16.40458015267176	10.936660475580087	14.788706549475474	10.825015290519875	14.613581780538302	14.753191489361702	18.90666666666667	22.62538461538461	15.833387903592545	16.82857142857143	3.498966869218104	5.341856371998697	15.211875	8.636784533197659	18.70823529411765	6.234301678760607	8.106410600834998	0.0	9.94555140752699	22.669565217391305	11.683182312847242	10.333268785061689	6.531127755964965	14.871206266318538	8.161260817283999	0.0	27.26666666666667	13.564324324324328	6.67200222535715	26.82227848101266	11.785353037766832	18.23543850195339	0.0	0.0	32.30470588235294	28.290015455950545	32.759473684210526	14.516521739130436	32.02285714285715	24.77846153846154	26.880000000000003	27.32	30.668768472906407	0.0	16.542104236645358	21.410582677165355	29.01333333333334	24.68326530612245	0.0	20.180560344827587	10.436289955234432	19.30744002020372	20.791111111111118	28.0	24.644489795918368	18.299288206559662	22.51275362318841	24.541355932203395	20.827682926829272	26.52	0.0	21.92	19.49440414507772
11.798282074114669	11.803562267769388	14.59379130167512	5.605790300771114	12.182545454545457	9.861566841266228	6.554345579172704	12.580705010265843	4.135043535895551	7.149590361445784	26.06322580645162	3.765489891135304	23.97468085106383	13.620732849803568	6.656183006535949	5.255127085432762	22.73197080291971	26.590000000000003	24.69122807017544	4.225207529149588	5.291600928074246	5.199728485138449	9.94555140752699	0.0	19.233451957295376	23.20300469483568	12.864015298317188	4.074337839190949	13.911970820969335	10.958479349186485	26.032	23.41428571428572	12.52000956480153	11.812064233576644	19.886699293094075	24.72	24.021575037147105	21.58465573770492	0.0	21.342531835205996	18.84061354921176	22.649490740740735	8.981548048540507	22.08760869565217	33.795	16.08857142857143	38.54666666666667	23.93605943536404	16.256	17.5055919395466	29.52	41.720000000000006	31.360000000000003	20.300740740740743	19.487352565739087	10.018387096774196	19.412298507462687	17.348318271119844	0.0	35.477647058823536	25.54878048780488	18.59781118240147	22.55158446509412	18.78434782608696	37.0	32.440000000000005	21.047133757961785	20.4194422310757
26.78	4.806027190770212	19.65714285714286	0.0	0.0	18.86683544303797	26.875	18.046769230769232	18.50209486166008	28.706666666666667	5.06347295864263	25.47683168316832	3.766020969775236	16.417917981072556	25.652500000000003	19.60674157303371	10.260506822612086	6.305915634415802	7.23367508399263	28.56	22.25	11.756881171263194	22.669565217391305	19.233451957295376	0.0	6.570949861823924	4.372693797566422	24.50425531914894	14.291004366812226	24.133333333333336	7.279999999999999	14.12	26.98	9.29368047337278	26.56	2.3362695924764894	12.760000000000002	0.0	0.0	28.48	27.08	0.0	35.160000000000004	0.0	6.140083217753121	30.840000000000003	7.027795371498174	24.136000000000003	0.0	19.92	0.0	9.840147329650092	10.56225352112676	0.0	0.0	12.225	18.5	37.4	2.1203731674811195	10.224121673003804	7.869806643529995	29.96	46.52	23.68	10.71504132231405	0.0	0.0	15.342857142857142
20.048618784530387	6.948839316356649	6.654079326707851	25.92695652173913	34.720000000000006	21.00704433497537	20.2451806302844	22.567824247799685	23.029333333333334	26.83824289405685	5.816058281952312	26.77838862559242	4.022377204884668	22.02986940506753	26.39076923076923	18.81668292682927	5.685095657234306	5.600968627314735	5.698736395906744	29.53509433962265	14.59727842435094	14.601739130434783	11.683182312847242	23.20300469483568	6.570949861823924	0.0	5.161630578854981	22.63907335907336	17.105416961631036	17.39967233258243	3.866375728262065	18.72	16.635891891891895	8.919224266534064	30.12333333333333	8.904452318130419	17.916009002250565	46.2	0.0	31.53	31.936615384615383	35.58888888888889	30.2	37.456	15.89218309859155	35.3408	13.510387096774192	28.76486187845304	0.0	29.08363636363637	17.92592129918801	16.538415451320457	17.374933600601356	37.333333333333336	27.15619047619048	20.28	25.005405405405405	32.657500000000006	8.947127429805615	15.81103180272595	14.828991204046783	37.99666666666667	27.640000000000004	27.52909090909091	17.736875	0.0	30.12	19.32525918944392
20.51251258581236	4.721971276100427	6.624867053583481	29.31333333333334	26.869090909090907	21.843605633802817	18.777851239669424	22.198253891050587	14.723765730880933	27.314615384615387	7.853906795526996	27.605683646112603	5.829518653642463	21.59131651473394	20.57839662447258	4.981703314583237	10.917224911360398	8.335417060311462	9.108557548660295	31.2475	12.108563286630254	5.928515679217573	10.333268785061689	12.864015298317188	4.372693797566422	5.161630578854981	0.0	13.40040536326785	18.13319034852547	18.189497016197784	5.928891786179923	19.462	20.19428571428572	10.352106829907726	30.194117647058825	7.693045495431521	15.928906666666668	31.920000000000005	0.0	29.31142857142857	27.17127753303965	31.907532467532477	20.04666666666667	33.32666666666667	15.187888040712467	35.36800000000001	13.471834789515489	27.853968253968254	28.440000000000005	16.51137931034483	18.64635822614705	16.608569169960475	16.378022871664548	35.980000000000004	21.06508474576271	8.869027113237639	18.207955067653817	23.59327731092437	8.163233532934132	14.42532827139424	15.230216963806862	25.64294117647059	31.17290322580645	26.296	16.520000000000003	0.0	32.760000000000005	16.981832258064518
12.374049164208458	16.01263157894737	13.58856014959485	3.01647087857848	19.172000000000004	9.025806653131344	5.878759525267638	13.436402708073697	8.522231915667032	5.615459976901208	28.135172413793107	6.686188511583625	27.858426966292136	15.290424316605469	12.921572052401746	4.982408213369044	18.59329341317365	0.0	22.265454545454546	3.746041506533436	4.000649112704812	7.415105091078935	6.531127755964965	4.074337839190949	24.50425531914894	22.63907335907336	13.40040536326785	0.0	15.179203819558776	7.464370705709416	26.840000000000003	23.603478260869565	12.56118451025057	10.236314563418748	20.8428322147651	30.506666666666668	24.614995450409467	27.543296703296704	0.0	25.59648780487805	22.858486932599725	26.821920095408466	11.58753874978709	28.15412997903564	35.15272727272728	27.58142857142857	38.572	25.000312444523345	23.424	17.235355599214145	24.19	34.906666666666666	31.25	26.57252396166134	19.852419027446828	10.161572052401748	19.302366197183098	18.411133056133057	0.0	36.284000000000006	26.62148148148148	19.27504028021016	22.60393642720916	19.580919952210277	40.88	40.52	21.35612403100776	21.003412256267413
3.2139660430825385	19.50342857142857	15.6107997100749	16.577888996914233	3.466719367588933	9.087102213730947	12.136408662987526	7.742577557569957	12.291771720613289	16.996353775626474	10.214737496116808	15.717147556081835	13.459411146161935	5.208785351356534	16.524493150684933	13.754893617021276	14.386789637113594	17.206296296296294	17.036390395042602	16.78990440228955	11.35161410018553	10.289627922291738	14.871206266318538	13.911970820969335	14.291004366812226	17.105416961631036	18.13319034852547	15.179203819558776	0.0	5.332238334529793	16.63536231884058	2.18372526193248	3.18800168864387	4.257793103448276	24.57980198019802	18.863636363636363	27.23697297297297	37.20307692307692	0.0	33.3742372881356	27.93128712871287	32.361276595744684	14.89586052749218	35.71612903225807	37.472	37.21333333333334	25.954285714285717	29.944617647058823	30.32	21.32229213483146	28.022857142857145	24.893333333333334	27.72	36.91076923076923	23.032335864225104	13.34777777777778	21.957762237762235	23.203827633041115	24.19	25.8	24.968260869565217	23.09359849502822	26.82793933987511	22.668630419821064	0.0	0.0	25.455414634146344	24.789549180327867
4.873419913419914	18.168	12.952320541760724	13.80093023255814	21.59	15.268976377952756	5.206897699757869	9.273925423728816	9.168800760186382	12.05561797752809	19.185454545454547	13.406222222222222	26.986666666666668	9.810970754485131	14.85680473372781	11.178470714541334	11.252586373021336	20.12727272727273	14.563333333333333	14.65666666666667	5.792611013137298	8.844011477360208	8.161260817283999	10.958479349186485	24.133333333333336	17.39967233258243	18.189497016197784	7.464370705709416	5.332238334529793	0.0	20.8	18.68	5.360521172638437	3.4277121884080137	21.564912751677856	18.96727272727273	25.08495842781557	30.840000000000003	0.0	24.49379310344828	22.21966666666667	27.06428571428572	11.653498158863757	29.02428571428572	35.363076923076925	31.264000000000003	41.08800000000001	26.00410177332305	0.0	18.241679961556947	27.46	0.0	32.18	29.47111111111112	20.704835706897928	11.360401146131808	19.611412291412293	19.253830639948287	0.0	31.507272727272728	26.32344827586207	19.803318864774624	22.983591836734696	20.534180348572875	43.52	35.64	21.86707692307693	21.43191270860077
0.0	10.617142857142856	17.32888888888889	0.0	0.0	19.638139534883724	29.08	19.74898550724638	34.260000000000005	31.268000000000008	7.160649545088103	27.75636363636364	2.708791593695272	18.381138211382115	28.5	20.544000000000004	17.92	8.030744494931842	8.675704697986578	30.456	0.0	14.84	0.0	26.032	7.279999999999999	3.866375728262065	5.928891786179923	26.840000000000003	16.63536231884058	20.8	0.0	17.293333333333333	0.0	10.598410596026492	0.0	11.34	0.0	0.0	0.0	0.0	0.0	0.0	0.0	0.0	13.952000000000002	0.0	14.16246153846154	0.0	0.0	0.0	0.0	16.82903225806452	17.34857142857143	0.0	0.0	0.0	0.0	0.0	9.39569230769231	16.900689655172414	15.122625482625484	0.0	0.0	0.0	17.173333333333336	0.0	0.0	0.0
0.0	0.0	28.251428571428573	23.893333333333334	2.7082535507627563	3.79676058714358	18.986206896551725	4.059986699916875	20.781538461538464	20.581333333333333	11.197391304347828	18.07610547667343	13.4528	2.9738682432432437	6.570181818181818	0.0	29.133333333333336	0.0	0.0	21.23448275862069	0.0	22.0	27.26666666666667	23.41428571428572	14.12	18.72	19.462	23.603478260869565	2.18372526193248	18.68	17.293333333333333	0.0	0.0	3.089496962332929	0.0	17.0	0.0	38.4	0.0	0.0	34.95	39.4	25.76	39.88	0.0	0.0	0.0	0.0	0.0	0.0	0.0	0.0	0.0	39.040000000000006	0.0	0.0	0.0	32.215555555555554	0.0	0.0	29.906666666666663	33.06666666666667	0.0	36.34	0.0	0.0	0.0	0.0
5.199622641509434	19.09777777777778	15.80967032967033	14.53416498993964	20.8	15.434188034188036	10.905755395683451	14.791604938271607	10.678609367455335	15.631111111111114	24.866666666666667	14.77379310344828	0.0	13.013521126760562	15.833333333333334	11.105853658536583	13.28695798319328	22.160000000000004	16.133064516129032	15.062893081761008	12.482666666666669	10.28708661417323	13.564324324324328	12.52000956480153	26.98	16.635891891891895	20.19428571428572	12.56118451025057	3.18800168864387	5.360521172638437	0.0	0.0	0.0	4.211881083925283	23.032333333333334	0.0	26.453333333333337	0.0	0.0	28.666666666666668	24.2368	28.923870967741937	13.309264705882352	33.77	41.4	37.120000000000005	43.24	27.871854545454543	0.0	19.998590785907854	0.0	0.0	0.0	0.0	22.457322834645677	14.720000000000002	21.29263157894737	20.941992619926204	0.0	0.0	31.08	21.649269162210334	25.12292134831461	21.881126760563383	0.0	0.0	23.824	23.661686746987957
7.238503654155828	9.036710843373497	8.142809663025082	14.217396262274312	2.450534069981584	5.594912317473626	10.956598360655738	4.762228038351905	10.552770192085166	15.889796052902645	4.197789457614551	14.084135811362437	6.432903080277701	5.956944094564481	14.130309951060358	10.45929712460064	4.893766876687669	8.760409207161127	4.293832545104221	15.580021091484316	7.2241771195405775	11.110193948797518	6.67200222535715	11.812064233576644	9.29368047337278	8.919224266534064	10.352106829907726	10.236314563418748	4.257793103448276	3.4277121884080137	10.598410596026492	3.089496962332929	4.211881083925283	0.0	23.030177935943065	11.112195824334057	18.205405405405408	35.84	0.0	31.852307692307694	27.236404494382025	31.3861052631579	13.465756097560975	32.89833333333333	20.81714285714286	29.56	15.819574468085108	27.842339181286548	0.0	18.111753424657536	19.41196581196581	19.895111111111117	19.626941297631312	33.352	20.622761506276152	10.628142857142858	19.71600798403194	21.01694510739857	11.611428571428572	18.383710618436407	16.603221809169767	21.551693290734825	23.591597765363133	20.98	46.08	40.84	22.852413793103448	22.38690058479532
23.214418604651165	23.24	27.90264150943396	25.142325581395347	0.0	26.624761904761904	22.54877192982456	25.61658227848101	12.580842105263155	25.82122448979592	35.08	31.72000000000001	42.24	26.05519623233909	0.0	19.822857142857146	32.68	0.0	0.0	25.978461538461534	22.1221052631579	14.326857142857143	26.82227848101266	19.886699293094075	26.56	30.12333333333333	30.194117647058825	20.8428322147651	24.57980198019802	21.564912751677856	0.0	0.0	23.032333333333334	23.030177935943065	0.0	20.61555555555556	18.58018481085764	13.076672828096118	0.0	12.649719626168224	4.786979582848335	10.278048780487804	9.84802252926164	12.118648203099244	17.05610469591994	12.78056384742952	23.28941176470588	4.11160320130499	18.141538461538463	11.9756	15.92354114713217	22.415454545454544	18.93745068285281	11.641121404193076	12.26043650793651	13.034769230769232	14.696454148471616	10.459290072102052	21.610000000000003	21.20255450236967	21.535885714285715	11.910564885496182	3.217771893323245	5.161649848143432	24.512	15.88	5.415517241379311	10.066928361138372
22.72	2.014555172029841	9.43131414267835	0.0	0.0	23.784	23.608000000000004	22.96	23.666666666666664	33.120000000000005	8.03227414330218	29.26333333333334	10.731764705882354	20.19137254901961	0.0	23.520000000000003	11.046832460732986	9.905116279069768	9.885120219830547	31.56	20.96	2.429090909090909	11.785353037766832	24.72	2.3362695924764894	8.904452318130419	7.693045495431521	30.506666666666668	18.863636363636363	18.96727272727273	11.34	17.0	0.0	11.112195824334057	20.61555555555556	0.0	7.576887245841036	29.28	0.0	23.42074074074074	20.542941176470592	25.042857142857144	11.757693574958816	27.21666666666667	7.926692015209126	18.660140845070423	5.971128412149174	20.124324324324327	20.823232323232325	10.90993603411514	8.737276451794775	8.932148148148148	8.292811955168121	29.53333333333334	14.36542372881356	4.373580237741456	10.411836734693878	13.475450334534226	3.4465630043695628	6.546021108429175	4.359633727453181	17.703272727272726	19.08	15.765284403669728	20.4	0.0	18.33	9.269105527638192
26.740392156862747	9.818387096774194	16.99493253898721	0.0	0.0	0.0	26.635	30.59267605633803	15.447804878048782	31.840000000000003	19.4	0.0	28.32	29.96494382022472	0.0	21.82459143968872	19.565721096543506	22.04	20.660000000000004	33.88	23.751084543125536	11.403671497584543	18.23543850195339	24.021575037147105	12.760000000000002	17.916009002250565	15.928906666666668	24.614995450409467	27.23697297297297	25.08495842781557	0.0	0.0	26.453333333333337	18.205405405405408	18.58018481085764	7.576887245841036	0.0	21.84217898832685	0.0	21.148859721082854	16.4444182856896	21.12552911251263	12.804224422442244	20.27698701298701	16.929828009828007	26.26	19.66193548387097	20.402073020648164	25.640000000000004	12.21177993527508	7.227970839634986	13.362439024390245	8.677531134528534	20.54814814814815	10.411951417004047	10.159497487437188	7.325310721676151	15.182967741935483	22.17230769230769	6.295168569092019	6.032091250187603	12.712439755691282	26.86463385354142	12.508	28.92761904761905	32.91764705882353	19.32	9.37313505607021
31.48	0.0	38.08	27.793432835820894	0.0	27.41474320241692	24.436	26.16809160305344	14.81433506044905	28.190514541387024	0.0	23.18232558139535	0.0	30.48	21.453333333333337	0.0	0.0	0.0	0.0	27.46208333333333	0.0	0.0	0.0	21.58465573770492	0.0	46.2	31.920000000000005	27.543296703296704	37.20307692307692	30.840000000000003	0.0	38.4	0.0	35.84	13.076672828096118	29.28	21.84217898832685	0.0	18.4	11.56128043282236	8.492287600880411	14.306284074605454	11.513758955580323	6.670546337176456	27.877333333333333	5.722240161453078	30.74	16.898931485758276	15.013061224489794	18.880000000000003	25.360000000000003	30.160000000000004	30.360000000000003	2.3261003452813425	17.89607476635514	23.856	18.287594936708864	5.822713183988249	0.0	30.225	27.642000000000003	3.4205877202828603	16.5834284394894	17.330666666666666	0.0	25.8	15.218864892014064	14.620986617685649
0.0	0.0	0.0	0.0	0.0	0.0	0.0	0.0	13.6	0.0	0.0	0.0	0.0	0.0	0.0	0.0	0.0	0.0	0.0	0.0	0.0	0.0	0.0	0.0	0.0	0.0	0.0	0.0	0.0	0.0	0.0	0.0	0.0	0.0	0.0	0.0	0.0	18.4	0.0	2.2221030494216616	19.3	2.207306542676852	7.274155251141552	0.0	0.0	7.3	0.0	8.7825	2.460367543115635	0.0	0.0	0.0	0.0	0.0	0.0	20.22	0.0	14.207058823529414	0.0	23.360000000000003	30.52	19.04	0.0	0.0	0.0	2.18579515373651	0.0	2.394748923959828
26.996363636363636	0.0	32.25333333333334	26.018380809595204	0.0	26.468477905073648	23.84281690140845	26.041516339869283	13.9280987654321	26.91237704918033	0.0	22.781176470588235	0.0	28.17050279329609	24.48	33.0	36.32000000000001	0.0	35.720000000000006	26.141981981981974	35.480000000000004	22.660000000000004	32.30470588235294	21.342531835205996	28.48	31.53	29.31142857142857	25.59648780487805	33.3742372881356	24.49379310344828	0.0	0.0	28.666666666666668	31.852307692307694	12.649719626168224	23.42074074074074	21.148859721082854	11.56128043282236	2.2221030494216616	0.0	6.88581832895003	4.194412831391634	9.688813635344248	4.944803542725931	15.018298676748582	5.06661807498601	20.124177545691907	7.247110597747619	2.928467081154527	16.887272727272727	24.414634146341463	21.515	19.77009523809524	9.598181530175829	16.293375661375663	17.96923076923077	16.90406211687781	10.426929740134744	22.64714285714286	21.77813602015113	22.978813559322035	11.769486934532171	7.037276035876898	16.069759036144582	21.42174904942966	3.6705356148030246	14.883700440528637	6.314220249611168
23.12714285714286	23.953333333333337	26.82641860465116	23.70218729535036	0.0	24.03454545454546	21.025328185328185	23.17653981953708	11.653233429394811	24.38291338582677	32.480000000000004	23.645000000000003	37.0	25.76357142857143	0.0	23.31741935483871	32.67393939393939	0.0	33.27294117647059	24.09740585774059	28.28	18.687	28.290015455950545	18.84061354921176	27.08	31.936615384615383	27.17127753303965	22.858486932599725	27.93128712871287	22.21966666666667	0.0	34.95	24.2368	27.236404494382025	4.786979582848335	20.542941176470592	16.4444182856896	8.492287600880411	19.3	6.88581832895003	0.0	7.479241327137144	8.896001672240804	4.115071025930101	18.369904761904763	10.976947935368043	25.66479338842975	5.012552544040284	14.833962264150944	12.849674418604652	14.528975897688149	21.976897689768972	18.317358073779545	6.523289782244556	11.57777163713401	17.24512	12.15666450695781	6.658030089732908	23.857777777777777	19.76777129899579	19.52280094852839	6.860449737667738	11.740018292564269	4.73314769706337	26.675	19.55692307692308	10.854675006799022	10.614209070332802
