0.0	25.488000000000003	18.71698431845597	17.224140350877192	14.320000000000002	15.989945355191258	5.693643858202803	6.572668292682927	11.785971014492755	16.38551659654044	23.175118110236223	15.772423529411764	31.40421052631579	4.179808693546434	19.74	28.440000000000005	21.255537190082645	29.13384615384616	23.978793103448275	14.54815013404826	15.720178041543027	19.91692307692308	17.715212121212122	13.84344030808729	0.0	23.627020127638684	26.64203838517538	16.63413566739606	3.3822590155428194	5.228597353880469	34.08	14.778	10.274666666666668	12.315080385852092	25.536	21.973333333333336	33.168000000000006	0.0	0.0	26.640000000000004	24.8687898089172	32.49333333333334	15.100512820512822	0.0	0.0	0.0	0.0	28.126896551724137	0.0	20.01	34.03333333333334	0.0	37.32000000000001	38.4	23.48266666666667	16.92	31.682352941176468	23.42976982097187	0.0	35.916000000000004	32.233636363636364	24.208779342723005	25.7608	24.70452459016393	0.0	0.0	23.6	25.4021052631579
25.488000000000003	0.0	7.656376252891287	22.12	29.32	26.523333333333333	22.46530612244898	28.738181818181825	13.74026881402096	30.140000000000004	9.893495145631068	20.71414634146341	6.622632840591291	27.422	22.41883008356546	12.500394088669951	9.606683327383076	10.936886792452832	7.854546700159854	35.4	17.70714285714286	5.429472685248964	10.259165154264974	15.70139546171581	3.633947310161612	7.5755793324188385	5.256765410311358	18.75874345549738	26.75	21.24	10.67517730496454	0.0	18.28	9.612710280373832	28.52	2.2919942611190818	10.88835616438356	0.0	0.0	0.0	30.08	0.0	17.2	0.0	12.1	0.0	10.98829268292683	27.6	0.0	19.21	11.495867768595042	14.52	11.392284263959391	0.0	21.4	10.18	17.31142857142857	24.666666666666664	5.398260869565218	9.86976640711902	8.21559840194546	33.78	0.0	20.58	0.0	0.0	0.0	10.088
18.71698431845597	7.656376252891287	0.0	24.276615384615383	0.0	24.27863095238096	17.31144619179772	20.791472166331324	17.64	22.80567428838077	14.663119266055045	25.154074074074074	17.94448275862069	20.065152593147356	25.860000000000003	12.824406779661018	7.002033412887828	15.484781341107873	12.412887746358184	24.000689655172412	10.91200473015143	6.780323488045006	6.6164584967581845	19.77937321937322	14.0	8.468107725800927	7.449602578445474	14.29948569358928	20.30255776114546	14.194550307531625	18.22	31.11714285714286	26.96	11.56239534883721	28.971666666666664	9.351339359079706	17.59832336706532	32.28857142857143	0.0	34.05733333333333	27.954873786407767	33.852846715328475	20.42	29.715625	20.92	0.0	23.931428571428576	32.09325581395349	0.0	16.83103448275862	19.92932773109244	0.0	24.88972972972973	0.0	22.07308016877637	9.597491289198606	17.852787546042116	27.27366336633663	16.17777777777778	19.54359493670886	16.84105464522688	27.370840480274445	33.676923076923075	26.374594594594598	0.0	0.0	0.0	18.894634146341467
17.224140350877192	22.12	24.276615384615383	0.0	0.0	11.54843373493976	8.197566235366605	18.203002915451897	9.235406596908694	4.063502913517568	29.840000000000003	7.865169769989047	36.74	18.02947976878613	11.895828877005346	18.39	28.514324324324328	35.21714285714286	30.51724137931034	2.757566196895945	20.965333333333334	20.895000000000003	20.426804123711342	4.20496254280822	0.0	29.37426573426573	26.04401731601732	3.122998806286073	14.44274489967965	12.63167286245353	0.0	26.943636363636365	14.565057979017118	14.297022247575589	26.124	0.0	35.116	25.916920708237107	0.0	26.86188679245283	24.98989473684211	31.49882352941177	13.67817486338798	27.2119955654102	38.68	20.14423357664234	0.0	30.996923076923075	19.99333333333333	32.10857142857143	0.0	0.0	0.0	26.001357400722025	33.9	20.7	31.75	21.432081218274117	0.0	0.0	32.50190476190476	25.793139801375094	29.063583815028903	26.58	0.0	0.0	26.72	27.78179640718563
14.320000000000002	29.32	0.0	0.0	0.0	2.7033771075150383	19.0	2.752085561497326	8.765714285714285	22.4	0.0	9.49953488372093	0.0	7.923076923076922	3.073251803073064	0.0	0.0	0.0	0.0	22.467368421052637	0.0	18.44	0.0	12.112	0.0	38.28	33.46666666666667	20.32	6.850526315789475	18.28	0.0	2.868139361641167	0.0	2.4577000286779467	0.0	0.0	0.0	0.0	0.0	0.0	0.0	0.0	0.0	0.0	0.0	0.0	0.0	0.0	0.0	0.0	0.0	0.0	0.0	0.0	0.0	0.0	0.0	0.0	0.0	0.0	0.0	0.0	0.0	0.0	0.0	0.0	0.0	0.0
15.989945355191258	26.523333333333333	24.27863095238096	11.54843373493976	2.7033771075150383	0.0	8.647139317051884	5.043289818106725	8.536191878813382	4.6318519729712255	15.69240963855422	6.857603857654442	22.64060606060606	8.106857025641027	2.8661993368969485	23.240754716981133	28.533820598006645	26.623880597014924	27.0936312849162	10.14831746031746	19.082704225352117	20.44492307692308	22.201067344345617	11.655036372864153	18.525	29.099419311276165	27.903813813813816	10.975529226473853	8.789114466435421	16.24365758754864	22.97714285714286	5.695771437085599	17.54805194805195	4.8711777525108975	25.996923076923075	0.0	37.65263157894737	27.496222910216723	0.0	25.40533333333333	26.8149373433584	34.040000000000006	14.00915167095116	28.78116343490305	0.0	17.817419354838712	0.0	31.396000000000004	17.37	31.97913043478261	39.440000000000005	0.0	0.0	28.1447311827957	30.771764705882354	23.315	34.749538461538464	24.23914089347079	0.0	42.56	33.9185	26.81461457233369	30.31238095238096	28.013584905660377	0.0	0.0	0.0	28.714285714285715
5.693643858202803	22.46530612244898	17.31144619179772	8.197566235366605	19.0	8.647139317051884	0.0	7.1946193782293975	8.896834507647362	5.734884755810741	23.75907335907336	9.286130653266332	30.661315789473683	7.549006007912861	13.539928315412189	15.89762399077278	21.34177652733119	28.66136411332634	24.20264922322159	8.129375	11.365616598026266	14.919150442477877	14.01151765569359	7.032871979884116	28.47555555555556	23.591089430894307	20.967521915866836	6.682230857041281	10.543938787522071	4.7321300344264845	32.77714285714286	19.97575221238938	11.928911646586348	12.523952649494488	24.144221453287194	23.004444444444445	30.655251017639078	24.91492289442467	0.0	27.71719298245614	23.265092213969798	31.078108108108108	12.692153774895786	26.124280936454845	35.976	20.52421052631579	37.6	27.510079155672827	24.093333333333337	25.36968363136176	33.50057142857143	43.08	38.245000000000005	24.305314553990613	24.83425873465534	18.05575757575757	28.081263868789197	21.25660560268016	0.0	35.50536585365854	27.900773584905657	22.7188271890926	25.7004995004995	23.59014404852161	0.0	33.36	22.7575	25.36559077809798
6.572668292682927	28.738181818181825	20.791472166331324	18.203002915451897	2.752085561497326	5.043289818106725	7.1946193782293975	0.0	13.40487824511974	11.691906915414172	24.818294930875577	16.317485250081532	32.46890756302521	4.658291233351371	10.015090439276486	26.01272727272728	23.69696042567343	30.9491267235719	25.642060922541344	16.75037213874456	17.962480485689504	23.79783783783784	19.23687588152327	15.65309478492577	29.0	26.11028125955365	28.561897172236502	17.15448650483789	7.887623943539253	12.13073760580411	42.02	3.253853013087876	13.4123300330033	6.109940489310117	27.45163636363636	25.366666666666667	35.342439024390245	30.552	0.0	28.69333333333333	26.82121532364597	33.48166666666667	16.58860841423948	30.2648	37.48	26.68	0.0	29.71539393939394	28.32	23.8	37.28	40.8	38.84571428571429	29.15243243243244	25.09731092436975	19.225454545454543	33.92153846153847	25.058216286083585	0.0	37.64780487804878	34.576329588014985	26.033762088974857	27.27263492063492	26.417260981912147	0.0	0.0	25.816470588235298	27.409160305343512
11.785971014492755	13.74026881402096	17.64	9.235406596908694	8.765714285714285	8.536191878813382	8.896834507647362	13.40487824511974	0.0	11.271666089845642	23.717142857142857	3.8824784982424654	21.62625	12.98945102260495	4.023306299300078	7.197491448118586	20.83679324894515	26.042051282051283	23.677741935483876	9.155036470996874	8.500972423802613	5.715606808090774	12.856603773584908	4.748334653968634	18.527652173913044	23.018571428571427	17.68769665481725	8.918219369532585	10.938362282878412	8.396211570924345	26.016	21.08074074074074	10.820704607046071	11.12025178346622	13.442941176470589	18.088	24.29714285714286	14.27237914691943	0.0	12.2189898989899	13.066114362899595	18.83645569620253	2.3633586613164863	15.664483742156303	25.72	8.320384368994235	0.0	15.688034934497818	8.752222222222223	8.719732142857143	22.21333333333333	0.0	21.44	14.445152919369786	10.739656652360516	2.117307177886759	10.767746031746032	9.99429575215586	0.0	26.557894736842105	25.13491525423729	12.442883186088908	13.311724137931034	11.61005076142132	0.0	23.68	11.21	14.264645161290323
16.38551659654044	30.140000000000004	22.80567428838077	4.063502913517568	22.4	4.6318519729712255	5.734884755810741	11.691906915414172	11.271666089845642	0.0	25.8974328358209	5.61359507942251	32.35402985074627	17.056242049166237	12.166783042394016	17.951596638655463	26.4472625698324	32.68807692307693	27.365149136577703	4.734720558540675	16.922146768893757	17.841758241758242	19.193556797020484	8.74898185483871	32.35777777777778	28.37791495791064	25.66073262366938	5.586392177792517	17.115829190702787	13.17096671949287	35.32000000000001	22.50258943781942	15.73731925264013	17.007721123045037	27.28727272727273	28.48	35.2912	26.98572093023256	0.0	27.96615384615385	25.974280510018215	32.89056603773585	15.10049508307901	28.221813537675608	40.02666666666666	21.533275109170305	0.0	31.57025641025641	22.73714285714286	29.06833333333333	35.980000000000004	42.64	0.0	27.175464968152863	29.276	23.017142857142854	31.975353535353538	23.106190882704457	0.0	40.5	32.446477732793525	26.394462901439645	29.55306358381503	27.42511627906977	0.0	35.480000000000004	27.206666666666667	28.275568862275453
23.175118110236223	9.893495145631068	14.663119266055045	29.840000000000003	0.0	15.69240963855422	23.75907335907336	24.818294930875577	23.717142857142857	25.8974328358209	0.0	22.71341365461848	6.34440108156073	22.88611295681063	0.0	20.20727272727273	7.674551569506727	3.960319432994131	2.9884132273775954	25.97	17.75843511450382	17.528219178082193	11.549130714745656	24.509473684210526	6.680129912309193	6.775378179015744	8.933839369487709	20.2890060851927	14.045025906735754	16.510617977528092	6.5930606117470445	19.473333333333336	0.0	4.26737750618881	43.56	10.758	22.160000000000004	0.0	0.0	0.0	34.68666666666667	0.0	0.0	39.120000000000005	14.586666666666668	0.0	14.71408	39.8	0.0	26.78769230769231	23.906666666666663	17.455418502202644	17.48467065868264	0.0	28.051764705882352	19.096	26.8283870967742	32.891200000000005	10.892044609665428	16.827160975609758	16.200218579234974	33.918518518518525	33.82000000000001	30.153333333333336	17.589333333333336	0.0	0.0	26.12
15.772423529411764	20.71414634146341	25.154074074074074	7.865169769989047	9.49953488372093	6.857603857654442	9.286130653266332	16.317485250081532	3.8824784982424654	5.61359507942251	22.71341365461848	0.0	29.396363636363635	17.23280218166562	3.247023135781229	0.0	29.723333333333336	29.38782608695652	26.090196078431376	4.036384610607379	21.671111111111117	13.536315789473685	22.78	6.45649973074852	29.7425	30.3358361774744	27.40403100775194	9.51344864864865	16.798682291747298	16.824285714285715	31.524	19.421655649984263	16.74157894736842	16.285513493666237	0.0	0.0	0.0	20.245583756345177	0.0	17.31777777777778	20.637551020408164	24.39407407407408	8.094577893820714	21.75318250377074	0.0	14.7702766798419	0.0	25.99111111111112	14.578333333333331	0.0	0.0	33.720000000000006	0.0	20.631178247734137	22.92	0.0	0.0	16.88191411042945	0.0	36.8	38.0	21.485122807017543	23.47478260869565	26.56	0.0	0.0	0.0	22.12842105263158
31.40421052631579	6.622632840591291	17.94448275862069	36.74	0.0	22.64060606060606	30.661315789473683	32.46890756302521	21.62625	32.35402985074627	6.34440108156073	29.396363636363635	0.0	31.871219512195125	30.008000000000003	22.492	17.89810810810811	6.780968715420984	8.244240506329115	32.36823529411765	25.067272727272726	14.413898205354515	21.666067415730332	24.243300330033	3.850939572434816	4.101892842571867	2.858746422438466	28.5272	18.66574712643678	28.40125	2.3194770428015565	0.0	0.0	8.987289145052834	38.64	8.133756613756614	23.205	0.0	0.0	24.4	39.63333333333334	40.92	0.0	49.120000000000005	12.429694041867958	0.0	13.781930622320385	31.453333333333337	0.0	35.10666666666667	26.728	16.699246737841044	16.516154263986966	39.220000000000006	32.88	14.626666666666669	31.22000000000001	38.54222222222222	10.504506329113925	15.542542854344209	14.351340531998948	39.120000000000005	0.0	0.0	16.497971014492755	0.0	0.0	7.759393939393941
4.179808693546434	27.422	20.065152593147356	18.02947976878613	7.923076923076922	8.106857025641027	7.549006007912861	4.658291233351371	12.98945102260495	17.056242049166237	22.88611295681063	17.23280218166562	31.871219512195125	0.0	11.911604938271603	27.27555555555556	22.712607142857145	30.175376246600184	25.01322136202598	17.294871676832777	17.23313285948606	21.634074074074075	18.94460903462509	15.848850369615093	22.148571428571422	25.119793835974228	27.51025098658248	17.173838475499092	4.291109117522074	8.959179629932866	29.355	2.712590246991767	12.478443113772457	9.4409503767565	26.7345205479452	24.617777777777786	34.36228571428571	30.48	0.0	27.57333333333333	26.70326530612245	35.169411764705885	16.350060606060605	37.455	0.0	32.24	0.0	29.30644897959184	28.136000000000003	27.17090909090909	34.85333333333334	0.0	40.93	27.325	24.833304721030046	17.841818181818184	32.865	24.729467005076145	0.0	37.54857142857143	33.456310679611654	25.56833230769231	26.54028571428572	25.57348223350254	0.0	0.0	25.467272727272725	26.957083333333337
19.74	22.41883008356546	25.860000000000003	11.895828877005346	3.073251803073064	2.8661993368969485	13.539928315412189	10.015090439276486	4.023306299300078	12.166783042394016	0.0	3.247023135781229	30.008000000000003	11.911604938271603	0.0	0.0	28.968	29.3	25.34	11.260988593155895	0.0	14.997632653061226	26.8	7.649201751431458	26.291111111111118	32.06	25.33709803921569	13.880353982300884	13.01794117647059	15.847826086956523	0.0	7.182433234421365	16.09846153846154	11.28	0.0	0.0	30.32	20.520000000000003	0.0	0.0	20.178823529411765	20.08	7.413333333333334	21.173333333333336	0.0	13.4	0.0	0.0	0.0	27.8	0.0	0.0	0.0	0.0	26.18	0.0	0.0	17.21379310344828	0.0	33.2	0.0	18.94434782608696	0.0	19.22	0.0	0.0	0.0	30.840000000000003
28.440000000000005	12.500394088669951	12.824406779661018	18.39	0.0	23.240754716981133	15.89762399077278	26.01272727272728	7.197491448118586	17.951596638655463	20.20727272727273	0.0	22.492	27.27555555555556	0.0	0.0	19.060130718954248	26.28	20.889411764705883	0.0	3.5378136387298285	5.307307050796058	3.859374723426852	4.8778679712164745	17.81142857142857	18.96985626283368	6.249935148796712	6.01652901911981	20.84923076923077	12.903943661971832	0.0	0.0	13.39	12.721407624633432	21.59	10.93	19.93236363636364	30.293333333333333	0.0	30.08	26.816911976911975	32.84972972972973	12.920000000000002	27.171014492753624	0.0	39.28	0.0	30.23692307692308	26.640000000000004	17.433929473577855	27.6272	0.0	32.2	28.52	18.78160205245154	9.2249840098401	17.855685195673868	20.425794392523365	0.0	27.189565217391305	17.06616874840683	19.643085714285714	25.885714285714283	19.82742319402159	0.0	0.0	20.24	18.89951807228916
21.255537190082645	9.606683327383076	7.002033412887828	28.514324324324328	0.0	28.533820598006645	21.34177652733119	23.69696042567343	20.83679324894515	26.4472625698324	7.674551569506727	29.723333333333336	17.89810810810811	22.712607142857145	28.968	19.060130718954248	0.0	11.742458715596332	3.781064319137124	27.7646511627907	15.169051238048542	14.612193308550186	7.343826948136565	23.631420765027325	9.352101910828026	7.173140175278962	11.85874704351706	20.4834182638106	20.121529936477906	13.542872531418316	20.84	33.88153846153846	20.326666666666668	5.03663556851312	32.89333333333334	11.742902584493043	19.336458786560307	37.28	0.0	43.0	35.59333333333334	36.93	25.48	40.592	0.0	0.0	21.473333333333336	36.67333333333333	0.0	24.646349206349207	20.73816155988858	30.0	20.558260869565217	0.0	26.831463414634147	18.67619047619048	24.29325581395349	31.46190476190477	16.28761904761905	19.193264007449947	18.774492324399034	31.552452830188685	35.526666666666664	28.564081632653064	0.0	0.0	0.0	19.163076923076925
29.13384615384616	10.936886792452832	15.484781341107873	35.21714285714286	0.0	26.623880597014924	28.66136411332634	30.9491267235719	26.042051282051283	32.68807692307693	3.960319432994131	29.38782608695652	6.780968715420984	30.175376246600184	29.3	26.28	11.742458715596332	0.0	3.1742242266777785	31.739393939393945	24.21030494216614	18.585121951219516	19.33029850746269	28.434166666666663	8.495698924731183	7.363905613205932	8.3576671065033	26.04202816901408	27.307884615384616	22.890475184794088	7.927550720376359	34.08	0.0	9.96306578153289	0.0	12.224516129032258	27.348571428571425	0.0	0.0	0.0	42.64	0.0	0.0	0.0	17.38514285714286	0.0	16.235744680851063	0.0	0.0	31.21333333333334	25.2	18.74364394993046	19.03619365609349	0.0	35.795	23.96	33.151428571428575	42.6	12.118	18.25449735449736	17.70416020671835	41.3	0.0	37.94666666666667	18.74	0.0	0.0	25.08
23.978793103448275	7.854546700159854	12.412887746358184	30.51724137931034	0.0	27.0936312849162	24.20264922322159	25.642060922541344	23.677741935483876	27.365149136577703	2.9884132273775954	26.090196078431376	8.244240506329115	25.01322136202598	25.34	20.889411764705883	3.781064319137124	3.1742242266777785	0.0	29.4275	18.635012214079502	16.799685039370083	14.198801771294608	24.647650273224045	7.434067384508511	6.590867139123678	8.869646386474582	19.85128078817734	21.94622898318655	16.590607681088965	11.096774193548388	35.41555555555556	24.063333333333336	5.871065779026447	38.28	9.08351145038168	22.669411764705885	0.0	0.0	42.0	36.51555555555556	0.0	24.72	37.6	17.007272727272728	0.0	16.44818181818182	36.08	0.0	27.068571428571424	18.865	17.83043062200957	18.034546553808948	40.82000000000001	28.160625	18.823529411764707	27.51014492753623	33.07428571428572	10.776638176638176	17.38949310545737	16.959455643694056	32.73733333333333	36.52	30.928571428571427	0.0	0.0	0.0	23.14
14.54815013404826	35.4	24.000689655172412	2.757566196895945	22.467368421052637	10.14831746031746	8.129375	16.75037213874456	9.155036470996874	4.734720558540675	25.97	4.036384610607379	32.36823529411765	17.294871676832777	11.260988593155895	0.0	27.7646511627907	31.739393939393945	29.4275	0.0	18.38707692307693	20.97	20.87619047619048	3.63561320570424	32.3	30.56987012987013	28.038372881355933	5.111418801032871	16.723480403800476	16.039175257731962	35.08	23.27570881226054	15.47898259705489	17.066697254495672	25.468000000000004	0.0	36.85	24.473572139303485	0.0	26.13407407407407	23.518541826554102	31.540000000000003	12.613738929534076	25.644009975062342	35.8	19.3875	0.0	29.56545454545455	17.771428571428572	30.026666666666664	0.0	39.120000000000005	38.56	24.959764936336924	0.0	21.44	32.585	20.399426191577973	0.0	46.5	36.56444444444445	24.27416400425985	27.74190476190476	24.792941176470592	0.0	29.76	23.0	26.71375
15.720178041543027	17.70714285714286	10.91200473015143	20.965333333333334	0.0	19.082704225352117	11.365616598026266	17.962480485689504	8.500972423802613	16.922146768893757	17.75843511450382	21.671111111111117	25.067272727272726	17.23313285948606	0.0	3.5378136387298285	15.169051238048542	24.21030494216614	18.635012214079502	18.38707692307693	0.0	8.407432569974555	7.120349874268319	11.1831743772242	23.024	17.91660970136372	13.762248049254271	5.8571463143308815	14.981678321678322	5.413786529635586	27.1	28.016	10.934736842105265	7.152163123007408	22.793015873015875	16.422500000000003	23.331403887688985	30.723636363636366	0.0	30.957894736842103	26.726373165618448	31.14135922330097	12.719724137931037	27.418965517241386	26.840000000000003	0.0	0.0	26.997808219178086	0.0	19.238910571388463	28.47261146496816	0.0	32.94333333333334	36.720000000000006	19.6646497285139	10.962469728373517	19.83933567227845	19.941944932630346	23.96	30.698666666666668	21.062348484848485	19.62901265822785	22.3425	20.511300444703046	0.0	0.0	19.965	20.88233846153846
19.91692307692308	5.429472685248964	6.780323488045006	20.895000000000003	18.44	20.44492307692308	14.919150442477877	23.79783783783784	5.715606808090774	17.841758241758242	17.528219178082193	13.536315789473685	14.413898205354515	21.634074074074075	14.997632653061226	5.307307050796058	14.612193308550186	18.585121951219516	16.799685039370083	20.97	8.407432569974555	0.0	8.795101457954257	6.370698092585411	11.182036124794744	16.527841409691632	8.459405189620758	8.993163670324538	21.105531914893614	9.523713210887363	18.117894736842107	0.0	15.285714285714286	10.218602409638557	0.0	3.248205128205128	13.186390041493777	25.73	0.0	27.826666666666664	19.81283582089552	24.45	0.0	21.445714285714285	0.0	28.12	0.0	25.346666666666668	0.0	8.882919389978214	16.272592592592595	0.0	20.56	23.6	11.166862213458222	2.2272881852829083	11.171030150753769	11.880933852140078	0.0	19.51130434782609	9.454495884773662	14.28614420062696	26.657142857142865	11.839287833827893	0.0	0.0	0.0	11.995333333333331
17.715212121212122	10.259165154264974	6.6164584967581845	20.426804123711342	0.0	22.201067344345617	14.01151765569359	19.23687588152327	12.856603773584908	19.193556797020484	11.549130714745656	22.78	21.666067415730332	18.94460903462509	26.8	3.859374723426852	7.343826948136565	19.33029850746269	14.198801771294608	20.87619047619048	7.120349874268319	8.795101457954257	0.0	10.492962962962965	20.06666666666667	13.412704136523836	10.552251797019863	8.508414202210322	17.78232857142857	7.513607045337139	25.226666666666667	31.64727272727273	16.388387096774192	6.300715170278639	28.983783783783785	11.255243243243246	19.44243739264081	32.85869565217392	0.0	34.84022598870057	29.686138461538462	35.073736263736265	17.532881355932204	30.9475	26.56	0.0	26.26	33.27324675324676	0.0	17.74561660312736	22.256440677966104	0.0	29.410000000000004	35.52	19.29309763844773	11.195520181921548	19.756457055214725	22.7940134529148	20.58	24.89	18.751254531196828	27.01169584530964	31.71492063492064	21.069121909633417	0.0	36.52	25.0	21.25034920634921
13.84344030808729	15.70139546171581	19.77937321937322	4.20496254280822	12.112	11.655036372864153	7.032871979884116	15.65309478492577	4.748334653968634	8.74898185483871	24.509473684210526	6.45649973074852	24.243300330033	15.848850369615093	7.649201751431458	4.8778679712164745	23.631420765027325	28.434166666666663	24.647650273224045	3.63561320570424	11.1831743772242	6.370698092585411	10.492962962962965	0.0	20.65506916192026	24.846550365785035	15.958498476975455	4.889218701437093	11.892315902177057	11.21474619369016	28.488000000000007	22.84730434782609	11.538691110637393	11.232584619308762	21.116809815950923	19.912727272727277	27.74967741935484	20.460643842616253	0.0	22.65267080745341	21.01028097803564	27.586034482758617	9.708617501612556	22.601972850678735	33.151250000000005	13.939487179487182	36.8	24.339197227837136	21.17777777777778	17.849774266365692	28.59803278688525	36.88	34.331428571428575	21.353760580411127	17.79664252428275	9.286383285302596	19.070514403292183	18.844605597964375	0.0	31.966111111111115	27.525501432664758	19.47369366809901	22.063228566727	19.385790304660546	0.0	32.737142857142864	20.29951807228916	22.484923318914667
0.0	3.633947310161612	14.0	0.0	0.0	18.525	28.47555555555556	29.0	18.527652173913044	32.35777777777778	6.680129912309193	29.7425	3.850939572434816	22.148571428571422	26.291111111111118	17.81142857142857	9.352101910828026	8.495698924731183	7.434067384508511	32.3	23.024	11.182036124794744	20.06666666666667	20.65506916192026	0.0	7.363010855302399	5.00212363811473	22.182222222222222	17.955555555555556	22.84	8.524538577912256	0.0	27.96	10.673617021276597	31.120000000000005	4.460100502512563	20.8	0.0	0.0	0.0	31.653333333333336	0.0	20.24	0.0	7.585217391304347	0.0	8.29779078273592	0.0	0.0	0.0	0.0	10.181166666666666	11.75779069767442	0.0	0.0	12.608	24.28666666666667	22.72	3.6218012422360255	10.209764851485147	10.15971372804164	26.040000000000003	0.0	25.640000000000004	11.45875	0.0	0.0	2.72
23.627020127638684	7.5755793324188385	8.468107725800927	29.37426573426573	38.28	29.099419311276165	23.591089430894307	26.11028125955365	23.018571428571427	28.37791495791064	6.775378179015744	30.3358361774744	4.101892842571867	25.119793835974228	32.06	18.96985626283368	7.173140175278962	7.363905613205932	6.590867139123678	30.56987012987013	17.91660970136372	16.527841409691632	13.412704136523836	24.846550365785035	7.363010855302399	0.0	5.892327688594866	22.349510400581345	23.935234892275357	19.65468779416379	4.240537356618788	35.14188679245283	27.364210526315787	11.367345724907064	36.836666666666666	9.754843962008142	17.73470079731431	0.0	0.0	27.52	36.0835	41.048	29.19692307692308	39.66	18.40888888888889	35.720000000000006	16.548350515463916	37.904	0.0	27.26392523364486	18.240522088353416	18.23649648286817	18.133851921274605	48.2	29.549824561403504	20.845	28.14721088435374	32.89802816901408	11.848736616702356	17.230312226019432	16.409242420173484	36.04161616161616	37.46	32.68350877192982	20.33230769230769	0.0	0.0	19.346382978723405
26.64203838517538	5.256765410311358	7.449602578445474	26.04401731601732	33.46666666666667	27.903813813813816	20.967521915866836	28.561897172236502	17.68769665481725	25.66073262366938	8.933839369487709	27.40403100775194	2.858746422438466	27.51025098658248	25.33709803921569	6.249935148796712	11.85874704351706	8.3576671065033	8.869646386474582	28.038372881355933	13.762248049254271	8.459405189620758	10.552251797019863	15.958498476975455	5.00212363811473	5.892327688594866	0.0	16.819756331542596	28.043599147121533	20.065722784057108	4.658051733626857	39.82823529411765	21.56142857142857	10.962321328504066	30.48057142857143	8.798307728669347	17.13222130110389	32.5	0.0	34.151666666666664	28.446988713318284	34.490347490347496	21.37955555555556	29.584000000000003	19.910769230769237	0.0	18.046272189349114	32.92128571428572	29.940000000000005	16.320658888126285	18.54232184394164	18.727348416289598	17.727735470941887	35.06545454545455	23.21384885764499	10.60420268256334	18.495743493296125	26.944351297405195	11.78076441973593	16.560020483058803	15.773908690774146	27.907112540192923	31.995502958579884	29.031079136690646	21.266666666666666	26.8	26.35	19.33719901719902
16.63413566739606	18.75874345549738	14.29948569358928	3.122998806286073	20.32	10.975529226473853	6.682230857041281	17.15448650483789	8.918219369532585	5.586392177792517	20.2890060851927	9.51344864864865	28.5272	17.173838475499092	13.880353982300884	6.01652901911981	20.4834182638106	26.04202816901408	19.85128078817734	5.111418801032871	5.8571463143308815	8.993163670324538	8.508414202210322	4.889218701437093	22.182222222222222	22.349510400581345	16.819756331542596	0.0	14.09083556550952	7.849535463848679	31.48	25.497971014492755	13.115837091796942	11.005212341888884	22.290305498981677	24.84	29.51863247863248	26.762562049639712	0.0	25.97536	22.61026383671992	28.501009345794397	12.481333566678334	27.43854615632036	35.928000000000004	21.6264367816092	40.18	24.196658130601797	23.261754385964917	16.843742634928116	30.34971428571429	40.0	34.770526315789475	26.06938053097345	18.953746512127065	10.526011183597392	24.86925957446808	19.7627762490063	38.0	35.73276595744681	26.71694145758662	20.7794900733068	21.57583103764922	20.13319237248822	0.0	34.52	19.773348214285715	22.069665961945034
3.3822590155428194	26.75	20.30255776114546	14.44274489967965	6.850526315789475	8.789114466435421	10.543938787522071	7.887623943539253	10.938362282878412	17.115829190702787	14.045025906735754	16.798682291747298	18.66574712643678	4.291109117522074	13.01794117647059	20.84923076923077	20.121529936477906	27.307884615384616	21.94622898318655	16.723480403800476	14.981678321678322	21.105531914893614	17.78232857142857	11.892315902177057	17.955555555555556	23.935234892275357	28.043599147121533	14.09083556550952	0.0	6.731330803725423	24.4	3.9615818656229616	3.5183499807913945	4.809751552795031	24.760178571428572	18.520000000000003	35.27444444444445	29.67619047619048	0.0	30.332	26.63823180592992	31.54424242424243	14.728843069873998	28.224732824427484	43.28	31.520000000000003	0.0	27.59175824175824	0.0	17.231724137931035	31.120000000000005	25.44	36.6	27.05034482758621	19.733731343283583	14.263225806451612	33.07024390243903	23.95456310679612	0.0	35.934814814814814	32.51882352941177	23.917546134663347	24.396481149012565	23.01519704433498	0.0	0.0	22.498461538461537	25.25606557377049
5.228597353880469	21.24	14.194550307531625	12.63167286245353	18.28	16.24365758754864	4.7321300344264845	12.13073760580411	8.396211570924345	13.17096671949287	16.510617977528092	16.824285714285715	28.40125	8.959179629932866	15.847826086956523	12.903943661971832	13.542872531418316	22.890475184794088	16.590607681088965	16.039175257731962	5.413786529635586	9.523713210887363	7.513607045337139	11.21474619369016	22.84	19.65468779416379	20.065722784057108	7.849535463848679	6.731330803725423	0.0	29.08	18.250869565217396	5.874526415992384	5.5033653098262905	22.60885306881587	16.673043478260873	27.032820512820518	27.077647058823533	0.0	26.28857142857143	22.170231085786643	28.773379310344826	12.111323251417769	26.368571428571425	35.54545454545455	26.28	43.92	24.69910598413843	23.56842105263158	19.204145785877	30.301651376146783	0.0	34.66133333333333	23.113191489361704	20.322847742274075	11.879124911785462	20.653513874958207	20.092127128263336	0.0	32.3825806451613	26.283598820058995	20.753902917189464	22.21811897843707	21.14681467854991	0.0	32.13333333333334	20.777493036211705	21.85048275862069
34.08	10.67517730496454	18.22	0.0	0.0	22.97714285714286	32.77714285714286	42.02	26.016	35.32000000000001	6.5930606117470445	31.524	2.3194770428015565	29.355	0.0	0.0	20.84	7.927550720376359	11.096774193548388	35.08	27.1	18.117894736842107	25.226666666666667	28.488000000000007	8.524538577912256	4.240537356618788	4.658051733626857	31.48	24.4	29.08	0.0	0.0	0.0	11.387386363636365	0.0	13.893333333333334	0.0	0.0	0.0	0.0	44.36	0.0	0.0	0.0	17.96	0.0	17.64109090909091	0.0	0.0	0.0	0.0	19.669918699186997	19.298082191780825	0.0	0.0	0.0	0.0	0.0	13.557777777777778	19.08565349544073	17.745212121212123	0.0	45.0	0.0	0.0	0.0	0.0	0.0
14.778	0.0	31.11714285714286	26.943636363636365	2.868139361641167	5.695771437085599	19.97575221238938	3.253853013087876	21.08074074074074	22.50258943781942	19.473333333333336	19.421655649984263	0.0	2.712590246991767	7.182433234421365	0.0	33.88153846153846	34.08	35.41555555555556	23.27570881226054	28.016	0.0	31.64727272727273	22.84730434782609	0.0	35.14188679245283	39.82823529411765	25.497971014492755	3.9615818656229616	18.250869565217396	0.0	0.0	21.6	2.9753719008264468	0.0	0.0	43.760000000000005	39.56	0.0	0.0	34.33571428571429	38.720000000000006	24.84	0.0	0.0	0.0	0.0	0.0	0.0	0.0	0.0	0.0	0.0	0.0	37.120000000000005	0.0	46.0	32.26057142857143	0.0	0.0	0.0	33.01423728813559	32.38	34.625454545454545	0.0	0.0	0.0	0.0
10.274666666666668	18.28	26.96	14.565057979017118	0.0	17.54805194805195	11.928911646586348	13.4123300330033	10.820704607046071	15.73731925264013	0.0	16.74157894736842	0.0	12.478443113772457	16.09846153846154	13.39	20.326666666666668	0.0	24.063333333333336	15.47898259705489	10.934736842105265	15.285714285714286	16.388387096774192	11.538691110637393	27.96	27.364210526315787	21.56142857142857	13.115837091796942	3.5183499807913945	5.874526415992384	0.0	21.6	0.0	2.99620522749274	23.392	0.0	0.0	27.898000000000003	0.0	29.81333333333334	24.20931899641577	32.08	13.13125	27.81615384615385	36.48	0.0	0.0	26.224	0.0	15.920000000000002	0.0	0.0	0.0	26.0944	18.19764705882353	8.92	0.0	22.09766497461929	0.0	0.0	0.0	23.2206528189911	23.05444444444445	19.3141935483871	0.0	37.68	19.18	22.265
12.315080385852092	9.612710280373832	11.56239534883721	14.297022247575589	2.4577000286779467	4.8711777525108975	12.523952649494488	6.109940489310117	11.12025178346622	17.007721123045037	4.26737750618881	16.285513493666237	8.987289145052834	9.4409503767565	11.28	12.721407624633432	5.03663556851312	9.96306578153289	5.871065779026447	17.066697254495672	7.152163123007408	10.218602409638557	6.300715170278639	11.232584619308762	10.673617021276597	11.367345724907064	10.962321328504066	11.005212341888884	4.809751552795031	5.5033653098262905	11.387386363636365	2.9753719008264468	2.99620522749274	0.0	23.44808988764045	9.727916666666667	17.254027879677185	30.52	0.0	27.840000000000003	26.066224328594	29.1425	13.628663967611336	28.275590551181104	22.184000000000005	20.880000000000003	14.656	25.196363636363635	31.880000000000003	17.487213114754102	19.62857142857143	23.08	22.209411764705884	26.1232786885246	19.540081300813007	10.90057142857143	19.538997995991984	22.48303670186024	15.22909090909091	20.448627450980396	17.23365632624608	23.93077685950413	21.683360655737708	21.745375796178347	0.0	0.0	19.108	22.405432098765434
25.536	28.52	28.971666666666664	26.124	0.0	25.996923076923075	24.144221453287194	27.45163636363636	13.442941176470589	27.28727272727273	43.56	0.0	38.64	26.7345205479452	0.0	21.59	32.89333333333334	0.0	38.28	25.468000000000004	22.793015873015875	0.0	28.983783783783785	21.116809815950923	31.120000000000005	36.836666666666666	30.48057142857143	22.290305498981677	24.760178571428572	22.60885306881587	0.0	0.0	23.392	23.44808988764045	0.0	0.0	18.33255652173913	13.965132382892056	0.0	16.060397350993377	6.658226620816909	10.301428571428572	10.317071667094783	13.49010721944246	19.245688073394497	17.227586206896554	29.472	4.1122771496187225	16.130526315789474	18.568	19.811033574720213	27.47157894736842	24.24704147465438	14.20903448275862	12.680231213872831	11.792000000000002	16.107553816046966	11.92276451553819	0.0	22.458004484304933	23.617656840513984	13.101904996308146	4.239810684567081	5.831734297576002	0.0	18.160000000000004	6.961538461538463	11.818376852505294
21.973333333333336	2.2919942611190818	9.351339359079706	0.0	0.0	0.0	23.004444444444445	25.366666666666667	18.088	28.48	10.758	0.0	8.133756613756614	24.617777777777786	0.0	10.93	11.742902584493043	12.224516129032258	9.08351145038168	0.0	16.422500000000003	3.248205128205128	11.255243243243246	19.912727272727277	4.460100502512563	9.754843962008142	8.798307728669347	24.84	18.520000000000003	16.673043478260873	13.893333333333334	0.0	0.0	9.727916666666667	0.0	0.0	7.500350877192981	25.880000000000003	25.04	20.910000000000004	24.68	24.24	12.542468931234469	25.520000000000003	8.664	19.4	8.294881516587678	19.520000000000003	20.410285714285717	10.161941747572817	10.07101123595506	11.726037735849058	9.51920298879203	0.0	17.93714285714286	4.915211791642816	9.906486486486488	14.687519677093846	4.341243329916148	9.481919789612098	5.313328189583908	18.963478260869568	23.12	19.49	10.8	0.0	0.0	10.801333333333336
33.168000000000006	10.88835616438356	17.59832336706532	35.116	0.0	37.65263157894737	30.655251017639078	35.342439024390245	24.29714285714286	35.2912	22.160000000000004	0.0	23.205	34.36228571428571	30.32	19.93236363636364	19.336458786560307	27.348571428571425	22.669411764705885	36.85	23.331403887688985	13.186390041493777	19.44243739264081	27.74967741935484	20.8	17.73470079731431	17.13222130110389	29.51863247863248	35.27444444444445	27.032820512820518	0.0	43.760000000000005	0.0	17.254027879677185	18.33255652173913	7.500350877192981	0.0	23.42149837133551	29.4	24.044995808885165	17.2478503034205	23.72728020014296	16.855	20.71037214885954	20.8840404040404	30.860000000000003	15.888333333333332	21.02932136542908	0.0	11.950697674418604	6.675339017783065	13.650714285714288	11.242176039119803	23.71304347826087	10.813929398148147	11.260983606557378	7.159520348272244	19.459896013864817	14.293333333333331	7.273106951139768	5.880210331431347	14.938789736554416	24.669532483302977	13.794242176870748	17.13142857142857	32.66857142857143	0.0	12.586629213483146
0.0	0.0	32.28857142857143	25.916920708237107	0.0	27.496222910216723	24.91492289442467	30.552	14.27237914691943	26.98572093023256	0.0	20.245583756345177	0.0	30.48	20.520000000000003	30.293333333333333	37.28	0.0	0.0	24.473572139303485	30.723636363636366	25.73	32.85869565217392	20.460643842616253	0.0	0.0	32.5	26.762562049639712	29.67619047619048	27.077647058823533	0.0	39.56	27.898000000000003	30.52	13.965132382892056	25.880000000000003	23.42149837133551	0.0	0.0	11.915364063969896	7.742837038221654	16.786401681635773	10.074332003682112	4.820173038640192	27.866060606060607	6.533057995306739	32.870000000000005	16.84753682438526	12.581147540983608	12.64	28.506666666666668	34.040000000000006	31.38285714285714	2.882914039501696	23.53846153846154	17.68551724137931	19.37868338557994	4.082609757472151	0.0	28.888952380952382	25.07155963302753	3.720468277082977	16.668577648766327	14.86	34.69333333333334	24.549333333333333	15.57891891891892	14.905
0.0	0.0	0.0	0.0	0.0	0.0	0.0	0.0	0.0	0.0	0.0	0.0	0.0	0.0	0.0	0.0	0.0	0.0	0.0	0.0	0.0	0.0	0.0	0.0	0.0	0.0	0.0	0.0	0.0	0.0	0.0	0.0	0.0	0.0	0.0	25.04	29.4	0.0	0.0	2.9726187525815777	19.6	2.183521488347281	8.806470588235294	18.19428571428572	9.365128205128206	10.65032258064516	15.080000000000002	6.335384615384616	3.02912200980233	0.0	0.0	15.4	0.0	20.6275	0.0	0.0	26.78	12.911111111111111	0.0	0.0	26.68	17.560000000000002	2.791267605633803	0.0	15.64	2.6238170281012483	0.0	3.1461531100478477
26.640000000000004	0.0	34.05733333333333	26.86188679245283	0.0	25.40533333333333	27.71719298245614	28.69333333333333	12.2189898989899	27.96615384615385	0.0	17.31777777777778	24.4	27.57333333333333	0.0	30.08	43.0	0.0	42.0	26.13407407407407	30.957894736842103	27.826666666666664	34.84022598870057	22.65267080745341	0.0	27.52	34.151666666666664	25.97536	30.332	26.28857142857143	0.0	0.0	29.81333333333334	27.840000000000003	16.060397350993377	20.910000000000004	24.044995808885165	11.915364063969896	2.9726187525815777	0.0	10.13893406312142	4.439545611983155	6.311277351786048	6.803464991884061	14.087440212577503	6.527418238434916	20.010625	7.501044623805548	2.8866901343214453	22.768000000000004	27.351794871794876	20.851304347826087	23.349629629629632	7.684086848725708	20.680701754385964	19.14360655737705	19.97026438569207	10.003095017022591	20.456	27.256	26.552562814070352	12.496730625467231	6.893295630512355	15.757894736842108	20.42666666666667	5.5190805710137925	16.19	6.996911726859399
24.8687898089172	30.08	27.954873786407767	24.98989473684211	0.0	26.8149373433584	23.265092213969798	26.82121532364597	13.066114362899595	25.974280510018215	34.68666666666667	20.637551020408164	39.63333333333334	26.70326530612245	20.178823529411765	26.816911976911975	35.59333333333334	42.64	36.51555555555556	23.518541826554102	26.726373165618448	19.81283582089552	29.686138461538462	21.01028097803564	31.653333333333336	36.0835	28.446988713318284	22.61026383671992	26.63823180592992	22.170231085786643	44.36	34.33571428571429	24.20931899641577	26.066224328594	6.658226620816909	24.68	17.2478503034205	7.742837038221654	19.6	10.13893406312142	0.0	11.33718894091682	9.312241759806366	4.702199577916807	22.122845528455287	11.902654867256638	29.744657534246578	9.156793711387683	14.35050847457627	15.275428571428572	17.753967466225532	26.440944881889767	22.454668460503555	9.681021276595745	11.220670696931675	14.02129092609916	13.869595803127002	9.34304100568692	27.52	21.96373525000708	21.18782016635665	6.370558199973116	12.842886966375383	5.726806265348111	31.171428571428574	21.336374269005848	12.158587641866331	12.278644350302104
