0.0	22.72094117647059	16.885043118316663	14.231253862416654	0.0	13.662816901408451	5.409846345947072	14.19876447876448	11.70125944584383	14.086565262857686	20.453237410071942	14.080436046511627	26.723508771929826	3.576262053593061	19.18	16.42666666666667	17.749529875644527	25.453333333333337	21.26216030861552	13.46282886879372	13.715478927203064	13.254018691588788	14.982782608695652	12.27682301144702	24.93	21.49341754771385	23.56268742318722	13.249753698618909	3.283428622277591	6.322689117451892	27.73703703703704	11.56	5.100952380952381	11.19297486266023	24.77619834710744	25.272592592592595	27.594666666666665	29.732	0.0	28.954285714285717	24.11665551839465	28.610980392156865	14.102923976608189	26.99887323943662	40.120000000000005	23.992	0.0	28.34728862973761	0.0	21.20061381074169	30.015000000000004	37.08	34.348571428571425	28.25	22.713768844221104	15.59794871794872	23.44222222222222	21.42712138728324	25.83	32.73100917431193	29.625576923076927	22.718859681599405	26.169235127478757	22.696975169300227	0.0	0.0	22.82490566037736	23.202566037735853
22.72094117647059	0.0	7.138619934282586	0.0	0.0	22.73	22.881904761904764	26.909375	10.0788839418225	24.68	7.653208556149734	18.888	7.388881365803938	25.610731707317075	18.654117647058825	7.808506787330318	8.57444864935404	10.901492537313434	8.558659270072994	0.0	16.1	4.509283973935217	10.76296943231441	10.29606260091914	4.021263788332512	6.803981634995537	6.227061639736685	15.518403755868544	18.961454545454547	18.29169230769231	10.074058898847632	0.0	18.32	9.554666666666668	21.96	2.265806227169943	11.187760416666668	0.0	0.0	0.0	27.08	28.2	0.0	31.2	13.6	0.0	9.781333333333333	0.0	0.0	15.709090909090913	12.860121951219512	13.99157894736842	11.905763779527556	0.0	0.0	2.1890666666666667	14.405	22.643333333333334	3.1597080291970805	10.030589232725733	9.632712504722328	24.632	0.0	0.0	12.0	0.0	0.0	12.6448
16.885043118316663	7.138619934282586	0.0	24.921904761904763	26.26666666666667	21.87563352826511	16.221936940263085	20.433233658984182	16.49375	19.039920792079208	18.65655172413793	21.270000000000003	15.4811320754717	19.53555371759405	23.586666666666662	13.553719008264462	5.160186656347454	13.79718309859155	11.564460562103354	32.6	8.732240896358544	7.89884263257903	5.5286186836096505	19.651796407185632	20.28	7.421522633233515	7.983577181002542	12.99817003058104	18.71838676318511	13.816847503373818	14.885917159763316	31.85428571428572	26.4	16.863882783882786	33.08	9.181631982475356	17.02467262340706	0.0	0.0	0.0	29.38153846153846	33.28	0.0	34.553333333333335	21.96	0.0	23.880000000000003	33.795	0.0	20.94969230769231	18.563022604951563	25.660000000000004	18.890434090003986	0.0	24.157485714285716	9.971579720793532	19.38506584043377	25.71450980392157	0.0	16.533775440201236	16.463027721832386	26.174426229508203	27.566956521739133	24.038726114649684	0.0	33.68	22.98	18.211397849462365
14.231253862416654	0.0	24.921904761904763	0.0	20.54	11.09317880794702	5.700493150684932	15.041980295566503	10.36124031007752	5.748428338277164	27.684285714285718	6.48691974522293	25.305454545454545	16.219734012260897	15.320000000000002	27.340000000000003	30.858181818181823	31.21333333333334	33.333333333333336	2.772107458759585	17.693333333333335	0.0	17.508000000000003	4.435719251116374	0.0	30.158787878787884	24.290434782608692	3.5446902459242886	16.1448741758752	18.758000000000003	33.36	23.212830188679245	14.236643990929707	13.872362541594043	25.5996	0.0	34.6	24.988927241962777	0.0	25.93241379310345	23.384928092042188	25.56187234042553	13.629263502454991	25.450578223870828	0.0	20.33201793721973	0.0	28.211764705882352	17.855	0.0	0.0	0.0	0.0	25.034505208333336	28.26	0.0	29.72	20.617946363856003	0.0	38.62285714285714	36.94666666666667	23.48783144912641	27.88101265822785	25.2	0.0	0.0	26.954285714285717	26.657142857142865
0.0	0.0	26.26666666666667	20.54	0.0	3.39727386813399	14.425	2.813016497136508	7.710000000000001	16.050140845070423	33.760000000000005	12.4193417721519	5.640000000000001	3.1421875	2.739164796892268	0.0	38.92	0.0	0.0	17.469714285714286	21.08	0.0	20.98	15.344000000000005	0.0	32.46	29.76	18.84	2.5421746575342468	0.0	0.0	2.839407383932816	0.0	2.5398854024556616	0.0	0.0	0.0	0.0	0.0	0.0	32.760000000000005	0.0	13.28	33.64	0.0	0.0	0.0	38.24	0.0	0.0	0.0	0.0	0.0	0.0	0.0	0.0	0.0	0.0	0.0	0.0	0.0	27.98	0.0	0.0	0.0	0.0	0.0	0.0
13.662816901408451	22.73	21.87563352826511	11.09317880794702	3.39727386813399	0.0	7.297475743107962	5.0264391899472685	7.128680998503819	5.186060169684752	16.931772885283895	5.020388040663589	11.13456049638056	9.296457345971564	3.37097998836012	19.782222222222224	26.383665893271463	20.563333333333336	26.61317647058824	7.270625078606464	15.875916317991631	15.13714285714286	17.22306010928962	11.66058556177994	0.0	27.546965853658534	23.85013100436681	11.214365031182735	4.753536451570694	15.356818181818184	24.702857142857145	5.424589162830971	16.45230769230769	4.364944465721946	27.04615384615385	29.040000000000003	33.09818181818182	25.7681239242685	0.0	26.62794520547945	24.276336499321577	27.29589576547232	12.818451612903226	26.306922300706358	38.74	21.583478260869565	0.0	29.39284671532847	19.408	25.483636363636368	33.68	42.84	39.28	26.037364341085272	27.76	20.880000000000003	29.98857142857143	22.46043324937028	0.0	39.99636363636364	30.764761904761905	24.56727854855923	29.319797979797983	25.197142857142858	0.0	31.520000000000003	24.344	28.259166666666665
5.409846345947072	22.881904761904764	16.221936940263085	5.700493150684932	14.425	7.297475743107962	0.0	7.194163585221706	8.693985221486276	4.242032677216004	22.01209523809524	6.178793650793652	28.629885057471267	7.435981078060654	12.01241379310345	14.00843137254902	19.549495926680244	26.856326530612243	22.43628285356696	5.370259365994237	10.470913970899844	17.11264	11.863533594655772	7.315475642715151	27.610000000000003	22.349299444987015	18.820278902845427	6.552721952571328	9.060355802977128	5.724311766598371	28.953245033112587	19.902962962962967	11.430309023485789	16.037783783783787	22.84418145956608	24.462068965517243	28.9688198757764	23.350447761194037	0.0	23.82028571428572	20.737547062179125	24.400093457943928	11.552137030995109	23.02112315270936	33.965714285714284	19.77625	37.41	26.02739431206764	24.12	20.881206896551724	31.071898734177218	36.24	35.175172413793106	23.52904347826087	21.626293706293705	18.96121212121212	28.298461538461535	18.79927894443412	30.840000000000003	33.86511627906977	27.771650135256987	19.999437788018437	24.759439579684763	21.196470588235293	41.0	33.720000000000006	21.79106145251397	22.324336793540947
14.19876447876448	26.909375	20.433233658984182	15.041980295566503	2.813016497136508	5.0264391899472685	7.194163585221706	0.0	11.89715976331361	9.413926841691776	25.126395736175883	12.535342314950723	22.672849162011172	4.0690441732368505	5.6253730189408575	17.72555555555556	21.85159710335747	29.341782178217823	26.52428933295807	11.707361127702786	14.840022173534305	19.9175	16.15235332043843	11.7654835117773	0.0	25.893387712863905	23.761727371864776	12.251645923291846	2.751002307100744	12.883205741626792	32.254845360824746	3.392173913043478	15.532500000000002	5.21902816598581	26.36894117647059	28.26666666666667	31.47234782608696	25.375357142857144	0.0	27.01818181818182	23.905974025974025	27.891815718157183	14.84555052790347	25.357543859649123	40.720000000000006	21.21485714285715	37.440000000000005	29.421993670886074	22.72	23.81193370165746	34.45058823529412	42.41333333333333	37.528615384615385	25.5904	25.7931623931624	21.266666666666666	30.416260162601628	22.29375832540438	33.720000000000006	36.63827160493828	30.687112810707458	23.728523421588594	28.38054371785452	25.085437788018435	0.0	33.260000000000005	25.462222222222223	26.232066805845516
11.70125944584383	10.0788839418225	16.49375	10.36124031007752	7.710000000000001	7.128680998503819	8.693985221486276	11.89715976331361	0.0	10.359036698533744	23.57846153846154	3.5813884121441677	19.778590544157005	13.479723921020442	3.325120186471131	5.342699646643109	22.709135802469135	26.048	23.825777777777777	9.201886514369937	8.139626389217309	3.7461897610921504	9.024481792717086	3.4485400654290337	16.789022298456263	21.33005347593583	16.7771459576777	7.913092986802853	11.572514301280306	8.98941324041812	23.24246153846154	19.9693023255814	10.42127353266888	10.97203738317757	13.11545171339564	17.560000000000002	14.636122448979595	12.868027571580066	0.0	12.879474835886215	11.071531531531532	15.200349344978164	2.0788098370610264	13.640846171533688	25.360000000000003	8.080961182994455	32.040000000000006	16.43683196575098	7.826511627906977	7.339328951919752	16.714871794871794	26.225882352941177	21.137297297297295	13.016308316430022	10.672612667478685	1.9771974522292992	9.83473917421954	8.031160786032581	0.0	20.49681012658228	21.33586206896552	10.367872625100349	14.134141596923774	10.84974182444062	32.720000000000006	21.92	10.977685589519652	11.615522388059702
14.086565262857686	24.68	19.039920792079208	5.748428338277164	16.050140845070423	5.186060169684752	4.242032677216004	9.413926841691776	10.359036698533744	0.0	25.75555555555556	4.728785562974285	22.928514851485147	14.24236841434507	10.443880597014925	14.86	23.97198036006547	28.961481481481485	28.57368421052632	3.924050027954997	12.192701252236136	14.37777777777778	13.699449735449736	6.329581605475203	0.0	25.487432950191568	20.28979066022544	5.743879004560554	16.040082392131357	11.80728971962617	31.564137931034487	20.79383529411765	14.936076794657762	14.512777968428278	24.692747252747257	24.92	31.30057142857143	24.924586169831603	0.0	25.59238095238096	22.538859735648057	25.24591343451377	13.522251211330602	25.04088371296455	0.0	20.577131931166356	0.0	27.62968067226891	19.984	24.124	34.9	40.08	37.16888888888889	25.338892166502788	26.304615384615385	20.662857142857145	29.61806451612903	20.459821290367973	0.0	37.21257142857143	28.615789473684213	22.787310510510512	26.848888888888887	24.454736842105262	46.24	34.760000000000005	24.137777777777774	25.23005328596803
20.453237410071942	7.653208556149734	18.65655172413793	27.684285714285718	33.760000000000005	16.931772885283895	22.01209523809524	25.126395736175883	23.57846153846154	25.75555555555556	0.0	22.949262865090407	4.922528706677583	23.381735849056604	20.328	19.014117647058825	7.499138854552946	4.246589799023141	5.587600729291569	24.379506462984725	15.438675496688742	15.406530612244898	13.2196644295302	24.623529411764707	4.438264678628591	5.359804275045068	9.268246566592143	22.696315789473683	16.30958041958042	15.663045871559632	5.637329428989752	14.94	17.520000000000003	5.104573986171619	34.84	12.598032786885248	22.52615384615385	0.0	0.0	0.0	34.160000000000004	0.0	23.706666666666667	0.0	15.81673796791444	0.0	15.49017677839061	42.55	0.0	27.552	23.56	16.655330073349635	16.63943661971831	45.08	29.55	0.0	27.902500000000003	33.226	8.634087346024637	16.407073359073358	15.85957059863602	35.33379310344828	38.88	30.366666666666667	17.540579420579423	0.0	0.0	28.826666666666664
14.080436046511627	18.888	21.270000000000003	6.48691974522293	12.4193417721519	5.020388040663589	6.178793650793652	12.535342314950723	3.5813884121441677	4.728785562974285	22.949262865090407	0.0	19.53368306010929	15.051435947687784	2.69534125565254	0.0	27.592	26.175932203389827	25.204324324324325	3.7028124289033366	17.64	10.36	17.233333333333334	7.687283825025434	24.14666666666667	27.10433962264151	28.42707070707071	7.719199084668193	14.236376739158228	37.64	28.916774193548388	17.586053991958646	14.343529411764706	12.96055163051862	24.912	28.0	0.0	17.80283796740173	0.0	17.94297872340426	22.80289855072464	18.02842975206612	7.259913269731136	20.183068050749718	33.0	7.474554455445545	29.4	22.26325581395349	12.4496	0.0	0.0	0.0	0.0	15.479629139072848	0.0	0.0	0.0	15.289671261930014	0.0	31.360000000000003	36.6	20.84454258675079	19.81388888888889	0.0	0.0	0.0	25.866666666666667	20.644615384615385
26.723508771929826	7.388881365803938	15.4811320754717	25.305454545454545	5.640000000000001	11.13456049638056	28.629885057471267	22.672849162011172	19.778590544157005	22.928514851485147	4.922528706677583	19.53368306010929	0.0	21.75081081081081	17.487272727272728	22.4	13.364705882352942	7.384348594141028	8.760088300220751	21.64240480961924	22.110000000000003	14.026399851769504	19.99865168539326	20.96795180722892	4.32556511892644	3.4332303003918154	4.5159923600174245	25.015157894736845	8.774880546075085	25.34947368421053	4.842941371315005	8.781176470588235	23.12	7.758182460603491	0.0	10.073548387096777	24.92	0.0	0.0	0.0	28.902222222222225	0.0	21.7	19.2	14.910509045014724	0.0	15.154808848553603	32.8	0.0	30.12	0.0	15.921290522723748	15.648399106478037	0.0	35.440000000000005	0.0	33.52	32.20307692307692	7.158654347311064	15.494167594999382	15.64261549395878	30.633548387096777	34.220000000000006	28.733333333333334	16.58395451674037	0.0	0.0	29.840000000000003
3.576262053593061	25.610731707317075	19.53555371759405	16.219734012260897	3.1421875	9.296457345971564	7.435981078060654	4.0690441732368505	13.479723921020442	14.24236841434507	23.381735849056604	15.051435947687784	21.75081081081081	0.0	12.248322147651006	18.842222222222222	20.223626797614877	27.767603305785126	24.158428490672694	15.16138160703612	14.3441216730038	15.483151515151516	15.780402189820586	13.682054761586752	29.46333333333334	24.650280097737404	24.550266804076493	14.645941410382694	2.9745896755322034	10.69780826254419	31.071072463768115	3.51507366830374	15.860000000000005	9.779061309566591	26.99552631578948	27.29823529411765	30.384375	31.8125	0.0	29.68648648648649	26.061544050862853	30.616000000000003	15.999359658484526	29.907733333333333	40.040000000000006	26.944	37.06400000000001	30.63332185886403	0.0	23.00823529411765	34.17846153846154	37.510000000000005	36.81507246376812	28.726666666666667	24.455854063018243	18.66980392156863	28.276363636363637	23.78434048798385	28.334545454545456	35.54666666666667	31.50324175824176	24.97708633093525	28.679954827780914	24.68291578202406	0.0	37.45333333333333	24.79116279069768	25.68121532364597
19.18	18.654117647058825	23.586666666666662	15.320000000000002	2.739164796892268	3.37097998836012	12.01241379310345	5.6253730189408575	3.325120186471131	10.443880597014925	20.328	2.69534125565254	17.487272727272728	12.248322147651006	0.0	0.0	27.645714285714284	23.520000000000003	30.52	10.111836734693878	17.76857142857143	11.3232	20.395000000000003	8.16851851851852	22.826666666666664	29.032941176470597	23.46	13.665230769230767	11.069748502994011	18.84	32.92	10.31063829787234	17.44	9.73985401459854	0.0	0.0	0.0	18.222857142857144	0.0	15.862857142857145	29.0	0.0	7.370543933054394	20.637894736842107	0.0	12.543529411764704	0.0	31.56	12.43	0.0	0.0	0.0	0.0	17.25904761904762	0.0	0.0	0.0	13.253333333333334	0.0	0.0	0.0	21.126666666666665	33.120000000000005	0.0	0.0	0.0	0.0	0.0
16.42666666666667	7.808506787330318	13.553719008264462	27.340000000000003	0.0	19.782222222222224	14.00843137254902	17.72555555555556	5.342699646643109	14.86	19.014117647058825	0.0	22.4	18.842222222222222	0.0	0.0	15.517910447761196	0.0	20.409333333333336	0.0	6.953916795069338	4.820891741921445	3.8469449680046544	4.338715023417798	18.87636363636364	16.459901199717713	4.7159817594780815	5.286438870925457	9.302179487179489	11.491557614360165	22.226666666666667	0.0	8.77304347826087	11.910087719298248	18.68	15.1675	18.107731629392973	0.0	0.0	30.35333333333333	24.95163636363636	27.57913043478261	8.860000000000001	27.46478260869565	28.032	0.0	35.480000000000004	23.940512820512826	0.0	16.782367394982714	24.156791443850267	31.1	25.923809523809524	0.0	18.585973960941413	8.043196647710266	17.48332791656994	17.359711711711714	0.0	26.0859328358209	16.186581726739313	18.95058394160584	19.589732620320856	18.026141795541275	0.0	0.0	17.518117647058823	17.4769465648855
17.749529875644527	8.57444864935404	5.160186656347454	30.858181818181823	38.92	26.383665893271463	19.549495926680244	21.85159710335747	22.709135802469135	23.97198036006547	7.499138854552946	27.592	13.364705882352942	20.223626797614877	27.645714285714284	15.517910447761196	0.0	9.71625468164794	3.8991560299295775	30.18	7.852308152133304	10.695306859205775	8.637115900631871	21.267435633367665	9.668571428571427	7.543326406926407	10.615360407865635	17.553395592080687	15.0725313283208	12.843793729688397	12.723870967741936	34.84	12.472289156626507	4.890487744491211	33.68	11.023794068270846	18.497085828343312	0.0	0.0	37.9	33.905	37.856	24.9	38.41333333333334	26.0	0.0	19.24	34.373333333333335	0.0	24.29714285714286	20.04952662721894	22.990236220472447	20.402663934426236	0.0	27.523333333333333	12.83837837837838	24.0273417721519	28.1446511627907	12.315384615384614	18.596749294006905	17.61177538145996	30.254285714285714	31.33714285714286	27.992380952380955	22.360000000000003	0.0	27.48	20.13288135593221
25.453333333333337	10.901492537313434	13.79718309859155	31.21333333333334	0.0	20.563333333333336	26.856326530612243	29.341782178217823	26.048	28.961481481481485	4.246589799023141	26.175932203389827	7.384348594141028	27.767603305785126	23.520000000000003	0.0	9.71625468164794	0.0	4.59856071964018	28.36076923076923	0.0	17.768	17.860000000000003	29.791111111111118	7.708213627992634	5.836540354894104	8.18365051210162	25.751578947368422	18.346400000000003	20.81714285714286	8.165467730239305	0.0	0.0	9.558918671248568	0.0	10.234705882352944	0.0	0.0	0.0	0.0	39.48	0.0	25.24	0.0	16.84	0.0	16.525292479108636	0.0	0.0	0.0	0.0	17.716040475142982	17.847289211242067	0.0	0.0	0.0	0.0	37.4	9.951851489985346	17.542028047464942	16.555362397820165	37.52	37.84	0.0	18.462918918918923	0.0	0.0	21.610000000000003
21.26216030861552	8.558659270072994	11.564460562103354	33.333333333333336	0.0	26.61317647058824	22.43628285356696	26.52428933295807	23.825777777777777	28.57368421052632	5.587600729291569	25.204324324324325	8.760088300220751	24.158428490672694	30.52	20.409333333333336	3.8991560299295775	4.59856071964018	0.0	26.876666666666665	15.089399176954734	17.800855106888363	14.710940358580316	25.088387096774195	7.845644300219827	5.47025071361278	9.843885727402276	21.7395688225539	17.770823258491653	15.30546816479401	9.48872606161532	31.920000000000005	16.661855670103094	6.460524034935662	0.0	10.603199274266707	21.755000000000003	0.0	0.0	36.5	32.24	39.120000000000005	0.0	39.86	16.884271844660198	0.0	16.399282341831917	37.83	0.0	27.25857142857143	21.418000000000003	17.998649592549476	18.682289023717598	0.0	29.47555555555556	16.6	27.775789473684217	34.324444444444445	9.93316844919786	17.79580614805521	17.014013157894738	33.928000000000004	32.160000000000004	29.483636363636368	18.293052631578952	0.0	33.2	19.97176470588236
13.46282886879372	0.0	32.6	2.772107458759585	17.469714285714286	7.270625078606464	5.370259365994237	11.707361127702786	9.201886514369937	3.924050027954997	24.379506462984725	3.7028124289033366	21.64240480961924	15.16138160703612	10.111836734693878	0.0	30.18	28.36076923076923	26.876666666666665	0.0	16.96	17.520000000000003	0.0	4.208448299791812	0.0	29.496119402985077	29.68677966101695	3.7361495388669295	15.003336445842343	17.23111111111111	30.50810810810811	20.130068775790924	13.51164983164983	13.92065348444659	24.003076923076925	0.0	32.02	22.961203703703703	0.0	24.38043956043956	22.14827423167849	24.28457943925234	12.063514376996803	23.981926345609065	36.08	19.28438818565401	0.0	26.75528205128205	18.754285714285714	0.0	36.08	0.0	0.0	23.393370473537605	28.92	0.0	0.0	19.32054998141955	0.0	39.84	29.78	22.2078564500485	26.28696629213483	23.48	0.0	0.0	23.09714285714286	24.58409638554217
13.715478927203064	16.1	8.732240896358544	17.693333333333335	21.08	15.875916317991631	10.470913970899844	14.840022173534305	8.139626389217309	12.192701252236136	15.438675496688742	17.64	22.110000000000003	14.3441216730038	17.76857142857143	6.953916795069338	7.852308152133304	0.0	15.089399176954734	16.96	0.0	7.906463380413432	6.472092147915028	3.816141780403341	20.826666666666664	16.149176029962547	9.724161078216492	5.329608904782291	12.330910256410258	5.013032361233852	23.72	26.49333333333333	11.21026484018265	6.881653219944759	21.472918660287085	18.65230769230769	22.756476923076924	34.21333333333334	0.0	31.69333333333334	26.80674157303371	27.389565217391304	11.683076923076923	30.916000000000004	29.0432	0.0	0.0	24.358137254901965	0.0	17.6072500087257	26.35360703812317	32.69176470588236	28.57076305220884	0.0	19.76533752950433	11.017436748237248	19.36368297271872	17.29244946899623	19.98	28.58346341463415	20.404938574938576	20.12067924528302	21.60167901234568	19.59273438858932	34.28	0.0	19.07922051282052	19.30005044136192
13.254018691588788	4.509283973935217	7.89884263257903	0.0	0.0	15.13714285714286	17.11264	19.9175	3.7461897610921504	14.37777777777778	15.406530612244898	10.36	14.026399851769504	15.483151515151516	11.3232	4.820891741921445	10.695306859205775	17.768	17.800855106888363	17.520000000000003	7.906463380413432	0.0	8.541508525576731	4.166467331118494	11.033444838655178	15.27489684609912	7.015055525443385	7.279036690749398	8.622868157286046	8.449345794392524	16.613546325878595	0.0	7.788093220338983	9.683297872340429	13.18	7.406086956521738	11.540194174757284	0.0	0.0	0.0	18.37846153846154	19.22	0.0	24.520000000000003	21.160000000000004	0.0	0.0	17.03	0.0	8.466996946046828	14.125360824742268	24.68	20.48	0.0	11.673231707317074	2.0840779915891425	10.944174631878068	10.224285714285717	0.0	18.82868686868687	9.791463251457518	14.818260869565218	13.38	11.898577405857742	0.0	0.0	10.815	12.330000000000002
14.982782608695652	10.76296943231441	5.5286186836096505	17.508000000000003	20.98	17.22306010928962	11.863533594655772	16.15235332043843	9.024481792717086	13.699449735449736	13.2196644295302	17.233333333333334	19.99865168539326	15.780402189820586	20.395000000000003	3.8469449680046544	8.637115900631871	17.860000000000003	14.710940358580316	0.0	6.472092147915028	8.541508525576731	0.0	11.040377358490566	16.68571428571429	12.614420159176706	8.789758141139396	6.209350526663833	17.341510297482838	8.933871165107945	19.948303249097474	26.113333333333337	13.128695652173914	7.018093285494619	25.732	12.49248407643312	18.628194379754696	32.1	0.0	30.2	26.373264248704665	30.285294117647062	19.08	28.91116279069768	26.96	0.0	25.360000000000003	29.24909090909091	0.0	17.043251444743042	21.33818181818182	32.02285714285715	27.30857142857143	34.64	19.9194023028918	10.364701030927836	18.74826399315077	18.816290726817044	18.64	26.78774193548388	18.41229541020639	22.8425	22.15575221238938	19.959432412247946	0.0	0.0	19.544444444444444	20.18575498575499
12.27682301144702	10.29606260091914	19.651796407185632	4.435719251116374	15.344000000000005	11.66058556177994	7.315475642715151	11.7654835117773	3.4485400654290337	6.329581605475203	24.623529411764707	7.687283825025434	20.96795180722892	13.682054761586752	8.16851851851852	4.338715023417798	21.267435633367665	29.791111111111118	25.088387096774195	4.208448299791812	3.816141780403341	4.166467331118494	11.040377358490566	0.0	17.588783919597994	21.70973919256877	13.687852351189502	3.648817659341197	12.749183679989777	10.862162333544706	24.939692307692308	21.33435897435897	11.47396416098182	11.390026692550354	19.91834101382489	19.889411764705883	22.18188679245283	17.80083450539147	0.0	19.175042735042734	17.65492623941959	20.720092378752888	7.16518906340896	18.45814700632809	32.048	12.82574712643678	40.52	23.49085926348844	12.657142857142858	16.002846390694494	25.38991596638656	34.02	28.81589743589744	17.850245322245325	17.815529546103342	8.738906752411577	17.194590818363274	15.237769094138546	30.6	27.19598566308244	25.549118387909324	17.393333862014277	21.91498774938747	18.091324103656373	35.4	29.880000000000003	18.3248730964467	19.169103448275862
24.93	4.021263788332512	20.28	0.0	0.0	0.0	27.610000000000003	0.0	16.789022298456263	0.0	4.438264678628591	24.14666666666667	4.32556511892644	29.46333333333334	22.826666666666664	18.87636363636364	9.668571428571427	7.708213627992634	7.845644300219827	0.0	20.826666666666664	11.033444838655178	16.68571428571429	17.588783919597994	0.0	6.702992994142645	5.464105692266491	21.498947368421057	21.225	20.073846153846155	8.122588235294119	0.0	0.0	8.448495575221239	0.0	4.159674796747967	0.0	0.0	0.0	0.0	0.0	0.0	0.0	0.0	8.84074074074074	0.0	7.986306379520521	0.0	0.0	0.0	0.0	10.76536231884058	12.837955271565496	0.0	0.0	0.0	0.0	0.0	2.423148051948052	11.907504	8.959969453990073	0.0	0.0	0.0	10.904000000000002	0.0	0.0	0.0
21.49341754771385	6.803981634995537	7.421522633233515	30.158787878787884	32.46	27.546965853658534	22.349299444987015	25.893387712863905	21.33005347593583	25.487432950191568	5.359804275045068	27.10433962264151	3.4332303003918154	24.650280097737404	29.032941176470597	16.459901199717713	7.543326406926407	5.836540354894104	5.47025071361278	29.496119402985077	16.149176029962547	15.27489684609912	12.614420159176706	21.70973919256877	6.702992994142645	0.0	8.308739333804956	19.677299880525688	19.20051867860451	18.341860603535505	4.384108108108109	36.67652173913044	21.389268292682928	9.875683373404843	32.18	8.702766853932584	16.809871551905665	0.0	0.0	40.61333333333334	32.34461538461539	39.333333333333336	31.48	35.53904761904762	16.466035714285717	33.08	16.045255364537585	36.81846153846154	0.0	25.99225	18.105501346902123	17.264569761789016	17.791926174496645	0.0	30.01849056603773	19.11304347826087	27.71546558704453	30.64457142857143	8.70365154109589	16.383824715856818	15.588886079129162	32.10714285714286	34.590769230769226	28.937647058823536	18.347900432900435	0.0	26.7	19.25265306122449
23.56268742318722	6.227061639736685	7.983577181002542	24.290434782608692	29.76	23.85013100436681	18.820278902845427	23.761727371864776	16.7771459576777	20.28979066022544	9.268246566592143	28.42707070707071	4.5159923600174245	24.550266804076493	23.46	4.7159817594780815	10.615360407865635	8.18365051210162	9.843885727402276	29.68677966101695	9.724161078216492	7.015055525443385	8.789758141139396	13.687852351189502	5.464105692266491	8.308739333804956	0.0	11.765262431755918	21.895274888558696	18.264237165582067	11.744214559386974	27.640000000000004	19.76461538461539	10.00791339090089	30.38285714285714	8.297077281222336	16.70502728857464	46.120000000000005	0.0	34.596000000000004	28.95418181818182	34.37692307692308	21.984	32.43186440677967	16.107070707070708	0.0	16.343534367221903	34.07363636363637	0.0	16.215367965367967	18.280610027667187	17.14371276180565	18.281256535301612	0.0	22.02466165413534	9.118343965975544	18.834761269851988	26.342889733840305	8.212822151224708	16.315741981661795	15.700637002611268	25.817275747508308	31.705	26.626666666666665	17.510782312925173	0.0	28.104000000000003	17.64880994671403
13.249753698618909	15.518403755868544	12.99817003058104	3.5446902459242886	18.84	11.214365031182735	6.552721952571328	12.251645923291846	7.913092986802853	5.743879004560554	22.696315789473683	7.719199084668193	25.015157894736845	14.645941410382694	13.665230769230767	5.286438870925457	17.553395592080687	25.751578947368422	21.7395688225539	3.7361495388669295	5.329608904782291	7.279036690749398	6.209350526663833	3.648817659341197	21.498947368421057	19.677299880525688	11.765262431755918	0.0	13.829596354982147	6.6934373489446255	26.34174757281553	22.80849557522124	11.6024964714526	9.122074069815904	21.50862518968133	21.7125	24.194028776978417	24.389512195121952	0.0	24.06211382113821	19.78527251561012	25.47570397111913	10.765126719768285	24.51124533929903	33.60333333333334	19.922206896551724	34.935	24.97031560849809	19.571428571428573	16.919526433009025	27.326746987951804	36.632	30.60204081632653	24.66788804071247	19.491569469455605	11.422792022792024	19.7752741774676	17.199563115279318	0.0	29.74463245492372	25.397086834733894	19.24422287135271	22.87448626440584	19.47205851951976	39.16444444444444	31.027500000000003	19.534904697986576	20.6259379145662
3.283428622277591	18.961454545454547	18.71838676318511	16.1448741758752	2.5421746575342468	4.753536451570694	9.060355802977128	2.751002307100744	11.572514301280306	16.040082392131357	16.30958041958042	14.236376739158228	8.774880546075085	2.9745896755322034	11.069748502994011	9.302179487179489	15.0725313283208	18.346400000000003	17.770823258491653	15.003336445842343	12.330910256410258	8.622868157286046	17.341510297482838	12.749183679989777	21.225	19.20051867860451	21.895274888558696	13.829596354982147	0.0	5.065822044001301	24.300740740740743	2.9756744113519416	2.6933891625615765	4.932845756508057	25.10953346855984	22.41454545454545	24.63432343234324	28.82121212121212	0.0	29.332602739726024	25.17060371517028	29.122838283828383	14.591284634760706	28.007259259259257	38.554545454545455	25.04	43.56	29.54228321896444	0.0	19.390841356215997	28.413714285714285	38.16333333333334	31.84326530612245	29.0	20.83152073732719	12.41514563106796	19.416	21.84729970326409	23.831111111111117	30.027764705882355	29.777177914110432	23.36528559651396	26.583065265216327	21.26313007362658	44.23	34.82666666666667	21.89989601386482	22.47232704402516
6.322689117451892	18.29169230769231	13.816847503373818	18.758000000000003	0.0	15.356818181818184	5.724311766598371	12.883205741626792	8.98941324041812	11.80728971962617	15.663045871559632	37.64	25.34947368421053	10.69780826254419	18.84	11.491557614360165	12.843793729688397	20.81714285714286	15.30546816479401	17.23111111111111	5.013032361233852	8.449345794392524	8.933871165107945	10.862162333544706	20.073846153846155	18.341860603535505	18.264237165582067	6.6934373489446255	5.065822044001301	0.0	26.286736842105267	21.306666666666665	5.056571952337306	4.883913898032159	22.25935483870968	21.26697674418605	24.591794871794875	0.0	0.0	23.008965517241386	20.16461429582449	27.20203389830509	11.771674462114124	26.80888888888889	33.50857142857143	0.0	38.48	25.50736628643853	0.0	18.62488552915767	27.6336312849162	34.45142857142857	29.91508771929825	28.62	20.3766792194454	11.922061855670105	19.81860745440127	18.40869368260377	21.965714285714284	29.5888038277512	26.070063157894737	20.31018166359643	23.453386469304487	20.3298284901804	39.61	32.3	20.303389121338917	20.56083422004682
27.73703703703704	10.074058898847632	14.885917159763316	33.36	0.0	24.702857142857145	28.953245033112587	32.254845360824746	23.24246153846154	31.564137931034487	5.637329428989752	28.916774193548388	4.842941371315005	31.071072463768115	32.92	22.226666666666667	12.723870967741936	8.165467730239305	9.48872606161532	30.50810810810811	23.72	16.613546325878595	19.948303249097474	24.939692307692308	8.122588235294119	4.384108108108109	11.744214559386974	26.34174757281553	24.300740740740743	26.286736842105267	0.0	0.0	0.0	11.824823848238482	0.0	14.736666666666668	0.0	0.0	0.0	0.0	0.0	0.0	0.0	0.0	17.141432835820897	0.0	17.60917113402062	0.0	0.0	0.0	0.0	18.12332982086407	17.95722772277228	0.0	35.96	0.0	35.78	37.42	9.758790931989925	17.841087887182074	17.191065088757398	42.120000000000005	0.0	34.720000000000006	18.96051679586564	0.0	0.0	0.0
11.56	0.0	31.85428571428572	23.212830188679245	2.839407383932816	5.424589162830971	19.902962962962967	3.392173913043478	19.9693023255814	20.79383529411765	14.94	17.586053991958646	8.781176470588235	3.51507366830374	10.31063829787234	0.0	34.84	0.0	31.920000000000005	20.130068775790924	26.49333333333333	0.0	26.113333333333337	21.33435897435897	0.0	36.67652173913044	27.640000000000004	22.80849557522124	2.9756744113519416	21.306666666666665	0.0	0.0	0.0	3.084799431459255	0.0	0.0	0.0	0.0	0.0	0.0	31.320000000000004	36.970000000000006	22.160000000000004	38.86	0.0	0.0	0.0	35.733333333333334	0.0	32.64	0.0	0.0	0.0	0.0	32.6	0.0	0.0	30.189411764705888	0.0	0.0	39.64	31.205161290322582	35.95555555555556	31.06	0.0	0.0	31.96	32.65
5.100952380952381	18.32	26.4	14.236643990929707	0.0	16.45230769230769	11.430309023485789	15.532500000000002	10.42127353266888	14.936076794657762	17.520000000000003	14.343529411764706	23.12	15.860000000000005	17.44	8.77304347826087	12.472289156626507	0.0	16.661855670103094	13.51164983164983	11.21026484018265	7.788093220338983	13.128695652173914	11.47396416098182	0.0	21.389268292682928	19.76461538461539	11.6024964714526	2.6933891625615765	5.056571952337306	0.0	0.0	0.0	3.8141946034341783	23.093333333333337	0.0	24.24041237113402	27.3075	0.0	27.72571428571429	23.320650994575043	27.817687074829934	13.175	25.68285714285714	34.733333333333334	22.37714285714286	43.08	27.70428015564202	0.0	18.101769911504427	26.73	36.02285714285715	28.656666666666663	28.12	19.85833333333333	11.271428571428572	18.64503816793893	19.59990898748578	0.0	28.75115789473684	29.185454545454547	21.38116332566546	24.850740331491718	19.798270270270272	42.84	0.0	19.9768115942029	20.84299559471366
11.19297486266023	9.554666666666668	16.863882783882786	13.872362541594043	2.5398854024556616	4.364944465721946	16.037783783783787	5.21902816598581	10.97203738317757	14.512777968428278	5.104573986171619	12.96055163051862	7.758182460603491	9.779061309566591	9.73985401459854	11.910087719298248	4.890487744491211	9.558918671248568	6.460524034935662	13.92065348444659	6.881653219944759	9.683297872340429	7.018093285494619	11.390026692550354	8.448495575221239	9.875683373404843	10.00791339090089	9.122074069815904	4.932845756508057	4.883913898032159	11.824823848238482	3.084799431459255	3.8141946034341783	0.0	26.28823529411765	10.351818181818183	18.12903225806452	27.293333333333333	0.0	28.541538461538465	23.69646655231561	27.929454545454547	13.808684210526318	26.64390243902439	38.27	23.153333333333336	17.852307692307694	28.77476725521669	0.0	17.639227053140097	19.24727272727273	20.55111111111112	22.80936170212766	27.862857142857145	19.630465116279076	10.78	19.5461780104712	21.02994897959184	12.443333333333332	21.17142857142857	16.97962962962963	23.09691920603858	26.494785478547858	20.50408988764045	18.34666666666667	0.0	20.2321568627451	22.96263736263736
24.77619834710744	21.96	33.08	25.5996	0.0	27.04615384615385	22.84418145956608	26.36894117647059	13.11545171339564	24.692747252747257	34.84	24.912	0.0	26.99552631578948	0.0	18.68	33.68	0.0	0.0	24.003076923076925	21.472918660287085	13.18	25.732	19.91834101382489	0.0	32.18	30.38285714285714	21.50862518968133	25.10953346855984	22.25935483870968	0.0	0.0	23.093333333333337	26.28823529411765	0.0	20.632	17.283586584531143	13.243931824860416	0.0	12.494808126410836	6.830584585092259	11.869055118110236	11.150429447852762	12.794350742823	19.808486107504542	12.044221635883906	26.28363636363637	3.3297224536888663	16.02740157480315	15.145882352941175	17.981861575179	24.56359589041096	20.751970299655262	13.372126484858626	12.497219406227371	12.02962962962963	13.336071517258508	11.09681344992713	24.68	21.98892379290285	22.92710112359551	11.442257795961089	2.9462854590127323	6.516040822938605	26.7	0.0	4.031111111111111	12.823393230254911
25.272592592592595	2.265806227169943	9.181631982475356	0.0	0.0	29.040000000000003	24.462068965517243	28.26666666666667	17.560000000000002	24.92	12.598032786885248	28.0	10.073548387096777	27.29823529411765	0.0	15.1675	11.023794068270846	10.234705882352944	10.603199274266707	0.0	18.65230769230769	7.406086956521738	12.49248407643312	19.889411764705883	4.159674796747967	8.702766853932584	8.297077281222336	21.7125	22.41454545454545	21.26697674418605	14.736666666666668	0.0	0.0	10.351818181818183	20.632	0.0	7.182099290780142	0.0	0.0	23.45	22.497142857142855	26.68	12.266597549481622	23.520000000000003	9.4425	17.85333333333333	6.357285986049462	23.332	19.25032258064516	6.343019538188277	9.046458123107971	10.940330578512397	8.665736250739208	31.440000000000005	17.48	3.9866579855459343	12.434626865671644	12.250080661026953	2.9118342342342345	7.064568416729413	4.618633517579871	18.60363636363636	19.54	16.911219512195125	10.295849056603776	0.0	17.308	11.125479452054794
27.594666666666665	11.187760416666668	17.02467262340706	34.6	0.0	33.09818181818182	28.9688198757764	31.47234782608696	14.636122448979595	31.30057142857143	22.52615384615385	0.0	24.92	30.384375	0.0	18.107731629392973	18.497085828343312	0.0	21.755000000000003	32.02	22.756476923076924	11.540194174757284	18.628194379754696	22.18188679245283	0.0	16.809871551905665	16.70502728857464	24.194028776978417	24.63432343234324	24.591794871794875	0.0	0.0	24.24041237113402	18.12903225806452	17.283586584531143	7.182099290780142	0.0	21.948101265822785	0.0	20.93642126789366	15.004685213414636	20.53596650891882	16.72111111111111	18.698045387994146	25.16857142857143	22.381666666666668	24.942857142857143	20.073721599716556	24.520000000000003	12.389137614678898	5.679004362710566	14.291425426527244	8.921888807454717	22.92484848484849	10.548535885167464	8.826639463713203	6.060204288133607	17.14398655462185	0.0	8.281906206974066	6.719931944379998	12.726867858789774	22.42556281771968	13.972657157950342	18.68	30.49	15.497142857142858	12.280700218818382
29.732	0.0	0.0	24.988927241962777	0.0	25.7681239242685	23.350447761194037	25.375357142857144	12.868027571580066	24.924586169831603	0.0	17.80283796740173	0.0	31.8125	18.222857142857144	0.0	0.0	0.0	0.0	22.961203703703703	34.21333333333334	0.0	32.1	17.80083450539147	0.0	0.0	46.120000000000005	24.389512195121952	28.82121212121212	0.0	0.0	0.0	27.3075	27.293333333333333	13.243931824860416	0.0	21.948101265822785	0.0	20.96	8.329527225301598	8.837062146892656	14.44794181034483	9.40839860686616	5.294165941037443	27.527500000000003	5.234045190961808	26.62	16.642056100747826	13.564137931034484	12.41	25.71066666666667	30.83272727272728	28.840000000000003	2.7289385122827747	17.841866666666668	0.0	17.970769230769232	4.05623507375322	0.0	27.98386206896552	21.679578947368423	3.6008199449992766	15.754912882787751	13.741200558399257	32.08	24.186666666666667	13.553357933579338	13.469031044214486
0.0	0.0	0.0	0.0	0.0	0.0	0.0	0.0	0.0	0.0	0.0	0.0	0.0	0.0	0.0	0.0	0.0	0.0	0.0	0.0	0.0	0.0	0.0	0.0	0.0	0.0	0.0	0.0	0.0	0.0	0.0	0.0	0.0	0.0	0.0	0.0	0.0	20.96	0.0	3.0122460567823346	0.0	3.259783197831978	7.832000000000001	19.08	10.57777777777778	15.425	15.320000000000002	0.0	2.392657919916965	0.0	34.36	0.0	12.68	20.53	0.0	0.0	0.0	0.0	0.0	18.880000000000003	0.0	0.0	2.2321027287319426	0.0	16.360000000000003	2.562050378721156	0.0	2.794053447114305
28.954285714285717	0.0	0.0	25.93241379310345	0.0	26.62794520547945	23.82028571428572	27.01818181818182	12.879474835886215	25.59238095238096	0.0	17.94297872340426	0.0	29.68648648648649	15.862857142857145	30.35333333333333	37.9	0.0	36.5	24.38043956043956	31.69333333333334	0.0	30.2	19.175042735042734	0.0	40.61333333333334	34.596000000000004	24.06211382113821	29.332602739726024	23.008965517241386	0.0	0.0	27.72571428571429	28.541538461538465	12.494808126410836	23.45	20.93642126789366	8.329527225301598	3.0122460567823346	0.0	11.143952483801296	4.746403621595893	7.86187387884642	5.135462327213332	16.668928909952605	5.2182883440244	20.636142131979696	8.08033474654378	3.226980693184461	18.872000000000003	24.17242105263158	20.74158357771261	21.6996	6.218321219053242	16.47965639211723	19.49	16.306730196545566	11.40512319851232	0.0	26.29075117370892	23.101194029850745	12.29698802277636	9.243239212618954	15.569353846153849	21.63065420560748	3.765006148597723	14.668	5.508858522641143
24.11665551839465	27.08	29.38153846153846	23.384928092042188	32.760000000000005	24.276336499321577	20.737547062179125	23.905974025974025	11.071531531531532	22.538859735648057	34.160000000000004	22.80289855072464	28.902222222222225	26.061544050862853	29.0	24.95163636363636	33.905	39.48	32.24	22.14827423167849	26.80674157303371	18.37846153846154	26.373264248704665	17.65492623941959	0.0	32.34461538461539	28.95418181818182	19.78527251561012	25.17060371517028	20.16461429582449	0.0	31.320000000000004	23.320650994575043	23.69646655231561	6.830584585092259	22.497142857142855	15.004685213414636	8.837062146892656	0.0	11.143952483801296	0.0	10.05971346048047	8.738278250544232	5.259121754971915	19.574182509505704	7.741333333333334	27.596666666666664	8.412621326807738	13.581818181818184	12.828888888888889	16.141050410766233	23.796901185770757	19.39509307434385	11.445822784810128	10.55493432891945	15.55826086956522	9.952070242545425	7.66915845164237	0.0	20.848949371389743	18.00742173112339	6.358342541436464	12.576063055240132	5.823793056028025	27.88857142857143	21.24533333333333	11.268325358851676	11.254437000216123
