 0.00000000e+00 0.00000000e+00 2.16000000e-03 1.06666667e-04 0.00000000e+00 1.20000000e-04 1.97466667e-02 1.41333333e-03 6.80000000e-04 3.33333333e-04 9.33333333e-05 0.00000000e+00 0.00000000e+00 4.54666667e-02 0.00000000e+00 0.00000000e+00 7.01333333e-03 4.66666667e-04 1.30666667e-03 1.46666667e-04 5.73333333e-04 1.33333333e-04 6.36000000e-03 1.00000000e-03 0.00000000e+00 1.26666667e-03 2.40000000e-04 1.28000000e-03 4.13333333e-02 1.89333333e-02 0.00000000e+00 9.33333333e-05 0.00000000e+00 1.00000000e-03 0.00000000e+00 0.00000000e+00 0.00000000e+00 0.00000000e+00 0.00000000e+00 0.00000000e+00 0.00000000e+00 0.00000000e+00 0.00000000e+00 0.00000000e+00 0.00000000e+00 0.00000000e+00 0.00000000e+00 0.00000000e+00 0.00000000e+00 0.00000000e+00 6.66666667e-05 0.00000000e+00 0.00000000e+00 0.00000000e+00 0.00000000e+00 0.00000000e+00 0.00000000e+00 0.00000000e+00 0.00000000e+00 0.00000000e+00 0.00000000e+00 2.93333333e-04 1.06666667e-04 1.20000000e-04 0.00000000e+00 0.00000000e+00 0.00000000e+00 0.00000000e+00
 0.00000000e+00 0.00000000e+00 1.84000000e-03 0.00000000e+00 9.33333333e-04 2.93333333e-04 1.06666667e-04 0.00000000e+00 7.66666667e-03 0.00000000e+00 0.00000000e+00 1.06666667e-04 1.78000000e-02 1.86666667e-04 1.37333333e-03 7.46666667e-04 5.72000000e-03 0.00000000e+00 4.30666667e-03 0.00000000e+00 0.00000000e+00 1.74133333e-02 1.89333333e-03 2.01066667e-02 5.24133333e-02 8.22666667e-03 1.14013333e-01 7.86666667e-04 4.13333333e-04 4.00000000e-04 3.86666667e-04 2.00000000e-04 0.00000000e+00 1.54666667e-03 0.00000000e+00 0.00000000e+00 7.60000000e-04 0.00000000e+00 0.00000000e+00 0.00000000e+00 8.00000000e-05 0.00000000e+00 0.00000000e+00 0.00000000e+00 0.00000000e+00 0.00000000e+00 0.00000000e+00 0.00000000e+00 0.00000000e+00 0.00000000e+00 1.25333333e-03 1.73333333e-04 4.80000000e-04 0.00000000e+00 0.00000000e+00 0.00000000e+00 2.13333333e-03 9.33333333e-05 0.00000000e+00 2.29333333e-03 4.65333333e-03 6.66666667e-05 0.00000000e+00 0.00000000e+00 0.00000000e+00 0.00000000e+00 0.00000000e+00 1.86666667e-04
 2.16000000e-03 1.84000000e-03 0.00000000e+00 8.00000000e-05 0.00000000e+00 2.17333333e-03 5.57466667e-02 1.01866667e-02 1.20000000e-04 8.00000000e-04 5.60000000e-04 1.46666667e-04 1.06666667e-04 2.17200000e-02 0.00000000e+00 4.26666667e-04 1.78280000e-01 6.13333333e-04 2.64000000e-03 1.33333333e-04 2.82933333e-02 9.20000000e-04 1.12666667e-01 1.41333333e-03 0.00000000e+00 1.45386667e-01 5.98400000e-02 1.04000000e-02 7.05333333e-03 6.64000000e-03 1.20000000e-04 8.00000000e-05 0.00000000e+00 1.97200000e-02 0.00000000e+00 8.53333333e-04 1.21733333e-02 0.00000000e+00 0.00000000e+00 0.00000000e+00 1.33333333e-04 1.06666667e-04 0.00000000e+00 0.00000000e+00 0.00000000e+00 0.00000000e+00 0.00000000e+00 1.33333333e-04 0.00000000e+00 3.60000000e-04 1.12800000e-02 0.00000000e+00 8.13333333e-04 0.00000000e+00 3.46666667e-04 4.13333333e-04 2.28266667e-02 4.26666667e-04 0.00000000e+00 1.02666667e-03 2.35600000e-02 6.13333333e-04 2.00000000e-04 5.86666667e-04 0.00000000e+00 0.00000000e+00 0.00000000e+00 1.01333333e-03
 1.06666667e-04 0.00000000e+00 8.00000000e-05 0.00000000e+00 8.00000000e-04 1.05866667e-02 9.16000000e-03 1.00000000e-03 1.45600000e-02 7.83866667e-02 1.06666667e-04 4.85333333e-03 0.00000000e+00 1.96000000e-03 2.28000000e-03 0.00000000e+00 1.33333333e-04 8.00000000e-05 0.00000000e+00 9.69333333e-02 0.00000000e+00 0.00000000e+00 0.00000000e+00 5.81733333e-02 0.00000000e+00 1.20000000e-04 1.46666667e-04 9.05600000e-02 2.33333333e-03 0.00000000e+00 0.00000000e+00 2.13333333e-04 0.00000000e+00 1.20000000e-03 0.00000000e+00 0.00000000e+00 0.00000000e+00 4.93333333e-03 1.46666667e-04 1.94666667e-03 2.52000000e-03 1.44000000e-03 2.20000000e-03 7.65333333e-03 6.66666667e-05 1.41333333e-03 0.00000000e+00 5.06666667e-04 1.04000000e-03 0.00000000e+00 0.00000000e+00 8.00000000e-05 0.00000000e+00 3.28000000e-03 0.00000000e+00 0.00000000e+00 0.00000000e+00 2.73333333e-03 0.00000000e+00 6.66666667e-05 1.06666667e-04 9.48000000e-03 5.33333333e-04 0.00000000e+00 0.00000000e+00 8.00000000e-05 0.00000000e+00 5.86666667e-04
 0.00000000e+00 9.33333333e-04 0.00000000e+00 8.00000000e-04 0.00000000e+00 3.40000000e-03 9.33333333e-04 8.40000000e-04 4.04000000e-03 1.69333333e-03 0.00000000e+00 1.14666667e-03 5.86666667e-04 2.66666667e-04 3.83066667e-02 0.00000000e+00 0.00000000e+00 0.00000000e+00 0.00000000e+00 1.04000000e-03 0.00000000e+00 3.06666667e-03 0.00000000e+00 5.86666667e-03 4.93333333e-04 0.00000000e+00 2.17333333e-03 1.64000000e-03 6.53333333e-04 0.00000000e+00 0.00000000e+00 6.26666667e-04 0.00000000e+00 6.80000000e-04 0.00000000e+00 0.00000000e+00 0.00000000e+00 1.20000000e-04 0.00000000e+00 0.00000000e+00 0.00000000e+00 0.00000000e+00 0.00000000e+00 2.93333333e-04 0.00000000e+00 6.66666667e-05 0.00000000e+00 0.00000000e+00 6.66666667e-05 0.00000000e+00 0.00000000e+00 0.00000000e+00 0.00000000e+00 1.73333333e-04 0.00000000e+00 0.00000000e+00 0.00000000e+00 8.00000000e-05 0.00000000e+00 0.00000000e+00 0.00000000e+00 2.40000000e-04 0.00000000e+00 0.00000000e+00 0.00000000e+00 0.00000000e+00 0.00000000e+00 0.00000000e+00
 1.20000000e-04 2.93333333e-04 2.17333333e-03 1.05866667e-02 3.40000000e-03 0.00000000e+00 6.12933333e-02 5.95466667e-02 3.22666667e-03 1.84746667e-01 1.74666667e-03 9.47333333e-02 1.06666667e-03 3.46666667e-03 1.12666667e-02 0.00000000e+00 6.26666667e-04 4.26666667e-04 6.26666667e-04 3.56133333e-02 1.33333333e-04 4.93333333e-04 2.61333333e-03 8.58666667e-03 2.53333333e-04 1.42666667e-03 1.09333333e-03 3.48266667e-02 4.02666667e-03 2.66666667e-04 1.06666667e-04 1.01333333e-03 0.00000000e+00 2.74666667e-03 0.00000000e+00 0.00000000e+00 0.00000000e+00 1.05333333e-03 6.66666667e-05 5.33333333e-04 2.48000000e-03 7.33333333e-04 4.00000000e-04 2.29333333e-03 9.33333333e-05 2.40000000e-04 0.00000000e+00 3.33333333e-04 9.33333333e-05 0.00000000e+00 0.00000000e+00 0.00000000e+00 0.00000000e+00 6.13333333e-04 0.00000000e+00 0.00000000e+00 0.00000000e+00 1.44000000e-03 0.00000000e+00 9.33333333e-05 0.00000000e+00 4.73333333e-03 9.60000000e-04 5.46666667e-04 0.00000000e+00 1.20000000e-04 0.00000000e+00 5.20000000e-04
 1.97466667e-02 1.06666667e-04 5.57466667e-02 9.16000000e-03 9.33333333e-04 6.12933333e-02 0.00000000e+00 1.39853333e-01 8.25333333e-03 1.34933333e-01 8.13333333e-04 7.06666667e-04 3.33333333e-04 1.53066667e-01 1.46666667e-03 1.01333333e-03 1.19733333e-02 5.33333333e-04 8.53333333e-04 1.04000000e-03 2.21200000e-02 2.66666667e-04 8.21066667e-02 5.79066667e-02 9.33333333e-05 1.68133333e-02 1.33466667e-02 5.52160000e-01 1.51866667e-02 3.77333333e-02 9.33333333e-05 3.46666667e-04 1.73333333e-04 5.29333333e-03 0.00000000e+00 0.00000000e+00 2.13333333e-04 5.73333333e-04 0.00000000e+00 3.73333333e-04 1.36000000e-03 6.93333333e-04 1.70666667e-03 1.74666667e-03 6.66666667e-05 2.13333333e-04 0.00000000e+00 5.20000000e-04 9.33333333e-05 2.53333333e-04 3.60000000e-04 6.66666667e-05 1.20000000e-04 4.66666667e-04 2.26666667e-04 0.00000000e+00 4.00000000e-04 1.18666667e-03 0.00000000e+00 2.53333333e-04 5.33333333e-04 6.64000000e-03 1.85333333e-03 1.52000000e-03 0.00000000e+00 8.00000000e-05 0.00000000e+00 1.64000000e-03
 1.41333333e-03 0.00000000e+00 1.01866667e-02 1.00000000e-03 8.40000000e-04 5.95466667e-02 1.39853333e-01 0.00000000e+00 6.93333333e-03 2.96533333e-02 2.96000000e-03 5.50666667e-03 8.80000000e-04 6.20266667e-02 2.46666667e-03 1.46666667e-04 7.44000000e-03 1.12000000e-03 1.78666667e-03 3.74666667e-03 1.52000000e-03 9.33333333e-05 2.13333333e-02 4.77333333e-03 1.06666667e-04 4.57333333e-03 1.53333333e-03 1.06533333e-02 6.25333333e-03 5.86666667e-03 0.00000000e+00 1.18533333e-02 0.00000000e+00 2.93333333e-03 0.00000000e+00 0.00000000e+00 9.33333333e-05 1.86666667e-04 0.00000000e+00 2.26666667e-04 2.44000000e-03 9.20000000e-04 1.02666667e-03 7.06666667e-04 0.00000000e+00 0.00000000e+00 0.00000000e+00 6.00000000e-04 0.00000000e+00 0.00000000e+00 0.00000000e+00 1.20000000e-04 1.33333333e-04 2.00000000e-04 0.00000000e+00 0.00000000e+00 8.00000000e-05 1.88000000e-03 0.00000000e+00 0.00000000e+00 1.06666667e-04 5.90666667e-03 2.13333333e-03 2.01333333e-03 0.00000000e+00 1.60000000e-04 0.00000000e+00 1.00000000e-03
 6.80000000e-04 7.66666667e-03 1.20000000e-04 1.45600000e-02 4.04000000e-03 3.22666667e-03 8.25333333e-03 6.93333333e-03 0.00000000e+00 7.64000000e-03 3.86666667e-04 2.81333333e-03 4.04000000e-03 4.29333333e-03 2.37600000e-02 0.00000000e+00 3.33333333e-04 0.00000000e+00 1.73333333e-04 2.33333333e-03 0.00000000e+00 5.74000000e-02 1.60000000e-04 8.26533333e-02 3.86666667e-03 6.00000000e-04 1.29066667e-02 1.71866667e-02 9.17333333e-03 1.34400000e-02 1.73333333e-04 1.20000000e-03 4.13333333e-04 1.29333333e-03 0.00000000e+00 0.00000000e+00 0.00000000e+00 9.33333333e-04 0.00000000e+00 3.60000000e-04 1.48000000e-03 5.06666667e-04 2.53333333e-04 1.72000000e-03 0.00000000e+00 2.80000000e-04 0.00000000e+00 4.26666667e-04 1.20000000e-04 0.00000000e+00 6.66666667e-05 6.66666667e-05 8.00000000e-05 4.40000000e-04 0.00000000e+00 0.00000000e+00 6.66666667e-05 2.16000000e-03 0.00000000e+00 1.46666667e-04 8.00000000e-05 4.84000000e-03 1.65333333e-03 2.45333333e-03 0.00000000e+00 9.33333333e-05 0.00000000e+00 5.33333333e-04
 3.33333333e-04 0.00000000e+00 8.00000000e-04 7.83866667e-02 1.69333333e-03 1.84746667e-01 1.34933333e-01 2.96533333e-02 7.64000000e-03 0.00000000e+00 2.12000000e-03 3.78000000e-02 5.33333333e-04 1.57866667e-02 1.98666667e-03 0.00000000e+00 4.13333333e-04 9.33333333e-04 1.01333333e-03 7.99466667e-02 1.06666667e-04 0.00000000e+00 5.60000000e-04 1.69200000e-02 9.33333333e-05 1.49333333e-03 1.77333333e-03 1.66733333e-01 1.84400000e-02 2.00000000e-04 9.33333333e-05 1.06666667e-03 6.66666667e-05 1.02000000e-02 0.00000000e+00 0.00000000e+00 0.00000000e+00 3.52000000e-03 1.60000000e-04 1.88000000e-03 4.49333333e-03 2.33333333e-03 1.70666667e-03 7.42666667e-03 8.00000000e-05 1.22666667e-03 0.00000000e+00 8.00000000e-04 6.26666667e-04 0.00000000e+00 0.00000000e+00 8.00000000e-05 8.00000000e-05 2.01333333e-03 0.00000000e+00 0.00000000e+00 0.00000000e+00 2.70666667e-03 0.00000000e+00 1.20000000e-04 1.46666667e-04 1.06666667e-02 1.46666667e-03 4.00000000e-04 0.00000000e+00 1.33333333e-04 0.00000000e+00 1.38666667e-03
 9.33333333e-05 0.00000000e+00 5.60000000e-04 1.06666667e-04 0.00000000e+00 1.74666667e-03 8.13333333e-04 2.96000000e-03 3.86666667e-04 2.12000000e-03 0.00000000e+00 1.41333333e-03 1.47066667e-02 4.98666667e-03 8.00000000e-05 8.00000000e-05 4.26666667e-04 7.18266667e-02 1.31466667e-02 1.06666667e-03 0.00000000e+00 0.00000000e+00 4.00000000e-04 9.60000000e-04 6.26666667e-03 5.14400000e-02 6.66666667e-03 9.06666667e-04 1.91333333e-02 1.60000000e-04 3.62666667e-03 7.04000000e-03 0.00000000e+00 5.88133333e-02 0.00000000e+00 0.00000000e+00 0.00000000e+00 0.00000000e+00 0.00000000e+00 0.00000000e+00 1.46666667e-04 1.20000000e-04 0.00000000e+00 1.73333333e-04 3.12000000e-03 0.00000000e+00 1.38400000e-02 1.20000000e-04 0.00000000e+00 0.00000000e+00 0.00000000e+00 1.73333333e-04 0.00000000e+00 6.66666667e-05 0.00000000e+00 0.00000000e+00 0.00000000e+00 1.06666667e-04 5.60000000e-04 2.10666667e-03 1.01333333e-03 3.33333333e-04 4.13333333e-04 9.33333333e-05 1.82666667e-03 5.46666667e-04 0.00000000e+00 6.80000000e-04
 0.00000000e+00 1.06666667e-04 1.46666667e-04 4.85333333e-03 1.14666667e-03 9.47333333e-02 7.06666667e-04 5.50666667e-03 2.81333333e-03 3.78000000e-02 1.41333333e-03 0.00000000e+00 8.13333333e-04 4.46666667e-03 3.05333333e-03 0.00000000e+00 1.86666667e-04 4.00000000e-04 7.86666667e-04 9.20266667e-02 0.00000000e+00 2.80000000e-04 6.66666667e-05 7.89333333e-03 1.46666667e-04 9.33333333e-04 6.80000000e-04 1.71733333e-02 4.96000000e-03 0.00000000e+00 0.00000000e+00 6.66666667e-04 0.00000000e+00 3.12000000e-03 0.00000000e+00 0.00000000e+00 0.00000000e+00 1.12000000e-03 1.60000000e-04 4.13333333e-04 6.66666667e-04 2.93333333e-04 2.40000000e-04 1.56000000e-03 0.00000000e+00 4.00000000e-04 0.00000000e+00 6.66666667e-05 3.20000000e-04 0.00000000e+00 0.00000000e+00 0.00000000e+00 0.00000000e+00 9.60000000e-04 0.00000000e+00 0.00000000e+00 0.00000000e+00 6.00000000e-04 0.00000000e+00 1.06666667e-04 6.66666667e-05 1.96000000e-03 1.33333333e-04 0.00000000e+00 0.00000000e+00 0.00000000e+00 0.00000000e+00 1.20000000e-04
 0.00000000e+00 1.78000000e-02 1.06666667e-04 0.00000000e+00 5.86666667e-04 1.06666667e-03 3.33333333e-04 8.80000000e-04 4.04000000e-03 5.33333333e-04 1.47066667e-02 8.13333333e-04 0.00000000e+00 7.33333333e-04 6.93333333e-04 2.26666667e-04 4.80000000e-04 0.00000000e+00 3.20000000e-04 3.06666667e-04 0.00000000e+00 7.81333333e-03 2.00000000e-04 7.18666667e-03 8.04400000e-02 7.94666667e-03 6.61866667e-02 4.26666667e-04 1.32000000e-03 1.46666667e-04 1.01333333e-02 2.49333333e-03 0.00000000e+00 3.97333333e-03 0.00000000e+00 0.00000000e+00 0.00000000e+00 0.00000000e+00 0.00000000e+00 6.66666667e-05 1.20000000e-04 1.46666667e-04 0.00000000e+00 1.60000000e-04 1.00800000e-02 0.00000000e+00 3.63600000e-02 3.73333333e-04 0.00000000e+00 0.00000000e+00 8.00000000e-05 4.40000000e-04 1.06666667e-04 0.00000000e+00 0.00000000e+00 0.00000000e+00 0.00000000e+00 0.00000000e+00 1.58666667e-03 6.77333333e-03 2.33333333e-03 9.33333333e-05 1.30666667e-03 0.00000000e+00 5.00000000e-03 1.06666667e-03 0.00000000e+00 1.96000000e-03
 4.54666667e-02 1.86666667e-04 2.17200000e-02 1.96000000e-03 2.66666667e-04 3.46666667e-03 1.53066667e-01 6.20266667e-02 4.29333333e-03 1.57866667e-02 4.98666667e-03 4.46666667e-03 7.33333333e-04 0.00000000e+00 7.06666667e-04 0.00000000e+00 3.23733333e-02 3.44000000e-03 7.90666667e-03 4.86666667e-03 2.80000000e-03 5.20000000e-04 4.74000000e-02 7.74666667e-03 1.60000000e-04 1.03333333e-02 3.56000000e-03 1.56800000e-02 7.14000000e-02 3.42133333e-02 1.60000000e-04 3.12000000e-03 0.00000000e+00 4.36000000e-03 0.00000000e+00 0.00000000e+00 1.86666667e-04 6.66666667e-05 0.00000000e+00 1.46666667e-04 6.93333333e-04 2.80000000e-04 5.06666667e-04 2.80000000e-04 0.00000000e+00 9.33333333e-05 9.33333333e-05 2.13333333e-04 0.00000000e+00 1.33333333e-04 3.20000000e-04 0.00000000e+00 1.33333333e-04 6.66666667e-05 2.26666667e-04 0.00000000e+00 1.86666667e-04 8.66666667e-04 0.00000000e+00 4.93333333e-04 3.73333333e-04 2.60000000e-03 1.00000000e-03 1.36000000e-03 0.00000000e+00 9.33333333e-05 0.00000000e+00 4.80000000e-04
 0.00000000e+00 1.37333333e-03 0.00000000e+00 2.28000000e-03 3.83066667e-02 1.12666667e-02 1.46666667e-03 2.46666667e-03 2.37600000e-02 1.98666667e-03 8.00000000e-05 3.05333333e-03 6.93333333e-04 7.06666667e-04 0.00000000e+00 0.00000000e+00 0.00000000e+00 0.00000000e+00 0.00000000e+00 2.80000000e-03 0.00000000e+00 4.58666667e-03 0.00000000e+00 8.32000000e-03 6.00000000e-04 9.33333333e-05 2.74666667e-03 2.82666667e-03 1.14666667e-03 0.00000000e+00 0.00000000e+00 3.42666667e-03 9.33333333e-05 4.13333333e-04 0.00000000e+00 0.00000000e+00 0.00000000e+00 2.93333333e-04 0.00000000e+00 2.13333333e-04 1.60000000e-04 0.00000000e+00 6.66666667e-05 4.53333333e-04 0.00000000e+00 1.33333333e-04 0.00000000e+00 0.00000000e+00 0.00000000e+00 0.00000000e+00 0.00000000e+00 0.00000000e+00 0.00000000e+00 2.80000000e-04 0.00000000e+00 0.00000000e+00 0.00000000e+00 1.06666667e-04 0.00000000e+00 0.00000000e+00 0.00000000e+00 4.13333333e-04 0.00000000e+00 0.00000000e+00 0.00000000e+00 0.00000000e+00 0.00000000e+00 0.00000000e+00
 0.00000000e+00 7.46666667e-04 4.26666667e-04 0.00000000e+00 0.00000000e+00 0.00000000e+00 1.01333333e-03 1.46666667e-04 0.00000000e+00 0.00000000e+00 8.00000000e-05 0.00000000e+00 2.26666667e-04 0.00000000e+00 0.00000000e+00 0.00000000e+00 8.53333333e-04 0.00000000e+00 1.46666667e-04 0.00000000e+00 4.05200000e-02 7.24400000e-02 1.44026667e-01 3.22266667e-02 9.33333333e-05 1.60000000e-03 6.55066667e-02 1.67466667e-02 3.60000000e-04 2.20000000e-02 1.33333333e-04 0.00000000e+00 0.00000000e+00 3.88000000e-03 0.00000000e+00 0.00000000e+00 7.46666667e-04 0.00000000e+00 0.00000000e+00 0.00000000e+00 1.20000000e-04 0.00000000e+00 0.00000000e+00 0.00000000e+00 0.00000000e+00 0.00000000e+00 0.00000000e+00 0.00000000e+00 0.00000000e+00 2.78533333e-02 3.60000000e-04 1.06666667e-04 9.33333333e-05 0.00000000e+00 1.40800000e-02 7.04000000e-03 3.21866667e-02 4.13333333e-04 0.00000000e+00 2.93333333e-04 4.62666667e-03 6.53333333e-04 1.08000000e-03 7.34666667e-03 0.00000000e+00 0.00000000e+00 9.33333333e-05 9.86666667e-04
 7.01333333e-03 5.72000000e-03 1.78280000e-01 1.33333333e-04 0.00000000e+00 6.26666667e-04 1.19733333e-02 7.44000000e-03 3.33333333e-04 4.13333333e-04 4.26666667e-04 1.86666667e-04 4.80000000e-04 3.23733333e-02 0.00000000e+00 8.53333333e-04 0.00000000e+00 3.14666667e-03 3.79466667e-02 6.66666667e-05 5.54666667e-03 1.81333333e-03 9.28666667e-02 3.32000000e-03 8.00000000e-05 4.08666667e-02 6.36933333e-02 2.76000000e-03 4.58933333e-02 5.17600000e-02 8.00000000e-05 1.06666667e-04 5.60000000e-04 2.78666667e-02 0.00000000e+00 1.33333333e-03 4.93333333e-03 0.00000000e+00 0.00000000e+00 0.00000000e+00 3.33333333e-04 0.00000000e+00 0.00000000e+00 0.00000000e+00 0.00000000e+00 0.00000000e+00 1.46666667e-04 2.13333333e-04 0.00000000e+00 5.60000000e-04 9.97333333e-03 2.13333333e-04 4.21333333e-03 0.00000000e+00 8.00000000e-05 1.20000000e-04 2.86666667e-03 8.00000000e-04 0.00000000e+00 1.01733333e-02 1.83333333e-02 7.60000000e-04 1.33333333e-04 1.33333333e-04 9.33333333e-05 0.00000000e+00 0.00000000e+00 7.06666667e-04
 4.66666667e-04 0.00000000e+00 6.13333333e-04 8.00000000e-05 0.00000000e+00 4.26666667e-04 5.33333333e-04 1.12000000e-03 0.00000000e+00 9.33333333e-04 7.18266667e-02 4.00000000e-04 0.00000000e+00 3.44000000e-03 0.00000000e+00 0.00000000e+00 3.14666667e-03 0.00000000e+00 2.28000000e-02 4.00000000e-04 9.33333333e-05 0.00000000e+00 7.33333333e-04 8.00000000e-05 6.66666667e-05 6.34666667e-03 8.40000000e-04 3.86666667e-04 8.82666667e-03 1.10666667e-03 8.00000000e-05 6.80000000e-04 9.33333333e-05 8.16000000e-03 0.00000000e+00 0.00000000e+00 0.00000000e+00 0.00000000e+00 0.00000000e+00 0.00000000e+00 0.00000000e+00 0.00000000e+00 0.00000000e+00 0.00000000e+00 0.00000000e+00 0.00000000e+00 1.73333333e-04 0.00000000e+00 0.00000000e+00 0.00000000e+00 0.00000000e+00 4.66666667e-04 0.00000000e+00 0.00000000e+00 0.00000000e+00 0.00000000e+00 0.00000000e+00 0.00000000e+00 1.06666667e-04 1.24000000e-03 7.60000000e-04 0.00000000e+00 0.00000000e+00 0.00000000e+00 3.06666667e-04 0.00000000e+00 0.00000000e+00 0.00000000e+00
 1.30666667e-03 4.30666667e-03 2.64000000e-03 0.00000000e+00 0.00000000e+00 6.26666667e-04 8.53333333e-04 1.78666667e-03 1.73333333e-04 1.01333333e-03 1.31466667e-02 7.86666667e-04 3.20000000e-04 7.90666667e-03 0.00000000e+00 1.46666667e-04 3.79466667e-02 2.28000000e-02 0.00000000e+00 4.00000000e-04 2.80000000e-04 0.00000000e+00 2.38666667e-03 3.06666667e-04 9.33333333e-05 3.81466667e-02 1.48533333e-02 4.53333333e-04 1.74666667e-02 4.77333333e-03 1.20000000e-04 4.40000000e-04 3.60000000e-04 4.30800000e-02 0.00000000e+00 1.66666667e-03 2.26666667e-04 0.00000000e+00 0.00000000e+00 0.00000000e+00 8.00000000e-05 0.00000000e+00 0.00000000e+00 1.06666667e-04 0.00000000e+00 6.66666667e-05 2.00000000e-04 0.00000000e+00 0.00000000e+00 9.33333333e-05 1.00000000e-03 1.85333333e-03 5.05333333e-03 0.00000000e+00 0.00000000e+00 0.00000000e+00 0.00000000e+00 9.33333333e-05 5.46666667e-04 1.69200000e-02 1.05866667e-02 2.40000000e-04 0.00000000e+00 0.00000000e+00 1.46666667e-04 0.00000000e+00 0.00000000e+00 3.46666667e-04
 1.46666667e-04 0.00000000e+00 1.33333333e-04 9.69333333e-02 1.04000000e-03 3.56133333e-02 1.04000000e-03 3.74666667e-03 2.33333333e-03 7.99466667e-02 1.06666667e-03 9.20266667e-02 3.06666667e-04 4.86666667e-03 2.80000000e-03 0.00000000e+00 6.66666667e-05 4.00000000e-04 4.00000000e-04 0.00000000e+00 0.00000000e+00 0.00000000e+00 0.00000000e+00 4.68000000e-03 8.00000000e-05 6.13333333e-04 5.20000000e-04 7.83066667e-02 5.01333333e-03 0.00000000e+00 0.00000000e+00 5.33333333e-04 0.00000000e+00 2.60000000e-03 0.00000000e+00 0.00000000e+00 0.00000000e+00 2.18666667e-03 0.00000000e+00 8.53333333e-04 2.41333333e-03 6.93333333e-04 5.60000000e-04 3.85333333e-03 0.00000000e+00 8.00000000e-04 0.00000000e+00 3.20000000e-04 3.86666667e-04 0.00000000e+00 0.00000000e+00 8.00000000e-05 0.00000000e+00 1.18666667e-03 0.00000000e+00 0.00000000e+00 0.00000000e+00 1.56000000e-03 0.00000000e+00 0.00000000e+00 8.00000000e-05 4.80000000e-03 6.00000000e-04 2.26666667e-04 0.00000000e+00 1.20000000e-04 0.00000000e+00 3.20000000e-04
 5.73333333e-04 0.00000000e+00 2.82933333e-02 0.00000000e+00 0.00000000e+00 1.33333333e-04 2.21200000e-02 1.52000000e-03 0.00000000e+00 1.06666667e-04 0.00000000e+00 0.00000000e+00 0.00000000e+00 2.80000000e-03 0.00000000e+00 4.05200000e-02 5.54666667e-03 9.33333333e-05 2.80000000e-04 0.00000000e+00 0.00000000e+00 9.52000000e-03 3.58826667e-01 3.06666667e-04 0.00000000e+00 1.12000000e-03 6.40000000e-03 2.21066667e-02 2.44000000e-03 1.17200000e-01 0.00000000e+00 0.00000000e+00 1.60000000e-04 2.95733333e-02 0.00000000e+00 0.00000000e+00 8.00000000e-05 0.00000000e+00 0.00000000e+00 0.00000000e+00 0.00000000e+00 0.00000000e+00 0.00000000e+00 0.00000000e+00 0.00000000e+00 0.00000000e+00 0.00000000e+00 8.00000000e-05 0.00000000e+00 1.21066667e-02 1.33333333e-04 0.00000000e+00 0.00000000e+00 0.00000000e+00 1.12000000e-02 2.94666667e-03 1.05200000e-02 8.13333333e-04 0.00000000e+00 0.00000000e+00 5.46666667e-04 1.81333333e-03 1.80000000e-03 1.19333333e-02 0.00000000e+00 0.00000000e+00 6.66666667e-05 7.60000000e-04
 1.33333333e-04 1.74133333e-02 9.20000000e-04 0.00000000e+00 3.06666667e-03 4.93333333e-04 2.66666667e-04 9.33333333e-05 5.74000000e-02 0.00000000e+00 0.00000000e+00 2.80000000e-04 7.81333333e-03 5.20000000e-04 4.58666667e-03 7.24400000e-02 1.81333333e-03 0.00000000e+00 0.00000000e+00 0.00000000e+00 9.52000000e-03 0.00000000e+00 3.05466667e-02 9.04000000e-02 8.10666667e-03 1.38666667e-03 4.72400000e-02 7.05333333e-03 5.21333333e-03 2.32666667e-02 4.00000000e-04 5.73333333e-04 8.26666667e-04 4.09333333e-03 0.00000000e+00 0.00000000e+00 5.20000000e-04 0.00000000e+00 0.00000000e+00 0.00000000e+00 0.00000000e+00 0.00000000e+00 0.00000000e+00 0.00000000e+00 0.00000000e+00 0.00000000e+00 0.00000000e+00 9.33333333e-05 0.00000000e+00 4.04000000e-03 2.00000000e-04 8.00000000e-05 6.66666667e-05 0.00000000e+00 4.17333333e-03 1.06666667e-04 5.88000000e-03 1.04000000e-03 0.00000000e+00 2.93333333e-04 2.84000000e-03 7.33333333e-04 1.48000000e-03 7.92000000e-03 0.00000000e+00 0.00000000e+00 0.00000000e+00 4.13333333e-04
 6.36000000e-03 1.89333333e-03 1.12666667e-01 0.00000000e+00 0.00000000e+00 2.61333333e-03 8.21066667e-02 2.13333333e-02 1.60000000e-04 5.60000000e-04 4.00000000e-04 6.66666667e-05 2.00000000e-04 4.74000000e-02 0.00000000e+00 1.44026667e-01 9.28666667e-02 7.33333333e-04 2.38666667e-03 0.00000000e+00 3.58826667e-01 3.05466667e-02 0.00000000e+00 8.42666667e-03 0.00000000e+00 1.36266667e-02 2.28600000e-01 6.89866667e-02 1.77200000e-02 1.30320000e-01 0.00000000e+00 1.06666667e-04 1.46666667e-04 4.64133333e-02 0.00000000e+00 4.93333333e-04 1.39066667e-02 0.00000000e+00 0.00000000e+00 0.00000000e+00 2.80000000e-04 9.33333333e-05 8.00000000e-05 0.00000000e+00 0.00000000e+00 0.00000000e+00 0.00000000e+00 8.00000000e-05 0.00000000e+00 2.75333333e-02 2.85333333e-03 0.00000000e+00 2.26666667e-04 0.00000000e+00 1.06533333e-02 4.29333333e-03 7.61600000e-02 8.80000000e-04 0.00000000e+00 3.20000000e-04 3.29466667e-02 7.33333333e-04 2.00000000e-04 1.65333333e-03 0.00000000e+00 0.00000000e+00 0.00000000e+00 1.24000000e-03
 1.00000000e-03 2.01066667e-02 1.41333333e-03 5.81733333e-02 5.86666667e-03 8.58666667e-03 5.79066667e-02 4.77333333e-03 8.26533333e-02 1.69200000e-02 9.60000000e-04 7.89333333e-03 7.18666667e-03 7.74666667e-03 8.32000000e-03 3.22266667e-02 3.32000000e-03 8.00000000e-05 3.06666667e-04 4.68000000e-03 3.06666667e-04 9.04000000e-02 8.42666667e-03 0.00000000e+00 7.78666667e-03 9.58666667e-03 1.05880000e-01 7.56133333e-02 2.56666667e-02 1.72133333e-02 1.32000000e-03 1.09333333e-03 2.76000000e-03 6.96000000e-03 1.20000000e-04 1.20000000e-04 7.86666667e-04 3.09333333e-03 9.33333333e-05 1.72000000e-03 6.06666667e-03 2.81333333e-03 6.09333333e-03 7.00000000e-03 2.93333333e-04 7.20000000e-04 2.80000000e-04 1.54666667e-03 4.00000000e-04 9.33333333e-04 1.14666667e-03 3.60000000e-04 3.73333333e-04 2.06666667e-03 1.32000000e-03 3.06666667e-04 9.86666667e-04 5.85333333e-03 6.66666667e-05 1.30666667e-03 1.70666667e-03 2.35466667e-02 8.02666667e-03 9.56000000e-03 8.00000000e-05 3.20000000e-04 8.00000000e-05 3.58666667e-03
 0.00000000e+00 5.24133333e-02 0.00000000e+00 0.00000000e+00 4.93333333e-04 2.53333333e-04 9.33333333e-05 1.06666667e-04 3.86666667e-03 9.33333333e-05 6.26666667e-03 1.46666667e-04 8.04400000e-02 1.60000000e-04 6.00000000e-04 9.33333333e-05 8.00000000e-05 6.66666667e-05 9.33333333e-05 8.00000000e-05 0.00000000e+00 8.10666667e-03 0.00000000e+00 7.78666667e-03 0.00000000e+00 8.73333333e-03 2.46266667e-02 2.00000000e-04 1.05333333e-03 9.33333333e-05 8.18666667e-03 5.46666667e-04 0.00000000e+00 1.28000000e-03 0.00000000e+00 0.00000000e+00 0.00000000e+00 0.00000000e+00 0.00000000e+00 0.00000000e+00 0.00000000e+00 0.00000000e+00 0.00000000e+00 0.00000000e+00 2.40000000e-04 0.00000000e+00 1.44000000e-03 0.00000000e+00 0.00000000e+00 0.00000000e+00 0.00000000e+00 5.86666667e-04 1.20000000e-04 0.00000000e+00 0.00000000e+00 0.00000000e+00 0.00000000e+00 0.00000000e+00 9.33333333e-05 4.69333333e-03 2.34666667e-03 0.00000000e+00 0.00000000e+00 0.00000000e+00 7.86666667e-04 0.00000000e+00 0.00000000e+00 8.00000000e-05
 1.26666667e-03 8.22666667e-03 1.45386667e-01 1.20000000e-04 0.00000000e+00 1.42666667e-03 1.68133333e-02 4.57333333e-03 6.00000000e-04 1.49333333e-03 5.14400000e-02 9.33333333e-04 7.94666667e-03 1.03333333e-02 9.33333333e-05 1.60000000e-03 4.08666667e-02 6.34666667e-03 3.81466667e-02 6.13333333e-04 1.12000000e-03 1.38666667e-03 1.36266667e-02 9.58666667e-03 8.73333333e-03 0.00000000e+00 7.17066667e-02 4.72000000e-03 1.24533333e-02 2.12000000e-03 1.92000000e-03 7.73333333e-04 1.60000000e-04 1.95066667e-02 0.00000000e+00 4.68000000e-03 1.52000000e-03 0.00000000e+00 0.00000000e+00 0.00000000e+00 2.80000000e-04 0.00000000e+00 1.60000000e-04 2.13333333e-04 3.28000000e-03 6.66666667e-05 1.24666667e-02 3.86666667e-04 0.00000000e+00 3.06666667e-04 5.97333333e-03 1.51866667e-02 1.71866667e-02 1.60000000e-04 0.00000000e+00 0.00000000e+00 3.46666667e-04 1.17333333e-03 6.20000000e-03 8.46000000e-02 5.88000000e-02 6.26666667e-04 1.86666667e-04 2.66666667e-04 8.56000000e-03 0.00000000e+00 0.00000000e+00 1.12000000e-03
 2.40000000e-04 1.14013333e-01 5.98400000e-02 1.46666667e-04 2.17333333e-03 1.09333333e-03 1.33466667e-02 1.53333333e-03 1.29066667e-02 1.77333333e-03 6.66666667e-03 6.80000000e-04 6.61866667e-02 3.56000000e-03 2.74666667e-03 6.55066667e-02 6.36933333e-02 8.40000000e-04 1.48533333e-02 5.20000000e-04 6.40000000e-03 4.72400000e-02 2.28600000e-01 1.05880000e-01 2.46266667e-02 7.17066667e-02 0.00000000e+00 5.62933333e-02 5.68000000e-03 1.12000000e-03 5.74666667e-03 7.33333333e-04 9.33333333e-05 3.90666667e-02 0.00000000e+00 6.22666667e-03 2.42133333e-02 0.00000000e+00 0.00000000e+00 0.00000000e+00 6.80000000e-04 2.13333333e-04 1.33333333e-04 1.46666667e-04 3.53333333e-03 8.00000000e-05 1.10400000e-02 4.93333333e-04 0.00000000e+00 4.90666667e-03 2.42800000e-02 9.54666667e-03 1.08933333e-02 9.33333333e-05 1.81333333e-03 1.96000000e-03 4.26400000e-02 1.93333333e-03 3.78666667e-03 6.54800000e-02 8.10266667e-02 1.09333333e-03 3.33333333e-04 3.33333333e-04 6.42666667e-03 0.00000000e+00 0.00000000e+00 2.64000000e-03
 1.28000000e-03 7.86666667e-04 1.04000000e-02 9.05600000e-02 1.64000000e-03 3.48266667e-02 5.52160000e-01 1.06533333e-02 1.71866667e-02 1.66733333e-01 9.06666667e-04 1.71733333e-02 4.26666667e-04 1.56800000e-02 2.82666667e-03 1.67466667e-02 2.76000000e-03 3.86666667e-04 4.53333333e-04 7.83066667e-02 2.21066667e-02 7.05333333e-03 6.89866667e-02 7.56133333e-02 2.00000000e-04 4.72000000e-03 5.62933333e-02 0.00000000e+00 4.20800000e-02 7.78666667e-02 9.33333333e-05 6.13333333e-04 7.13333333e-03 2.11066667e-02 2.00000000e-04 0.00000000e+00 6.00000000e-04 2.98666667e-03 0.00000000e+00 1.94666667e-03 5.98666667e-03 2.72000000e-03 3.66666667e-03 6.76000000e-03 2.26666667e-04 1.10666667e-03 1.06666667e-04 2.25333333e-03 4.40000000e-04 7.86666667e-04 8.13333333e-04 1.46666667e-04 4.26666667e-04 2.46666667e-03 2.69333333e-03 2.40000000e-04 1.85333333e-03 5.68000000e-03 0.00000000e+00 5.46666667e-04 1.04000000e-03 2.28133333e-02 1.17466667e-02 1.69733333e-02 0.00000000e+00 2.80000000e-04 2.80000000e-04 4.34666667e-03
 4.13333333e-02 4.13333333e-04 7.05333333e-03 2.33333333e-03 6.53333333e-04 4.02666667e-03 1.51866667e-02 6.25333333e-03 9.17333333e-03 1.84400000e-02 1.91333333e-02 4.96000000e-03 1.32000000e-03 7.14000000e-02 1.14666667e-03 3.60000000e-04 4.58933333e-02 8.82666667e-03 1.74666667e-02 5.01333333e-03 2.44000000e-03 5.21333333e-03 1.77200000e-02 2.56666667e-02 1.05333333e-03 1.24533333e-02 5.68000000e-03 4.20800000e-02 0.00000000e+00 4.52266667e-02 2.26666667e-04 3.49333333e-03 9.06533333e-02 2.81066667e-02 0.00000000e+00 8.00000000e-05 2.53333333e-04 8.00000000e-05 0.00000000e+00 2.53333333e-04 1.04000000e-03 2.93333333e-04 1.00000000e-03 3.60000000e-04 1.73333333e-04 8.00000000e-05 2.80000000e-04 4.26666667e-04 0.00000000e+00 2.40000000e-04 4.13333333e-04 0.00000000e+00 2.80000000e-04 8.00000000e-05 1.22666667e-03 2.40000000e-04 1.86666667e-04 1.61333333e-03 6.66666667e-05 1.09333333e-03 6.80000000e-04 6.05333333e-03 2.02666667e-03 4.74666667e-03 0.00000000e+00 1.73333333e-04 0.00000000e+00 1.14666667e-03
 1.89333333e-02 4.00000000e-04 6.64000000e-03 0.00000000e+00 0.00000000e+00 2.66666667e-04 3.77333333e-02 5.86666667e-03 1.34400000e-02 2.00000000e-04 1.60000000e-04 0.00000000e+00 1.46666667e-04 3.42133333e-02 0.00000000e+00 2.20000000e-02 5.17600000e-02 1.10666667e-03 4.77333333e-03 0.00000000e+00 1.17200000e-01 2.32666667e-02 1.30320000e-01 1.72133333e-02 9.33333333e-05 2.12000000e-03 1.12000000e-03 7.78666667e-02 4.52266667e-02 0.00000000e+00 0.00000000e+00 0.00000000e+00 3.60000000e-03 1.37333333e-02 0.00000000e+00 0.00000000e+00 9.33333333e-05 0.00000000e+00 0.00000000e+00 0.00000000e+00 8.00000000e-05 0.00000000e+00 1.85333333e-03 0.00000000e+00 0.00000000e+00 0.00000000e+00 0.00000000e+00 3.46666667e-04 0.00000000e+00 5.56000000e-03 1.06666667e-04 0.00000000e+00 1.86666667e-04 0.00000000e+00 9.66666667e-03 3.10666667e-03 2.41333333e-03 1.90666667e-03 0.00000000e+00 2.93333333e-04 1.60000000e-04 1.07200000e-02 3.68000000e-03 1.80000000e-02 0.00000000e+00 0.00000000e+00 1.73333333e-04 2.16000000e-03
 0.00000000e+00 3.86666667e-04 1.20000000e-04 0.00000000e+00 0.00000000e+00 1.06666667e-04 9.33333333e-05 0.00000000e+00 1.73333333e-04 9.33333333e-05 3.62666667e-03 0.00000000e+00 1.01333333e-02 1.60000000e-04 0.00000000e+00 1.33333333e-04 8.00000000e-05 8.00000000e-05 1.20000000e-04 0.00000000e+00 0.00000000e+00 4.00000000e-04 0.00000000e+00 1.32000000e-03 8.18666667e-03 1.92000000e-03 5.74666667e-03 9.33333333e-05 2.26666667e-04 0.00000000e+00 0.00000000e+00 0.00000000e+00 0.00000000e+00 2.26666667e-04 0.00000000e+00 0.00000000e+00 0.00000000e+00 0.00000000e+00 0.00000000e+00 0.00000000e+00 0.00000000e+00 0.00000000e+00 0.00000000e+00 0.00000000e+00 1.12000000e-03 0.00000000e+00 5.18666667e-03 0.00000000e+00 0.00000000e+00 0.00000000e+00 0.00000000e+00 2.66666667e-04 0.00000000e+00 0.00000000e+00 0.00000000e+00 0.00000000e+00 0.00000000e+00 8.00000000e-05 5.86666667e-04 3.64000000e-03 1.97333333e-03 0.00000000e+00 0.00000000e+00 0.00000000e+00 2.50666667e-03 0.00000000e+00 0.00000000e+00 0.00000000e+00
 9.33333333e-05 2.00000000e-04 8.00000000e-05 2.13333333e-04 6.26666667e-04 1.01333333e-03 3.46666667e-04 1.18533333e-02 1.20000000e-03 1.06666667e-03 7.04000000e-03 6.66666667e-04 2.49333333e-03 3.12000000e-03 3.42666667e-03 0.00000000e+00 1.06666667e-04 6.80000000e-04 4.40000000e-04 5.33333333e-04 0.00000000e+00 5.73333333e-04 1.06666667e-04 1.09333333e-03 5.46666667e-04 7.73333333e-04 7.33333333e-04 6.13333333e-04 3.49333333e-03 0.00000000e+00 0.00000000e+00 0.00000000e+00 0.00000000e+00 6.54266667e-02 0.00000000e+00 0.00000000e+00 0.00000000e+00 1.33333333e-04 0.00000000e+00 9.33333333e-05 0.00000000e+00 8.00000000e-05 0.00000000e+00 2.13333333e-04 0.00000000e+00 9.33333333e-05 1.33333333e-04 0.00000000e+00 0.00000000e+00 0.00000000e+00 0.00000000e+00 0.00000000e+00 0.00000000e+00 1.20000000e-04 0.00000000e+00 0.00000000e+00 0.00000000e+00 0.00000000e+00 0.00000000e+00 0.00000000e+00 0.00000000e+00 2.13333333e-04 9.33333333e-05 0.00000000e+00 0.00000000e+00 6.66666667e-05 0.00000000e+00 0.00000000e+00
 0.00000000e+00 0.00000000e+00 0.00000000e+00 0.00000000e+00 0.00000000e+00 0.00000000e+00 1.73333333e-04 0.00000000e+00 4.13333333e-04 6.66666667e-05 0.00000000e+00 0.00000000e+00 0.00000000e+00 0.00000000e+00 9.33333333e-05 0.00000000e+00 5.60000000e-04 9.33333333e-05 3.60000000e-04 0.00000000e+00 1.60000000e-04 8.26666667e-04 1.46666667e-04 2.76000000e-03 0.00000000e+00 1.60000000e-04 9.33333333e-05 7.13333333e-03 9.06533333e-02 3.60000000e-03 0.00000000e+00 0.00000000e+00 0.00000000e+00 4.32000000e-03 0.00000000e+00 0.00000000e+00 0.00000000e+00 0.00000000e+00 0.00000000e+00 0.00000000e+00 0.00000000e+00 0.00000000e+00 9.33333333e-05 0.00000000e+00 0.00000000e+00 0.00000000e+00 0.00000000e+00 0.00000000e+00 0.00000000e+00 0.00000000e+00 0.00000000e+00 0.00000000e+00 0.00000000e+00 0.00000000e+00 2.13333333e-04 0.00000000e+00 0.00000000e+00 0.00000000e+00 0.00000000e+00 0.00000000e+00 0.00000000e+00 1.86666667e-04 0.00000000e+00 2.66666667e-04 0.00000000e+00 0.00000000e+00 0.00000000e+00 0.00000000e+00
 1.00000000e-03 1.54666667e-03 1.97200000e-02 1.20000000e-03 6.80000000e-04 2.74666667e-03 5.29333333e-03 2.93333333e-03 1.29333333e-03 1.02000000e-02 5.88133333e-02 3.12000000e-03 3.97333333e-03 4.36000000e-03 4.13333333e-04 3.88000000e-03 2.78666667e-02 8.16000000e-03 4.30800000e-02 2.60000000e-03 2.95733333e-02 4.09333333e-03 4.64133333e-02 6.96000000e-03 1.28000000e-03 1.95066667e-02 3.90666667e-02 2.11066667e-02 2.81066667e-02 1.37333333e-02 2.26666667e-04 6.54266667e-02 4.32000000e-03 0.00000000e+00 0.00000000e+00 9.33333333e-05 1.14666667e-03 0.00000000e+00 0.00000000e+00 6.66666667e-05 7.73333333e-04 3.06666667e-04 1.46666667e-04 3.06666667e-04 2.00000000e-04 8.00000000e-05 2.00000000e-04 2.66666667e-04 0.00000000e+00 9.86666667e-04 1.61333333e-03 2.13333333e-04 6.00000000e-04 6.66666667e-05 3.46666667e-04 3.73333333e-04 3.46666667e-03 4.93333333e-04 1.06666667e-04 1.78666667e-03 4.01333333e-03 1.77333333e-03 9.46666667e-04 1.18666667e-03 0.00000000e+00 1.86666667e-04 0.00000000e+00 5.06666667e-04
 0.00000000e+00 0.00000000e+00 0.00000000e+00 0.00000000e+00 0.00000000e+00 0.00000000e+00 0.00000000e+00 0.00000000e+00 0.00000000e+00 0.00000000e+00 0.00000000e+00 0.00000000e+00 0.00000000e+00 0.00000000e+00 0.00000000e+00 0.00000000e+00 0.00000000e+00 0.00000000e+00 0.00000000e+00 0.00000000e+00 0.00000000e+00 0.00000000e+00 0.00000000e+00 1.20000000e-04 0.00000000e+00 0.00000000e+00 0.00000000e+00 2.00000000e-04 0.00000000e+00 0.00000000e+00 0.00000000e+00 0.00000000e+00 0.00000000e+00 0.00000000e+00 0.00000000e+00 0.00000000e+00 1.65333333e-03 1.06666667e-04 0.00000000e+00 0.00000000e+00 3.65866667e-02 4.18666667e-03 2.66666667e-04 1.20000000e-04 1.60000000e-04 0.00000000e+00 0.00000000e+00 4.36000000e-02 0.00000000e+00 0.00000000e+00 3.93333333e-03 7.20000000e-04 4.41333333e-03 0.00000000e+00 6.26666667e-04 0.00000000e+00 6.41333333e-03 1.73333333e-04 0.00000000e+00 1.08000000e-02 2.93333333e-04 1.41333333e-03 1.36266667e-02 3.97733333e-02 0.00000000e+00 1.06666667e-04 0.00000000e+00 9.33333333e-04
 0.00000000e+00 0.00000000e+00 8.53333333e-04 0.00000000e+00 0.00000000e+00 0.00000000e+00 0.00000000e+00 0.00000000e+00 0.00000000e+00 0.00000000e+00 0.00000000e+00 0.00000000e+00 0.00000000e+00 0.00000000e+00 0.00000000e+00 0.00000000e+00 1.33333333e-03 0.00000000e+00 1.66666667e-03 0.00000000e+00 0.00000000e+00 0.00000000e+00 4.93333333e-04 1.20000000e-04 0.00000000e+00 4.68000000e-03 6.22666667e-03 0.00000000e+00 8.00000000e-05 0.00000000e+00 0.00000000e+00 0.00000000e+00 0.00000000e+00 9.33333333e-05 0.00000000e+00 0.00000000e+00 1.56000000e-03 0.00000000e+00 8.00000000e-04 4.93333333e-04 8.00000000e-05 0.00000000e+00 6.26666667e-03 1.33333333e-04 0.00000000e+00 2.26666667e-04 1.58666667e-02 1.20000000e-04 1.34666667e-03 6.53333333e-04 3.06666667e-03 3.06666667e-04 4.17333333e-03 9.33333333e-05 1.73333333e-04 1.59600000e-02 3.18666667e-03 2.24800000e-02 2.84400000e-02 9.98666667e-03 4.70666667e-02 3.06666667e-04 0.00000000e+00 0.00000000e+00 0.00000000e+00 0.00000000e+00 0.00000000e+00 4.26666667e-04
 0.00000000e+00 7.60000000e-04 1.21733333e-02 0.00000000e+00 0.00000000e+00 0.00000000e+00 2.13333333e-04 9.33333333e-05 0.00000000e+00 0.00000000e+00 0.00000000e+00 0.00000000e+00 0.00000000e+00 1.86666667e-04 0.00000000e+00 7.46666667e-04 4.93333333e-03 0.00000000e+00 2.26666667e-04 0.00000000e+00 8.00000000e-05 5.20000000e-04 1.39066667e-02 7.86666667e-04 0.00000000e+00 1.52000000e-03 2.42133333e-02 6.00000000e-04 2.53333333e-04 9.33333333e-05 0.00000000e+00 0.00000000e+00 0.00000000e+00 1.14666667e-03 1.65333333e-03 1.56000000e-03 0.00000000e+00 6.66666667e-05 0.00000000e+00 2.93333333e-04 3.38133333e-02 1.71200000e-02 0.00000000e+00 1.20000000e-03 2.80000000e-04 1.73333333e-04 2.00000000e-04 2.49466667e-02 0.00000000e+00 3.06666667e-04 1.23626667e-01 3.86666667e-04 6.00000000e-03 1.86666667e-04 9.56000000e-03 6.53333333e-04 2.29786667e-01 1.21333333e-03 0.00000000e+00 7.55466667e-02 4.42266667e-02 3.86666667e-03 3.33333333e-03 4.33333333e-03 0.00000000e+00 1.20000000e-04 0.00000000e+00 1.06133333e-02
 0.00000000e+00 0.00000000e+00 0.00000000e+00 4.93333333e-03 1.20000000e-04 1.05333333e-03 5.73333333e-04 1.86666667e-04 9.33333333e-04 3.52000000e-03 0.00000000e+00 1.12000000e-03 0.00000000e+00 6.66666667e-05 2.93333333e-04 0.00000000e+00 0.00000000e+00 0.00000000e+00 0.00000000e+00 2.18666667e-03 0.00000000e+00 0.00000000e+00 0.00000000e+00 3.09333333e-03 0.00000000e+00 0.00000000e+00 0.00000000e+00 2.98666667e-03 8.00000000e-05 0.00000000e+00 0.00000000e+00 1.33333333e-04 0.00000000e+00 0.00000000e+00 1.06666667e-04 0.00000000e+00 6.66666667e-05 0.00000000e+00 6.66666667e-04 1.58266667e-02 3.70666667e-03 3.86666667e-03 1.12000000e-02 5.61866667e-02 3.06666667e-04 1.86133333e-02 2.53333333e-04 2.96000000e-03 2.16000000e-03 0.00000000e+00 0.00000000e+00 3.20000000e-04 1.60000000e-04 6.88933333e-02 0.00000000e+00 0.00000000e+00 0.00000000e+00 5.34400000e-02 0.00000000e+00 1.73333333e-04 4.40000000e-04 8.22933333e-02 4.10666667e-03 0.00000000e+00 0.00000000e+00 4.26666667e-04 0.00000000e+00 2.42666667e-03
 0.00000000e+00 0.00000000e+00 0.00000000e+00 1.46666667e-04 0.00000000e+00 6.66666667e-05 0.00000000e+00 0.00000000e+00 0.00000000e+00 1.60000000e-04 0.00000000e+00 1.60000000e-04 0.00000000e+00 0.00000000e+00 0.00000000e+00 0.00000000e+00 0.00000000e+00 0.00000000e+00 0.00000000e+00 0.00000000e+00 0.00000000e+00 0.00000000e+00 0.00000000e+00 9.33333333e-05 0.00000000e+00 0.00000000e+00 0.00000000e+00 0.00000000e+00 0.00000000e+00 0.00000000e+00 0.00000000e+00 0.00000000e+00 0.00000000e+00 0.00000000e+00 0.00000000e+00 8.00000000e-04 0.00000000e+00 6.66666667e-04 0.00000000e+00 3.06666667e-04 3.33333333e-04 3.20000000e-04 3.04000000e-03 6.26666667e-04 0.00000000e+00 3.06666667e-04 7.20000000e-04 9.33333333e-05 4.57333333e-02 0.00000000e+00 0.00000000e+00 0.00000000e+00 0.00000000e+00 2.93333333e-04 0.00000000e+00 1.33333333e-03 0.00000000e+00 1.06666667e-03 4.53333333e-04 8.00000000e-05 6.13333333e-04 7.86666667e-04 2.80000000e-04 0.00000000e+00 0.00000000e+00 9.46666667e-04 0.00000000e+00 2.54666667e-03
