0.0	21.77908256880734	16.16473152056543	13.665666327568667	10.592000000000002	8.938400441257585	6.481340305196885	8.591869254341166	12.283477440653986	12.576826238996745	18.82975129047396	11.67752029981262	21.73103448275862	3.6511200987112695	17.287536231884058	17.905454545454546	17.216324624142462	24.39579375848033	20.4894267885648	13.008971830985915	11.418014486578612	13.766709677419357	13.572098009188364	12.27591836734694	19.48	21.80458768414517	21.93698591549296	12.407004434887783	3.4724608716590417	5.977355439787294	20.64	12.1296	7.523999999999999	10.703379835129995	25.822727272727278	23.89666666666667	0.0	29.48	0.0	0.0	24.094	29.89846153846154	14.887042253521129	29.856	0.0	0.0	0.0	29.93526315789474	0.0	20.06	33.040000000000006	0.0	32.65176470588235	0.0	23.59636363636364	17.533333333333335	29.375	21.433916349809888	29.440000000000005	31.184444444444445	35.085	23.52502617801047	28.36595041322314	24.220645161290324	0.0	39.040000000000006	26.28	26.862
21.77908256880734	0.0	8.057286447678234	0.0	0.0	24.84266666666667	21.560754716981133	25.35083969465649	12.362712842712842	26.4	8.979240097008892	19.21542857142857	6.141856684062626	23.71379679144385	19.654017971758662	10.732444444444443	9.842928559697816	10.947628865979382	8.747668643812204	24.84	17.22731707317073	4.844732030829897	11.234363327674023	12.120711146624052	3.661897931125872	7.700856157944218	4.85081634337598	17.825	20.27187165775401	19.23665454545455	9.890947368421052	33.68	19.825	9.57140798952194	22.891428571428573	2.022047619047619	8.659220139553975	27.78	0.0	25.20800000000001	21.75510204081633	25.495652173913047	21.72	27.052413793103447	10.431304347826089	29.955	11.57846153846154	24.79555555555556	0.0	15.008	10.757151335311573	11.515531135531136	9.365095333481714	32.56666666666667	18.1125	13.222068965517243	12.087085714285717	25.1375	4.591515151515152	8.9696406238228	7.151715152195889	28.075	25.512727272727275	19.67058823529412	15.24	34.56	0.0	11.01678638941399
16.16473152056543	8.057286447678234	0.0	22.252873563218397	28.82	21.162617631151974	16.319454324365406	20.117385611859653	19.40563528637261	19.75150925024343	17.966601941747573	25.487453416149076	27.8	18.37758858169478	24.69489655172414	14.14456140350877	5.93462229203094	12.2307748074309	10.158191489361702	22.216143497757848	10.013064406360206	8.238861985472155	5.682148229106924	19.437898597231136	11.963934426229509	7.402094638107239	6.795876245910955	17.050673505798397	18.33506712696586	10.464392165444798	29.06	30.128571428571423	16.0336	10.494309484193012	33.42526315789474	9.504735632183907	16.127397260273973	35.373333333333335	0.0	37.32000000000001	31.773000000000003	36.135609756097566	22.91058823529412	33.973333333333336	0.0	0.0	0.0	37.79547169811321	0.0	31.4	19.734222222222225	23.433333333333337	21.163018867924528	0.0	24.96	19.7	23.29636363636364	28.78577663671373	22.12	21.119259259259263	18.187486033519555	31.1883870967742	36.69931034482759	30.273333333333333	0.0	25.2	35.264	23.444597701149423
13.665666327568667	0.0	22.252873563218397	0.0	25.520000000000003	10.726855144272808	6.968309747177612	14.9216815075585	9.993909076608464	6.41902367425188	27.46	6.732166301969366	29.133333333333336	16.501188387893762	13.511711711711712	14.546666666666669	27.88228571428571	31.586666666666662	29.688888888888886	3.033486643437864	16.636461126005365	0.0	19.09656210790464	5.109620128656582	0.0	27.894680851063832	22.12773722627737	4.0307207052493	16.757851993915747	17.375999999999998	0.0	24.182	14.497043010752687	14.921225561715788	23.322222222222223	0.0	35.720000000000006	25.374963325183376	0.0	24.71503649635037	21.99460595446585	25.628457711442785	12.449224137931036	25.02705882352941	39.0	24.6	42.52	28.535529411764703	29.92	0.0	49.24	0.0	0.0	25.810943396226417	0.0	0.0	27.428000000000004	20.06749354005168	0.0	43.02	29.0	25.103047619047626	27.98133333333333	23.32	0.0	37.74	28.25	28.19578947368421
10.592000000000002	0.0	28.82	25.520000000000003	0.0	2.8635438386600582	21.426666666666662	5.279490291262137	22.228571428571428	20.11013698630137	14.447272727272727	19.18	11.9	11.70089552238806	2.3973829978972665	0.0	0.0	0.0	20.43	20.962222222222223	0.0	0.0	30.72000000000001	22.845714285714287	0.0	25.26	19.96	24.434285714285718	3.15	0.0	18.96	2.4783087532088386	0.0	2.827315691390235	0.0	0.0	0.0	0.0	0.0	0.0	0.0	0.0	0.0	0.0	0.0	0.0	0.0	0.0	0.0	0.0	0.0	0.0	0.0	0.0	0.0	0.0	0.0	32.28	0.0	0.0	0.0	41.16	0.0	0.0	0.0	0.0	0.0	0.0
8.938400441257585	24.84266666666667	21.162617631151974	10.726855144272808	2.8635438386600582	0.0	8.81079594036953	5.210350578154513	12.585713793697265	5.389117358463781	16.125464788732394	5.3600845180959285	20.995961165048545	10.530823749041572	2.996804316248185	18.21	25.435487179487183	22.46314049586777	23.292915662650604	6.166007358880014	16.584232767578804	18.360000000000003	19.26101421800948	10.56820027935962	21.239024390243905	23.91553153153153	23.086855277475514	11.468151382823873	8.473722376115727	15.629200000000004	22.72679245283019	4.332173330491185	16.858604651162793	7.028399669870344	27.237538461538463	0.0	31.96	28.13872340425532	0.0	27.274166666666662	24.33171102661597	28.956404494382024	15.123877917414722	28.09396363636364	41.064	29.76	44.56	30.81621951219513	0.0	27.6	0.0	37.16	30.83	28.505128205128205	25.28	0.0	29.28058823529412	22.30588360918313	26.880000000000003	33.220000000000006	31.74333333333334	25.13529411764706	29.975560859188544	26.96	0.0	36.88	28.723809523809525	28.89850746268657
6.481340305196885	21.560754716981133	16.319454324365406	6.968309747177612	21.426666666666662	8.81079594036953	0.0	9.087144930795494	8.668336767119461	4.584623509124874	24.645714285714284	12.283333333333331	30.67	6.68409433452689	13.071460674157304	12.10249547920434	20.531416037046064	25.511914893617025	23.04251841929002	7.12985536665821	9.814092165584082	13.752093023255814	13.245558771188726	7.782252832776839	27.30857142857143	22.10796520625433	18.27527511883832	6.778910401267529	11.899116166839022	5.076844615812696	28.96	20.300202020202025	10.657677902621725	14.167739575713242	22.34947368421053	22.79636363636364	26.69333333333333	24.76	0.0	23.01777777777778	20.1121686746988	24.96342857142857	11.272398190045248	23.374883720930235	37.16	0.0	0.0	26.122365591397845	0.0	22.56	0.0	0.0	33.553333333333335	27.031111111111112	0.0	0.0	25.244102564102565	18.0699739447629	0.0	36.057142857142864	31.96235294117647	20.7018675721562	25.427962382445138	22.306666666666665	0.0	33.480000000000004	24.724444444444444	24.863030303030307
8.591869254341166	25.35083969465649	20.117385611859653	14.9216815075585	5.279490291262137	5.210350578154513	9.087144930795494	0.0	13.98613782726452	9.465950117091303	18.977433516251587	12.94627118644068	18.83119047619048	4.397964858151076	8.059173184357542	18.94666666666667	21.186585186995845	27.970773333333334	24.51926598340654	12.26862620453055	16.5746338028169	18.552871287128717	17.998838263542066	13.739222017553365	20.713432835820896	25.11695419463583	24.971885569780305	14.471159983907736	7.124191141377104	11.87094391513604	21.192727272727275	6.330183342063909	17.68	6.058991365091686	28.310537634408604	28.206	35.38	29.298823529411766	0.0	29.324	25.943468208092487	30.90845070422536	17.228944099378886	29.83529411764706	44.3	0.0	50.32000000000001	32.00477366255144	0.0	24.72	35.08	36.61	36.24972972972974	29.440000000000005	27.31272727272728	34.760000000000005	32.31142857142858	24.23778264040846	25.826666666666664	34.59612903225807	33.57052631578948	26.289891135303264	30.695172413793102	26.917058823529413	0.0	38.77333333333333	29.776	28.94139534883721
12.283477440653986	12.362712842712842	19.40563528637261	9.993909076608464	22.228571428571428	12.585713793697265	8.668336767119461	13.98613782726452	0.0	11.094363950951628	25.41159420289855	3.2883868883421563	20.94733182161753	14.231457266484062	3.127928386074296	5.9028125000000005	19.55139442231076	26.019310344827584	23.71454545454545	9.951727912431588	14.045916666666669	4.310293782973001	16.3992348565356	4.08719884467905	18.2154738330976	24.93100552486188	16.715455229495866	8.645851356665357	12.552172988302022	9.768030657313588	28.410000000000004	23.443137254901963	11.691261653200746	10.946213281710294	13.32033195020747	15.28	17.389333333333333	14.738589458054935	0.0	14.93223529411765	11.373064066852368	16.806153846153848	2.1747978367241823	15.419568345323745	29.7	16.860000000000003	34.84	17.20732142857143	16.32	7.991211340206187	22.45	27.08	24.37	15.1070938215103	10.92345580933466	2.156118741692512	13.905571847507332	9.015314882506528	24.520000000000003	28.356	17.96923076923077	10.569783777599817	15.380067275348392	10.907957941339236	34.28	25.640000000000004	14.593972602739726	12.75897247706422
12.576826238996745	26.4	19.75150925024343	6.41902367425188	20.11013698630137	5.389117358463781	4.584623509124874	9.465950117091303	11.094363950951628	0.0	24.329338731444	4.700969472153993	29.73732283464567	15.148554827300671	14.693436807095344	14.405185185185186	24.67975855130785	28.876363636363635	25.663629343629346	3.439937062937063	13.78450793650794	20.10666666666667	16.597763468754344	7.832314431862896	29.57904761904762	25.455174277222376	22.42487516425756	7.221409292943717	16.589472090124197	12.98846625766871	30.99	19.97957894736842	14.60530817610063	15.10128732981994	24.539851851851857	27.6	33.56	26.734222222222225	0.0	26.11423076923077	22.694770063119925	26.77968970380818	13.733320818471938	26.45962154294032	40.13090909090909	27.4	44.76666666666667	28.97021276595745	0.0	25.08	32.1	0.0	37.73333333333333	26.934774774774773	27.32	23.44	26.6775	20.047992400253328	0.0	41.620000000000005	31.563809523809528	24.532652439024396	27.746550000000003	24.756666666666668	46.29333333333334	36.52666666666666	26.868	28.112179487179485
18.82975129047396	8.979240097008892	17.966601941747573	27.46	14.447272727272727	16.125464788732394	24.645714285714284	18.977433516251587	25.41159420289855	24.329338731444	0.0	23.111428571428576	4.471610667842187	18.778359720439312	29.304	19.06384615384616	7.352081949058693	3.4506589126795317	3.6111678916381273	25.018544061302684	18.279522862823065	14.87579529737206	16.844575880998764	25.48788321167883	3.751908912287773	4.806324684951816	8.132424744079191	24.812035398230087	16.487763927753754	14.439765166340509	6.292617647058824	14.919058823529417	16.089954751131224	4.6454988524716985	0.0	10.545714285714286	20.360000000000003	0.0	0.0	0.0	0.0	50.8	34.220000000000006	0.0	15.120689655172416	38.28	14.502105263157896	0.0	0.0	0.0	0.0	17.50267281105991	17.28526315789474	0.0	0.0	16.160000000000004	26.216	42.28	6.436995305164319	16.266602870813397	15.4	40.16	50.52	0.0	16.545806451612904	0.0	0.0	21.493333333333336
11.67752029981262	19.21542857142857	25.487453416149076	6.732166301969366	19.18	5.3600845180959285	12.283333333333331	12.94627118644068	3.2883868883421563	4.700969472153993	23.111428571428576	0.0	28.27435294117647	15.942432501490504	3.5839337070436263	14.7	31.936	28.05238095238096	26.846666666666664	2.999116519113868	19.36105263157895	12.680188014101056	22.796504854368933	4.636703539823008	25.74169491525424	28.93771084337349	29.2417665615142	11.7910875331565	16.50797978250881	15.50666666666667	29.81454545454546	18.150379746835444	16.46333333333333	14.86466507003411	15.64	0.0	0.0	18.467954545454543	0.0	17.55744680851064	17.924705882352942	18.213866666666668	5.732103475307029	19.067234042553192	0.0	12.0	0.0	24.416	0.0	0.0	0.0	41.120000000000005	40.32000000000001	18.65571884984025	0.0	0.0	19.56	12.448595041322315	0.0	37.52	38.760000000000005	18.601764705882356	24.145454545454548	0.0	0.0	29.040000000000003	0.0	24.386666666666667
21.73103448275862	6.141856684062626	27.8	29.133333333333336	11.9	20.995961165048545	30.67	18.83119047619048	20.94733182161753	29.73732283464567	4.471610667842187	28.27435294117647	0.0	18.901754385964917	29.4816	20.364	17.21846153846154	8.119600231749711	9.218692390139337	31.383589743589745	25.880000000000003	14.582501463414635	29.528	21.55705982905983	4.203351788240049	4.665679735803144	4.582733104353975	27.564444444444444	15.074649681528664	28.133333333333336	3.144609022556391	15.896842105263158	0.0	9.585326273398463	0.0	9.765555555555556	0.0	0.0	0.0	0.0	0.0	0.0	36.36	0.0	13.422608695652176	0.0	12.960424194815396	0.0	0.0	0.0	0.0	15.187259953161591	15.117538461538462	35.8	0.0	20.68	42.56	0.0	4.653935607880827	14.453122756640344	14.7964200477327	0.0	0.0	0.0	15.52187134502924	0.0	0.0	19.64
3.6511200987112695	23.71379679144385	18.37758858169478	16.501188387893762	11.70089552238806	10.530823749041572	6.68409433452689	4.397964858151076	14.231457266484062	15.148554827300671	18.778359720439312	15.942432501490504	18.901754385964917	0.0	19.67840909090909	21.008333333333336	19.48895874263261	26.564054957296698	22.96233193794632	16.570888044431456	14.714749950583116	15.634150943396229	15.78937942263135	14.266516687877171	19.5115	23.669332863656827	23.625223274695536	14.685601033069451	4.03719757982332	9.79525539005645	20.01859154929577	3.1014181818181816	10.290666666666668	8.561936332544068	28.33904761904762	25.056	32.992000000000004	33.724000000000004	0.0	31.18	27.15326315789473	32.63074074074074	17.778121546961327	30.249411764705883	38.29333333333334	47.9	0.0	32.02146341463415	0.0	23.796	33.986666666666665	32.63384615384616	34.62142857142858	35.86666666666667	25.36190476190476	18.666666666666668	31.981	23.85381578947369	22.82	32.775	31.527692307692316	25.752879377431903	30.951414141414148	26.401875	50.56	0.0	31.734285714285715	29.10869565217392
17.287536231884058	19.654017971758662	24.69489655172414	13.511711711711712	2.3973829978972665	2.996804316248185	13.071460674157304	8.059173184357542	3.127928386074296	14.693436807095344	29.304	3.5839337070436263	29.4816	19.67840909090909	0.0	14.76	28.45	32.28	29.160000000000004	8.671127012522362	19.3275	13.018312173263627	21.171818181818185	6.769500640204866	25.779016393442625	30.513725490196084	24.534	13.741754385964914	19.84463768115942	14.987042253521128	0.0	6.838451612903226	18.064761904761905	18.957866666666668	32.0	0.0	0.0	18.547234042553196	0.0	18.288	15.920000000000002	21.636923076923075	6.069276595744681	19.62622950819672	0.0	0.0	0.0	26.56	0.0	0.0	0.0	0.0	0.0	19.203076923076924	0.0	0.0	0.0	12.44875	0.0	0.0	36.48	19.4925	0.0	0.0	0.0	0.0	0.0	0.0
17.905454545454546	10.732444444444443	14.14456140350877	14.546666666666669	0.0	18.21	12.10249547920434	18.94666666666667	5.9028125000000005	14.405185185185186	19.06384615384616	14.7	20.364	21.008333333333336	14.76	0.0	17.017734806629836	23.504	18.948101265822785	15.60666666666667	5.374774624870005	4.349402169919914	3.765357120993485	4.670938495466798	17.26	21.275148741418768	4.60962584129452	4.136391468005018	13.852682926829267	12.113599057529944	0.0	0.0	10.546666666666669	11.023943366544312	0.0	0.0	14.88	0.0	0.0	0.0	25.56	35.040000000000006	0.0	26.22	0.0	0.0	0.0	0.0	0.0	15.139350180505414	18.92	0.0	0.0	0.0	17.89488372093023	7.80146572104019	14.950938511326862	18.274074074074075	0.0	34.28	13.796587030716726	18.083333333333336	23.8	18.3	0.0	0.0	0.0	18.575
17.216324624142462	9.842928559697816	5.93462229203094	27.88228571428571	0.0	25.435487179487183	20.531416037046064	21.186585186995845	19.55139442231076	24.67975855130785	7.352081949058693	31.936	17.21846153846154	19.48895874263261	28.45	17.017734806629836	0.0	9.084736842105263	3.1993266491546115	28.814000000000004	9.119866310160427	12.048668975754577	8.845640006117144	22.12802807017544	11.194666666666668	4.67513338523952	11.065871052295751	18.438522954091816	14.525351893401714	11.096117709625954	30.9	28.50588235294118	13.571444759206802	5.844811303665238	28.440000000000005	11.739060982191043	19.756626506024094	0.0	0.0	33.980000000000004	33.160000000000004	37.986666666666665	22.32	44.24	20.860000000000003	0.0	26.8	35.24	0.0	27.02888888888889	21.51207207207208	21.97	19.752238805970148	40.28	32.040000000000006	15.984000000000004	22.246666666666663	28.606857142857145	11.24	18.993244444444446	18.2935873015873	30.928000000000004	31.691428571428577	31.68	0.0	0.0	34.760000000000005	22.79764705882353
24.39579375848033	10.947628865979382	12.2307748074309	31.586666666666662	0.0	22.46314049586777	25.511914893617025	27.970773333333334	26.019310344827584	28.876363636363635	3.4506589126795317	28.05238095238096	8.119600231749711	26.564054957296698	32.28	23.504	9.084736842105263	0.0	3.99489250131096	29.940000000000005	22.209174311926606	17.29932584269663	18.37490788852149	27.88184615384616	7.958559024570479	6.47873257399182	8.554844391440957	27.040952380952383	21.411627906976747	19.05874213836478	8.434888888888889	30.044444444444444	20.30625	11.498080279232113	30.76	11.725970149253731	24.6	0.0	0.0	33.416000000000004	0.0	0.0	35.120000000000005	39.26285714285714	16.454758269720106	38.21714285714286	16.11992141453831	30.96	0.0	0.0	35.620000000000005	18.04118081180812	17.765868725868728	41.42	0.0	23.4	0.0	37.84	10.155063398140324	17.041060015588464	17.19293146917259	0.0	35.160000000000004	29.12	17.769684210526314	0.0	0.0	21.946285714285715
20.4894267885648	8.747668643812204	10.158191489361702	29.688888888888886	20.43	23.292915662650604	23.04251841929002	24.51926598340654	23.71454545454545	25.663629343629346	3.6111678916381273	26.846666666666664	9.218692390139337	22.96233193794632	29.160000000000004	18.948101265822785	3.1993266491546115	3.99489250131096	0.0	28.327272727272724	18.1189378238342	16.286108007448792	15.333532541956613	25.6816348773842	7.62248730964467	5.652853021709368	9.261199144230371	23.528862973760933	17.52149410222805	14.716366928183463	10.025882352941178	29.49090909090909	15.790427350427354	7.922623935903857	35.74	10.68886393088553	23.525714285714287	0.0	0.0	31.1	36.968	40.02666666666666	31.235000000000003	41.03	17.110243902439027	39.46666666666667	18.852	35.01818181818182	0.0	24.68	21.936666666666667	19.512289855072463	18.67278507256393	41.024	30.640000000000004	21.14	34.964444444444446	35.47571428571429	10.569262086513996	17.47046035046035	16.87331069609508	37.87076923076923	42.49333333333333	32.36	18.160000000000004	0.0	0.0	22.649761904761903
13.008971830985915	24.84	22.216143497757848	3.033486643437864	20.962222222222223	6.166007358880014	7.12985536665821	12.26862620453055	9.951727912431588	3.439937062937063	25.018544061302684	2.999116519113868	31.383589743589745	16.570888044431456	8.671127012522362	15.60666666666667	28.814000000000004	29.940000000000005	28.327272727272724	0.0	15.90924623115578	17.8	18.418536585365853	4.58270179685318	30.773333333333333	28.89441295546559	26.801338912133893	4.07510631117111	16.69355843789652	16.6048	32.535000000000004	21.14646153846154	14.09349514563107	15.194141152403684	25.343333333333337	0.0	31.68	25.736380952380948	0.0	26.38526315789474	22.571591836734694	26.380961538461538	12.878168316831683	25.94388059701493	41.25	27.488000000000007	43.92	29.073962264150943	28.56	22.880000000000003	0.0	0.0	42.5	25.95555555555556	0.0	0.0	28.096	20.50123595505618	0.0	41.1	36.86	25.34877697841727	28.0464	23.706666666666667	0.0	0.0	26.25	28.17375
11.418014486578612	17.22731707317073	10.013064406360206	16.636461126005365	0.0	16.584232767578804	9.814092165584082	16.5746338028169	14.045916666666669	13.78450793650794	18.279522862823065	19.36105263157895	25.880000000000003	14.714749950583116	19.3275	5.374774624870005	9.119866310160427	22.209174311926606	18.1189378238342	15.90924623115578	0.0	9.016196553924695	5.232475215466742	12.522923050438974	0.0	17.71414309484193	11.579809092379874	6.530543224012432	15.8040081799591	7.212559745766882	0.0	27.57333333333333	12.743333333333334	8.059796575031854	29.890000000000004	14.88	20.462857142857143	0.0	0.0	0.0	26.063529411764712	32.04571428571428	17.04727272727273	0.0	0.0	0.0	0.0	32.316	0.0	17.925	23.360000000000003	0.0	32.720000000000006	30.56	23.44	11.424666666666669	20.95714285714286	23.04305084745763	0.0	28.733333333333334	21.017142857142854	25.695714285714285	31.94117647058824	25.12	0.0	0.0	0.0	28.37333333333333
13.766709677419357	4.844732030829897	8.238861985472155	0.0	0.0	18.360000000000003	13.752093023255814	18.552871287128717	4.310293782973001	20.10666666666667	14.87579529737206	12.680188014101056	14.582501463414635	15.634150943396229	13.018312173263627	4.349402169919914	12.048668975754577	17.29932584269663	16.286108007448792	17.8	9.016196553924695	0.0	8.9040745961184	4.000703971552822	11.186638683680322	15.746660641662904	5.212165894047944	6.962314860225601	11.710727272727272	9.932853200883002	16.96761904761905	24.880000000000003	9.96	10.138235919234855	19.952	1.9915294117647064	8.43120028159099	22.360000000000003	0.0	24.96	19.3841975308642	23.49168539325843	13.44	21.55454545454545	24.1	25.68	0.0	22.32086956521739	0.0	8.153740856844305	11.277471264367817	39.32000000000001	16.52888888888889	28.6	11.571040221914007	2.2030288150923893	9.657269894036984	11.545368421052633	14.48	16.98857142857143	6.24760316658245	11.393608815426996	17.580000000000002	13.612571428571428	0.0	0.0	0.0	12.33952
13.572098009188364	11.234363327674023	5.682148229106924	19.09656210790464	30.72000000000001	19.26101421800948	13.245558771188726	17.998838263542066	16.3992348565356	16.597763468754344	16.844575880998764	22.796504854368933	29.528	15.78937942263135	21.171818181818185	3.765357120993485	8.845640006117144	18.37490788852149	15.333532541956613	18.418536585365853	5.232475215466742	8.9040745961184	0.0	12.531889132020424	19.625	13.27867697032245	9.279885196901583	7.894081485472708	16.662902621722846	8.161040697538512	0.0	29.8	14.26888888888889	9.432191508116514	30.482857142857146	10.379909502262445	17.33709543568465	0.0	0.0	0.0	28.142222222222223	33.29076923076923	19.19	30.586666666666662	32.52	0.0	0.0	33.696585365853664	0.0	17.48714285714286	21.48358208955224	0.0	28.02909090909091	34.88	23.613333333333337	11.169502538071066	19.311617076326	25.35034482758621	0.0	27.936	18.24950819672131	27.940000000000005	33.08975609756098	26.18	0.0	26.02	28.68	21.781935483870967
12.27591836734694	12.120711146624052	19.437898597231136	5.109620128656582	22.845714285714287	10.56820027935962	7.782252832776839	13.739222017553365	4.08719884467905	7.832314431862896	25.48788321167883	4.636703539823008	21.55705982905983	14.266516687877171	6.769500640204866	4.670938495466798	22.12802807017544	27.88184615384616	25.6816348773842	4.58270179685318	12.522923050438974	4.000703971552822	12.531889132020424	0.0	18.41527192008879	25.062584410170903	12.204050253573076	3.8269694211033034	13.084847531398308	10.506934087762597	29.87	23.676250000000003	11.87422831546084	11.477338685570311	19.523826086956525	0.0	24.874285714285715	19.341002117148907	0.0	19.230526315789472	16.751704450041984	20.28401146131805	6.749476699770819	19.599165797705943	33.856	21.5775	38.08	23.72337448559671	0.0	15.191489361702128	29.76	43.24	35.99	19.96712568306011	17.161690140845074	9.237333333333334	21.905789473684216	15.195566226490596	0.0	37.28	26.25939393939394	17.8815184944841	22.23031578947369	17.408627450980394	0.0	32.91428571428572	21.21481481481481	20.01142857142857
19.48	3.661897931125872	11.963934426229509	0.0	0.0	21.239024390243905	27.30857142857143	20.713432835820896	18.2154738330976	29.57904761904762	3.751908912287773	25.74169491525424	4.203351788240049	19.5115	25.779016393442625	17.26	11.194666666666668	7.958559024570479	7.62248730964467	30.773333333333333	0.0	11.186638683680322	19.625	18.41527192008879	0.0	6.757282924150914	4.7799209310095225	25.19692307692308	16.491612903225807	25.458571428571428	7.619773279352226	0.0	0.0	10.963549117247624	0.0	7.18962962962963	0.0	0.0	0.0	0.0	0.0	0.0	39.4	0.0	5.266243805748266	26.52	6.77473076923077	24.04	0.0	0.0	0.0	10.353561643835617	9.820119760479042	32.64	0.0	19.133333333333333	0.0	43.32000000000001	2.051661166116612	9.14451923076923	8.482682926829268	0.0	0.0	0.0	9.246315789473686	0.0	0.0	12.56
21.80458768414517	7.700856157944218	7.402094638107239	27.894680851063832	25.26	23.91553153153153	22.10796520625433	25.11695419463583	24.93100552486188	25.455174277222376	4.806324684951816	28.93771084337349	4.665679735803144	23.669332863656827	30.513725490196084	21.275148741418768	4.67513338523952	6.47873257399182	5.652853021709368	28.89441295546559	17.71414309484193	15.746660641662904	13.27867697032245	25.062584410170903	6.757282924150914	0.0	7.264675783482147	24.1811432325887	20.215092768791628	16.943524079320117	2.680092525111696	26.872903225806454	20.09977777777778	10.73910931174089	35.378461538461536	9.430022172949004	28.133333333333336	43.720000000000006	0.0	31.202105263157897	37.18117647058824	39.74947368421053	30.188085106382974	39.72756756756757	15.87857239057239	38.10857142857143	15.357645714285717	37.43	0.0	38.74	23.21111111111112	17.5896633122127	17.065342893914323	40.03176470588235	27.860000000000003	22.25090909090909	40.68333333333334	34.50857142857143	9.181919844861024	16.176391474767275	16.384886025165645	37.49463414634147	40.0576	31.835	17.09041825095057	0.0	41.38	21.296855895196508
21.93698591549296	4.85081634337598	6.795876245910955	22.12773722627737	19.96	23.086855277475514	18.27527511883832	24.971885569780305	16.715455229495866	22.42487516425756	8.132424744079191	29.2417665615142	4.582733104353975	23.625223274695536	24.534	4.60962584129452	11.065871052295751	8.554844391440957	9.261199144230371	26.801338912133893	11.579809092379874	5.212165894047944	9.279885196901583	12.204050253573076	4.7799209310095225	7.264675783482147	0.0	13.27993703541758	21.28539888268157	17.0619734904271	5.664417944349802	28.03090909090909	20.062857142857144	10.433765682018604	31.360000000000003	8.11816513761468	15.488395061728395	40.58	0.0	28.78857142857143	29.640000000000004	34.492000000000004	28.196666666666665	39.24285714285715	14.795048859934852	37.15636363636364	15.324936042136946	30.71666666666667	0.0	15.75875	19.06823529411765	16.29139364303179	16.50463157894737	38.470000000000006	28.72	6.936856368563686	14.85192488262911	32.260000000000005	8.408392857142857	15.078538102643856	14.696764252696456	33.6775	26.24	26.632	16.51968253968254	23.360000000000003	0.0	19.76703448275862
12.407004434887783	17.825	17.050673505798397	4.0307207052493	24.434285714285718	11.468151382823873	6.778910401267529	14.471159983907736	8.645851356665357	7.221409292943717	24.812035398230087	11.7910875331565	27.564444444444444	14.685601033069451	13.741754385964914	4.136391468005018	18.438522954091816	27.040952380952383	23.528862973760933	4.07510631117111	6.530543224012432	6.962314860225601	7.894081485472708	3.8269694211033034	25.19692307692308	24.1811432325887	13.27993703541758	0.0	15.009206014052204	8.6782692735468	36.440000000000005	24.391724137931032	12.978528642047106	11.789100477297762	23.36813559322034	23.880000000000003	32.660000000000004	25.773506493506492	0.0	26.066315789473684	22.126188679245285	26.0632	12.611013916500996	25.144796380090497	42.34666666666667	27.8	37.760000000000005	26.959384615384614	0.0	17.09527638190955	0.0	34.68	0.0	25.990649350649356	20.602718446601944	11.36530120481928	25.563809523809525	18.840114942528736	0.0	40.2	34.43636363636364	21.075239567233385	25.356451612903225	21.129315068493156	0.0	0.0	26.01333333333334	24.35322580645161
3.4724608716590417	20.27187165775401	18.33506712696586	16.757851993915747	3.15	8.473722376115727	11.899116166839022	7.124191141377104	12.552172988302022	16.589472090124197	16.487763927753754	16.50797978250881	15.074649681528664	4.03719757982332	19.84463768115942	13.852682926829267	14.525351893401714	21.411627906976747	17.52149410222805	16.69355843789652	15.8040081799591	11.710727272727272	16.662902621722846	13.084847531398308	16.491612903225807	20.215092768791628	21.28539888268157	15.009206014052204	0.0	6.463638884267731	16.997333333333337	2.5578905942542307	2.816758266256776	5.958717107733908	26.73719457013575	23.53428571428572	35.50666666666667	32.220000000000006	0.0	34.98909090909091	27.12409836065574	32.0472	15.62400835073069	34.0944	41.4	0.0	43.84	30.831758034026468	0.0	21.594210526315788	0.0	24.28	33.298	33.28571428571429	23.774693877551023	16.763333333333332	29.96820512820513	22.28188593155894	0.0	31.33806451612904	32.516000000000005	24.098340847610466	29.229205607476636	25.041339712918663	0.0	36.120000000000005	28.58857142857143	28.358320209973755
5.977355439787294	19.23665454545455	10.464392165444798	17.375999999999998	0.0	15.629200000000004	5.076844615812696	11.87094391513604	9.768030657313588	12.98846625766871	14.439765166340509	15.50666666666667	28.133333333333336	9.79525539005645	14.987042253521128	12.113599057529944	11.096117709625954	19.05874213836478	14.716366928183463	16.6048	7.212559745766882	9.932853200883002	8.161040697538512	10.506934087762597	25.458571428571428	16.943524079320117	17.0619734904271	8.6782692735468	6.463638884267731	0.0	0.0	19.32521739130435	7.244933333333334	4.86927105525741	24.255308641975308	21.975	29.92	0.0	0.0	32.832	23.21619047619048	28.53866666666667	12.699729729729729	29.340000000000003	39.05	0.0	46.32000000000001	27.721237113402065	0.0	19.04745432399513	0.0	0.0	27.2	0.0	22.544041720990872	13.33233082706767	23.380000000000003	19.77776697455842	0.0	28.4	27.421935483870964	21.478957945664312	25.130399032648125	22.53935483870968	0.0	32.760000000000005	25.35586206896552	24.82581560283688
20.64	9.890947368421052	29.06	0.0	18.96	22.72679245283019	28.96	21.192727272727275	28.410000000000004	30.99	6.292617647058824	29.81454545454546	3.144609022556391	20.01859154929577	0.0	0.0	30.9	8.434888888888889	10.025882352941178	32.535000000000004	0.0	16.96761904761905	0.0	29.87	7.619773279352226	2.680092525111696	5.664417944349802	36.440000000000005	16.997333333333337	0.0	0.0	17.94666666666667	0.0	12.31292954264524	0.0	13.28	0.0	0.0	0.0	0.0	0.0	0.0	0.0	0.0	16.637777777777778	0.0	16.313282442748093	0.0	0.0	0.0	0.0	17.976	0.0	0.0	0.0	0.0	0.0	0.0	10.178666666666668	17.26181818181818	17.147058823529413	0.0	0.0	0.0	17.810000000000002	0.0	0.0	0.0
12.1296	33.68	30.128571428571423	24.182	2.4783087532088386	4.332173330491185	20.300202020202025	6.330183342063909	23.443137254901963	19.97957894736842	14.919058823529417	18.150379746835444	15.896842105263158	3.1014181818181816	6.838451612903226	0.0	28.50588235294118	30.044444444444444	29.49090909090909	21.14646153846154	27.57333333333333	24.880000000000003	29.8	23.676250000000003	0.0	26.872903225806454	28.03090909090909	24.391724137931032	2.5578905942542307	19.32521739130435	17.94666666666667	0.0	0.0	2.696359442098165	35.36	0.0	0.0	39.92	0.0	0.0	0.0	41.78	26.6	0.0	0.0	0.0	0.0	40.720000000000006	0.0	0.0	0.0	0.0	0.0	0.0	0.0	0.0	0.0	33.24666666666667	0.0	0.0	0.0	35.145	40.17777777777778	0.0	0.0	0.0	0.0	38.440000000000005
7.523999999999999	19.825	16.0336	14.497043010752687	0.0	16.858604651162793	10.657677902621725	17.68	11.691261653200746	14.60530817610063	16.089954751131224	16.46333333333333	0.0	10.290666666666668	18.064761904761905	10.546666666666669	13.571444759206802	20.30625	15.790427350427354	14.09349514563107	12.743333333333334	9.96	14.26888888888889	11.87422831546084	0.0	20.09977777777778	20.062857142857144	12.978528642047106	2.816758266256776	7.244933333333334	0.0	0.0	0.0	4.753170201196303	25.10866666666667	0.0	0.0	29.880000000000003	0.0	28.824	23.864489795918367	31.10322580645161	14.115261324041814	26.24	39.88	0.0	0.0	28.90145251396648	0.0	20.791724137931038	0.0	0.0	0.0	0.0	21.97142857142857	13.86	28.054285714285715	20.94743889479277	0.0	0.0	38.464000000000006	22.85211970074813	27.040982456140352	23.862162162162164	0.0	40.120000000000005	27.72	26.877052631578948
10.703379835129995	9.57140798952194	10.494309484193012	14.921225561715788	2.827315691390235	7.028399669870344	14.167739575713242	6.058991365091686	10.946213281710294	15.10128732981994	4.6454988524716985	14.86466507003411	9.585326273398463	8.561936332544068	18.957866666666668	11.023943366544312	5.844811303665238	11.498080279232113	7.922623935903857	15.194141152403684	8.059796575031854	10.138235919234855	9.432191508116514	11.477338685570311	10.963549117247624	10.73910931174089	10.433765682018604	11.789100477297762	5.958717107733908	4.86927105525741	12.31292954264524	2.696359442098165	4.753170201196303	0.0	24.626712802768168	11.392903225806451	18.296326530612248	31.261538461538464	0.0	31.15428571428572	25.948196721311472	30.35977528089888	13.399805668016196	33.616470588235295	25.67636363636364	41.92	21.712	28.073467202141902	0.0	17.22703296703297	20.06117647058824	22.59537688442212	20.289885496183206	36.869090909090914	20.757365269461083	11.820645161290322	21.319058823529414	19.851252944475604	14.91578947368421	18.8835864978903	18.9407299270073	21.60204902576996	25.966394187102637	22.42072463768116	0.0	0.0	25.669743589743597	27.550899470899477
25.822727272727278	22.891428571428573	33.42526315789474	23.322222222222223	0.0	27.237538461538463	22.34947368421053	28.310537634408604	13.32033195020747	24.539851851851857	0.0	15.64	0.0	28.33904761904762	32.0	0.0	28.440000000000005	30.76	35.74	25.343333333333337	29.890000000000004	19.952	30.482857142857146	19.523826086956525	0.0	35.378461538461536	31.360000000000003	23.36813559322034	26.73719457013575	24.255308641975308	0.0	35.36	25.10866666666667	24.626712802768168	0.0	20.37757575757576	16.39440677966102	13.957649006622518	15.0	14.098223938223938	5.768746304609658	9.55161204013378	10.816988082340195	12.997035321366534	17.505849246231158	13.736629213483146	21.769230769230774	4.2552333659608	16.59619047619048	13.425	15.490555381236272	22.66361359570662	16.990092136275983	13.72440445586975	9.10249742002064	13.674976744186049	14.183450942484294	10.745513396871068	27.124	21.202590286425902	21.33506871463218	12.142693906429646	2.939626543159543	4.237264462631455	23.989090909090912	14.194567901234567	4.027450980392158	8.959360778918406
23.89666666666667	2.022047619047619	9.504735632183907	0.0	0.0	0.0	22.79636363636364	28.206	15.28	27.6	10.545714285714286	0.0	9.765555555555556	25.056	0.0	0.0	11.739060982191043	11.725970149253731	10.68886393088553	0.0	14.88	1.9915294117647064	10.379909502262445	0.0	7.18962962962963	9.430022172949004	8.11816513761468	23.880000000000003	23.53428571428572	21.975	13.28	0.0	0.0	11.392903225806451	20.37757575757576	0.0	6.919016620498614	26.366666666666667	0.0	22.699375	20.598297872340428	23.53142857142857	12.69884205971441	27.20378947368421	7.603788748564868	22.722105263157896	6.469517077751965	22.75189189189189	20.40192771084337	10.476314606741573	8.819896173242363	10.395741239892184	7.707330569059195	29.947142857142858	18.065454545454543	5.109393737179012	9.180522133938704	13.243411444141689	4.104674780579641	6.739794435215947	4.451240548865864	17.40656050955414	20.857795918367348	17.33970802919708	10.813333333333333	14.50666666666667	21.106666666666666	10.370326306670515
0.0	8.659220139553975	16.127397260273973	35.720000000000006	0.0	31.96	26.69333333333333	35.38	17.389333333333333	33.56	20.360000000000003	0.0	0.0	32.992000000000004	0.0	14.88	19.756626506024094	24.6	23.525714285714287	31.68	20.462857142857143	8.43120028159099	17.33709543568465	24.874285714285715	0.0	28.133333333333336	15.488395061728395	32.660000000000004	35.50666666666667	29.92	0.0	0.0	0.0	18.296326530612248	16.39440677966102	6.919016620498614	0.0	22.5965	30.08	20.92775391758561	15.63624040159527	20.29809752824069	17.14613333333333	19.418064660727293	18.131931243680487	28.484571428571435	16.333021276595748	19.3280846712908	23.25	16.049523809523812	6.988609401548045	12.60210922787194	6.6309464837336165	24.4613810741688	10.37198910081744	6.577489711934156	5.170423853674024	19.18134490238612	20.53090909090909	7.383319215963612	5.820505724860771	14.57967623742589	23.46137353433836	11.29800614124872	18.81090909090909	27.44369942196532	22.706666666666667	9.727514459782526
29.48	27.78	35.373333333333335	25.374963325183376	0.0	28.13872340425532	24.76	29.298823529411766	14.738589458054935	26.734222222222225	0.0	18.467954545454543	0.0	33.724000000000004	18.547234042553196	0.0	0.0	0.0	0.0	25.736380952380948	0.0	22.360000000000003	0.0	19.341002117148907	0.0	43.720000000000006	40.58	25.773506493506492	32.220000000000006	0.0	0.0	39.92	29.880000000000003	31.261538461538464	13.957649006622518	26.366666666666667	22.5965	0.0	22.546666666666667	10.685367748402456	10.210638102524866	14.982463348585302	11.432308250790852	5.93253691319064	26.969488372093025	6.670607248960191	31.80342857142857	18.117818999437887	14.54194285714286	17.51666666666667	27.27510204081633	31.548965517241385	28.82705882352941	2.9302157327019205	17.906906474820143	15.617142857142856	19.387997914494267	5.238517025628685	29.584000000000003	30.682051282051287	26.08529616724739	3.539419241562495	16.66678299669336	15.420425531914896	33.32727272727273	24.38206896551724	16.701324041811848	16.547929427430095
0.0	0.0	0.0	0.0	0.0	0.0	0.0	0.0	0.0	0.0	0.0	0.0	0.0	0.0	0.0	0.0	0.0	0.0	0.0	0.0	0.0	0.0	0.0	0.0	0.0	0.0	0.0	0.0	0.0	0.0	0.0	0.0	0.0	0.0	15.0	0.0	30.08	22.546666666666667	0.0	3.004372469635628	16.39	2.9990734824281158	8.901463414634147	20.40235294117647	0.0	12.605432098765432	0.0	9.187636363636363	2.3781283525643504	0.0	30.56	0.0	0.0	21.63142857142857	27.2	0.0	29.48	15.13	0.0	38.0	0.0	22.323076923076925	6.4	20.6	0.0	2.5514223143633017	0.0	2.448813198509846
0.0	25.20800000000001	37.32000000000001	24.71503649635037	0.0	27.274166666666662	23.01777777777778	29.324	14.93223529411765	26.11423076923077	0.0	17.55744680851064	0.0	31.18	18.288	0.0	33.980000000000004	33.416000000000004	31.1	26.38526315789474	0.0	24.96	0.0	19.230526315789472	0.0	31.202105263157897	28.78857142857143	26.066315789473684	34.98909090909091	32.832	0.0	0.0	28.824	31.15428571428572	14.098223938223938	22.699375	20.92775391758561	10.685367748402456	3.004372469635628	0.0	8.336064665127022	4.62988650854374	12.64487939352171	6.006353876967564	16.604919240578067	4.533008902551001	21.05769559032717	9.070066365433494	2.8314401638394067	19.265882352941176	25.96	23.276742081447967	23.290381679389316	7.699302774323572	16.69386503067485	17.988865979381444	18.622940007945967	9.706796926870911	22.20827586206897	22.914368108566585	23.56292596944771	10.950639812945052	9.217598595798366	15.042084690553745	21.9260350877193	4.900962667587679	18.22	7.658398498700135
24.094	21.75510204081633	31.773000000000003	21.99460595446585	0.0	24.33171102661597	20.1121686746988	25.943468208092487	11.373064066852368	22.694770063119925	0.0	17.924705882352942	0.0	27.15326315789473	15.920000000000002	25.56	33.160000000000004	0.0	36.968	22.571591836734694	26.063529411764712	19.3841975308642	28.142222222222223	16.751704450041984	0.0	37.18117647058824	29.640000000000004	22.126188679245285	27.12409836065574	23.21619047619048	0.0	0.0	23.864489795918367	25.948196721311472	5.768746304609658	20.598297872340428	15.63624040159527	10.210638102524866	16.39	8.336064665127022	0.0	7.345541145200284	8.868750236174696	4.671150010388532	21.841691973969635	11.156058394160585	27.944864864864865	5.1171899505519205	13.722065217391307	13.118838709677425	16.264921481265066	24.440928527794743	18.323643041763027	10.862771908017404	11.30613693346191	12.99604705882353	12.929582100940651	8.233710574535678	25.528	22.813499071757207	18.88663488279698	7.104643584978331	13.080011032453802	6.30627390963297	27.632	18.415	13.37363636363636	12.61463906581741
29.89846153846154	25.495652173913047	36.135609756097566	25.628457711442785	0.0	28.956404494382024	24.96342857142857	30.90845070422536	16.806153846153848	26.77968970380818	50.8	18.213866666666668	0.0	32.63074074074074	21.636923076923075	35.040000000000006	37.986666666666665	0.0	40.02666666666666	26.380961538461538	32.04571428571428	23.49168539325843	33.29076923076923	20.28401146131805	0.0	39.74947368421053	34.492000000000004	26.0632	32.0472	28.53866666666667	0.0	41.78	31.10322580645161	30.35977528089888	9.55161204013378	23.53142857142857	20.29809752824069	14.982463348585302	2.9990734824281158	4.62988650854374	7.345541145200284	0.0	13.934747838616715	10.21407989746552	18.09752577319588	13.229003885770677	19.00367567567568	5.0112644631746175	6.915961070559611	19.948	21.58427081427265	28.37996086105675	23.209382183908048	13.143589893954944	16.499270734932928	20.028	18.041830834349668	12.605288518738847	21.868	26.874923439340403	24.421067503924647	13.320828058564368	7.129252803165929	12.859501342539318	19.81764705882353	5.441170021567219	18.805	3.895432592635852
