0.0	0.0	0.00216	0.0001066666666666	0.0	0.00012	0.0197466666666666	0.0014133333333333	0.00068	0.0003333333333333	9.333333333333332e-05	0.0	0.0	0.0454666666666666	0.0	0.0	0.0070133333333333	0.0004666666666666	0.0013066666666666	0.0001466666666666	0.0005733333333333	0.0001333333333333	0.00636	0.001	0.0	0.0012666666666666	0.00024	0.00128	0.0413333333333333	0.0189333333333333	0.0	9.333333333333332e-05	0.0	0.001	0.0	0.0	0.0	0.0	0.0	0.0	0.0	0.0	0.0	0.0	0.0	0.0	0.0	0.0	0.0	0.0	6.666666666666667e-05	0.0	0.0	0.0	0.0	0.0	0.0	0.0	0.0	0.0	0.0	0.0002933333333333	0.0001066666666666	0.00012	0.0	0.0	0.0	0.0
0.0	0.0	0.00184	0.0	0.0009333333333333	0.0002933333333333	0.0001066666666666	0.0	0.0076666666666666	0.0	0.0	0.0001066666666666	0.0178	0.0001866666666666	0.0013733333333333	0.0007466666666666	0.00572	0.0	0.0043066666666666	0.0	0.0	0.0174133333333333	0.0018933333333333	0.0201066666666666	0.0524133333333333	0.0082266666666666	0.1140133333333333	0.0007866666666666	0.0004133333333333	0.0004	0.0003866666666666	0.0002	0.0	0.0015466666666666	0.0	0.0	0.00076	0.0	0.0	0.0	8e-05	0.0	0.0	0.0	0.0	0.0	0.0	0.0	0.0	0.0	0.0012533333333333	0.0001733333333333	0.00048	0.0	0.0	0.0	0.0021333333333333	9.333333333333332e-05	0.0	0.0022933333333333	0.0046533333333333	6.666666666666667e-05	0.0	0.0	0.0	0.0	0.0	0.0001866666666666
0.00216	0.00184	0.0	8e-05	0.0	0.0021733333333333	0.0557466666666666	0.0101866666666666	0.00012	0.0008	0.00056	0.0001466666666666	0.0001066666666666	0.02172	0.0	0.0004266666666666	0.17828	0.0006133333333333	0.00264	0.0001333333333333	0.0282933333333333	0.00092	0.1126666666666666	0.0014133333333333	0.0	0.1453866666666666	0.05984	0.0104	0.0070533333333333	0.00664	0.00012	8e-05	0.0	0.01972	0.0	0.0008533333333333	0.0121733333333333	0.0	0.0	0.0	0.0001333333333333	0.0001066666666666	0.0	0.0	0.0	0.0	0.0	0.0001333333333333	0.0	0.00036	0.01128	0.0	0.0008133333333333	0.0	0.0003466666666666	0.0004133333333333	0.0228266666666666	0.0004266666666666	0.0	0.0010266666666666	0.02356	0.0006133333333333	0.0002	0.0005866666666666	0.0	0.0	0.0	0.0010133333333333
0.0001066666666666	0.0	8e-05	0.0	0.0008	0.0105866666666666	0.00916	0.001	0.01456	0.0783866666666666	0.0001066666666666	0.0048533333333333	0.0	0.00196	0.00228	0.0	0.0001333333333333	8e-05	0.0	0.0969333333333333	0.0	0.0	0.0	0.0581733333333333	0.0	0.00012	0.0001466666666666	0.09056	0.0023333333333333	0.0	0.0	0.0002133333333333	0.0	0.0012	0.0	0.0	0.0	0.0049333333333333	0.0001466666666666	0.0019466666666666	0.00252	0.00144	0.0022	0.0076533333333333	6.666666666666667e-05	0.0014133333333333	0.0	0.0005066666666666	0.00104	0.0	0.0	8e-05	0.0	0.00328	0.0	0.0	0.0	0.0027333333333333	0.0	6.666666666666667e-05	0.0001066666666666	0.00948	0.0005333333333333	0.0	0.0	8e-05	0.0	0.0005866666666666
0.0	0.0009333333333333	0.0	0.0008	0.0	0.0034	0.0009333333333333	0.00084	0.00404	0.0016933333333333	0.0	0.0011466666666666	0.0005866666666666	0.0002666666666666	0.0383066666666666	0.0	0.0	0.0	0.0	0.00104	0.0	0.0030666666666666	0.0	0.0058666666666666	0.0004933333333333	0.0	0.0021733333333333	0.00164	0.0006533333333333	0.0	0.0	0.0006266666666666	0.0	0.00068	0.0	0.0	0.0	0.00012	0.0	0.0	0.0	0.0	0.0	0.0002933333333333	0.0	6.666666666666667e-05	0.0	0.0	6.666666666666667e-05	0.0	0.0	0.0	0.0	0.0001733333333333	0.0	0.0	0.0	8e-05	0.0	0.0	0.0	0.00024	0.0	0.0	0.0	0.0	0.0	0.0
0.00012	0.0002933333333333	0.0021733333333333	0.0105866666666666	0.0034	0.0	0.0612933333333333	0.0595466666666666	0.0032266666666666	0.1847466666666666	0.0017466666666666	0.0947333333333333	0.0010666666666666	0.0034666666666666	0.0112666666666666	0.0	0.0006266666666666	0.0004266666666666	0.0006266666666666	0.0356133333333333	0.0001333333333333	0.0004933333333333	0.0026133333333333	0.0085866666666666	0.0002533333333333	0.0014266666666666	0.0010933333333333	0.0348266666666666	0.0040266666666666	0.0002666666666666	0.0001066666666666	0.0010133333333333	0.0	0.0027466666666666	0.0	0.0	0.0	0.0010533333333333	6.666666666666667e-05	0.0005333333333333	0.00248	0.0007333333333333	0.0004	0.0022933333333333	9.333333333333332e-05	0.00024	0.0	0.0003333333333333	9.333333333333332e-05	0.0	0.0	0.0	0.0	0.0006133333333333	0.0	0.0	0.0	0.00144	0.0	9.333333333333332e-05	0.0	0.0047333333333333	0.00096	0.0005466666666666	0.0	0.00012	0.0	0.00052
0.0197466666666666	0.0001066666666666	0.0557466666666666	0.00916	0.0009333333333333	0.0612933333333333	0.0	0.1398533333333333	0.0082533333333333	0.1349333333333333	0.0008133333333333	0.0007066666666666	0.0003333333333333	0.1530666666666666	0.0014666666666666	0.0010133333333333	0.0119733333333333	0.0005333333333333	0.0008533333333333	0.00104	0.02212	0.0002666666666666	0.0821066666666666	0.0579066666666666	9.333333333333332e-05	0.0168133333333333	0.0133466666666666	0.55216	0.0151866666666666	0.0377333333333333	9.333333333333332e-05	0.0003466666666666	0.0001733333333333	0.0052933333333333	0.0	0.0	0.0002133333333333	0.0005733333333333	0.0	0.0003733333333333	0.00136	0.0006933333333333	0.0017066666666666	0.0017466666666666	6.666666666666667e-05	0.0002133333333333	0.0	0.00052	9.333333333333332e-05	0.0002533333333333	0.00036	6.666666666666667e-05	0.00012	0.0004666666666666	0.0002266666666666	0.0	0.0004	0.0011866666666666	0.0	0.0002533333333333	0.0005333333333333	0.00664	0.0018533333333333	0.00152	0.0	8e-05	0.0	0.00164
0.0014133333333333	0.0	0.0101866666666666	0.001	0.00084	0.0595466666666666	0.1398533333333333	0.0	0.0069333333333333	0.0296533333333333	0.00296	0.0055066666666666	0.00088	0.0620266666666666	0.0024666666666666	0.0001466666666666	0.00744	0.00112	0.0017866666666666	0.0037466666666666	0.00152	9.333333333333332e-05	0.0213333333333333	0.0047733333333333	0.0001066666666666	0.0045733333333333	0.0015333333333333	0.0106533333333333	0.0062533333333333	0.0058666666666666	0.0	0.0118533333333333	0.0	0.0029333333333333	0.0	0.0	9.333333333333332e-05	0.0001866666666666	0.0	0.0002266666666666	0.00244	0.00092	0.0010266666666666	0.0007066666666666	0.0	0.0	0.0	0.0006	0.0	0.0	0.0	0.00012	0.0001333333333333	0.0002	0.0	0.0	8e-05	0.00188	0.0	0.0	0.0001066666666666	0.0059066666666666	0.0021333333333333	0.0020133333333333	0.0	0.00016	0.0	0.001
0.00068	0.0076666666666666	0.00012	0.01456	0.00404	0.0032266666666666	0.0082533333333333	0.0069333333333333	0.0	0.00764	0.0003866666666666	0.0028133333333333	0.00404	0.0042933333333333	0.02376	0.0	0.0003333333333333	0.0	0.0001733333333333	0.0023333333333333	0.0	0.0574	0.00016	0.0826533333333333	0.0038666666666666	0.0006	0.0129066666666666	0.0171866666666666	0.0091733333333333	0.01344	0.0001733333333333	0.0012	0.0004133333333333	0.0012933333333333	0.0	0.0	0.0	0.0009333333333333	0.0	0.00036	0.00148	0.0005066666666666	0.0002533333333333	0.00172	0.0	0.00028	0.0	0.0004266666666666	0.00012	0.0	6.666666666666667e-05	6.666666666666667e-05	8e-05	0.00044	0.0	0.0	6.666666666666667e-05	0.00216	0.0	0.0001466666666666	8e-05	0.00484	0.0016533333333333	0.0024533333333333	0.0	9.333333333333332e-05	0.0	0.0005333333333333
0.0003333333333333	0.0	0.0008	0.0783866666666666	0.0016933333333333	0.1847466666666666	0.1349333333333333	0.0296533333333333	0.00764	0.0	0.00212	0.0378	0.0005333333333333	0.0157866666666666	0.0019866666666666	0.0	0.0004133333333333	0.0009333333333333	0.0010133333333333	0.0799466666666666	0.0001066666666666	0.0	0.00056	0.01692	9.333333333333332e-05	0.0014933333333333	0.0017733333333333	0.1667333333333333	0.01844	0.0002	9.333333333333332e-05	0.0010666666666666	6.666666666666667e-05	0.0102	0.0	0.0	0.0	0.00352	0.00016	0.00188	0.0044933333333333	0.0023333333333333	0.0017066666666666	0.0074266666666666	8e-05	0.0012266666666666	0.0	0.0008	0.0006266666666666	0.0	0.0	8e-05	8e-05	0.0020133333333333	0.0	0.0	0.0	0.0027066666666666	0.0	0.00012	0.0001466666666666	0.0106666666666666	0.0014666666666666	0.0004	0.0	0.0001333333333333	0.0	0.0013866666666666
9.333333333333332e-05	0.0	0.00056	0.0001066666666666	0.0	0.0017466666666666	0.0008133333333333	0.00296	0.0003866666666666	0.00212	0.0	0.0014133333333333	0.0147066666666666	0.0049866666666666	8e-05	8e-05	0.0004266666666666	0.0718266666666666	0.0131466666666666	0.0010666666666666	0.0	0.0	0.0004	0.00096	0.0062666666666666	0.05144	0.0066666666666666	0.0009066666666666	0.0191333333333333	0.00016	0.0036266666666666	0.00704	0.0	0.0588133333333333	0.0	0.0	0.0	0.0	0.0	0.0	0.0001466666666666	0.00012	0.0	0.0001733333333333	0.00312	0.0	0.01384	0.00012	0.0	0.0	0.0	0.0001733333333333	0.0	6.666666666666667e-05	0.0	0.0	0.0	0.0001066666666666	0.00056	0.0021066666666666	0.0010133333333333	0.0003333333333333	0.0004133333333333	9.333333333333332e-05	0.0018266666666666	0.0005466666666666	0.0	0.00068
0.0	0.0001066666666666	0.0001466666666666	0.0048533333333333	0.0011466666666666	0.0947333333333333	0.0007066666666666	0.0055066666666666	0.0028133333333333	0.0378	0.0014133333333333	0.0	0.0008133333333333	0.0044666666666666	0.0030533333333333	0.0	0.0001866666666666	0.0004	0.0007866666666666	0.0920266666666666	0.0	0.00028	6.666666666666667e-05	0.0078933333333333	0.0001466666666666	0.0009333333333333	0.00068	0.0171733333333333	0.00496	0.0	0.0	0.0006666666666666	0.0	0.00312	0.0	0.0	0.0	0.00112	0.00016	0.0004133333333333	0.0006666666666666	0.0002933333333333	0.00024	0.00156	0.0	0.0004	0.0	6.666666666666667e-05	0.00032	0.0	0.0	0.0	0.0	0.00096	0.0	0.0	0.0	0.0006	0.0	0.0001066666666666	6.666666666666667e-05	0.00196	0.0001333333333333	0.0	0.0	0.0	0.0	0.00012
0.0	0.0178	0.0001066666666666	0.0	0.0005866666666666	0.0010666666666666	0.0003333333333333	0.00088	0.00404	0.0005333333333333	0.0147066666666666	0.0008133333333333	0.0	0.0007333333333333	0.0006933333333333	0.0002266666666666	0.00048	0.0	0.00032	0.0003066666666666	0.0	0.0078133333333333	0.0002	0.0071866666666666	0.08044	0.0079466666666666	0.0661866666666666	0.0004266666666666	0.00132	0.0001466666666666	0.0101333333333333	0.0024933333333333	0.0	0.0039733333333333	0.0	0.0	0.0	0.0	0.0	6.666666666666667e-05	0.00012	0.0001466666666666	0.0	0.00016	0.01008	0.0	0.03636	0.0003733333333333	0.0	0.0	8e-05	0.00044	0.0001066666666666	0.0	0.0	0.0	0.0	0.0	0.0015866666666666	0.0067733333333333	0.0023333333333333	9.333333333333332e-05	0.0013066666666666	0.0	0.005	0.0010666666666666	0.0	0.00196
0.0454666666666666	0.0001866666666666	0.02172	0.00196	0.0002666666666666	0.0034666666666666	0.1530666666666666	0.0620266666666666	0.0042933333333333	0.0157866666666666	0.0049866666666666	0.0044666666666666	0.0007333333333333	0.0	0.0007066666666666	0.0	0.0323733333333333	0.00344	0.0079066666666666	0.0048666666666666	0.0028	0.00052	0.0474	0.0077466666666666	0.00016	0.0103333333333333	0.00356	0.01568	0.0714	0.0342133333333333	0.00016	0.00312	0.0	0.00436	0.0	0.0	0.0001866666666666	6.666666666666667e-05	0.0	0.0001466666666666	0.0006933333333333	0.00028	0.0005066666666666	0.00028	0.0	9.333333333333332e-05	9.333333333333332e-05	0.0002133333333333	0.0	0.0001333333333333	0.00032	0.0	0.0001333333333333	6.666666666666667e-05	0.0002266666666666	0.0	0.0001866666666666	0.0008666666666666	0.0	0.0004933333333333	0.0003733333333333	0.0026	0.001	0.00136	0.0	9.333333333333332e-05	0.0	0.00048
0.0	0.0013733333333333	0.0	0.00228	0.0383066666666666	0.0112666666666666	0.0014666666666666	0.0024666666666666	0.02376	0.0019866666666666	8e-05	0.0030533333333333	0.0006933333333333	0.0007066666666666	0.0	0.0	0.0	0.0	0.0	0.0028	0.0	0.0045866666666666	0.0	0.00832	0.0006	9.333333333333332e-05	0.0027466666666666	0.0028266666666666	0.0011466666666666	0.0	0.0	0.0034266666666666	9.333333333333332e-05	0.0004133333333333	0.0	0.0	0.0	0.0002933333333333	0.0	0.0002133333333333	0.00016	0.0	6.666666666666667e-05	0.0004533333333333	0.0	0.0001333333333333	0.0	0.0	0.0	0.0	0.0	0.0	0.0	0.00028	0.0	0.0	0.0	0.0001066666666666	0.0	0.0	0.0	0.0004133333333333	0.0	0.0	0.0	0.0	0.0	0.0
0.0	0.0007466666666666	0.0004266666666666	0.0	0.0	0.0	0.0010133333333333	0.0001466666666666	0.0	0.0	8e-05	0.0	0.0002266666666666	0.0	0.0	0.0	0.0008533333333333	0.0	0.0001466666666666	0.0	0.04052	0.07244	0.1440266666666666	0.0322266666666666	9.333333333333332e-05	0.0016	0.0655066666666666	0.0167466666666666	0.00036	0.022	0.0001333333333333	0.0	0.0	0.00388	0.0	0.0	0.0007466666666666	0.0	0.0	0.0	0.00012	0.0	0.0	0.0	0.0	0.0	0.0	0.0	0.0	0.0278533333333333	0.00036	0.0001066666666666	9.333333333333332e-05	0.0	0.01408	0.00704	0.0321866666666666	0.0004133333333333	0.0	0.0002933333333333	0.0046266666666666	0.0006533333333333	0.00108	0.0073466666666666	0.0	0.0	9.333333333333332e-05	0.0009866666666666
0.0070133333333333	0.00572	0.17828	0.0001333333333333	0.0	0.0006266666666666	0.0119733333333333	0.00744	0.0003333333333333	0.0004133333333333	0.0004266666666666	0.0001866666666666	0.00048	0.0323733333333333	0.0	0.0008533333333333	0.0	0.0031466666666666	0.0379466666666666	6.666666666666667e-05	0.0055466666666666	0.0018133333333333	0.0928666666666666	0.00332	8e-05	0.0408666666666666	0.0636933333333333	0.00276	0.0458933333333333	0.05176	8e-05	0.0001066666666666	0.00056	0.0278666666666666	0.0	0.0013333333333333	0.0049333333333333	0.0	0.0	0.0	0.0003333333333333	0.0	0.0	0.0	0.0	0.0	0.0001466666666666	0.0002133333333333	0.0	0.00056	0.0099733333333333	0.0002133333333333	0.0042133333333333	0.0	8e-05	0.00012	0.0028666666666666	0.0008	0.0	0.0101733333333333	0.0183333333333333	0.00076	0.0001333333333333	0.0001333333333333	9.333333333333332e-05	0.0	0.0	0.0007066666666666
0.0004666666666666	0.0	0.0006133333333333	8e-05	0.0	0.0004266666666666	0.0005333333333333	0.00112	0.0	0.0009333333333333	0.0718266666666666	0.0004	0.0	0.00344	0.0	0.0	0.0031466666666666	0.0	0.0228	0.0004	9.333333333333332e-05	0.0	0.0007333333333333	8e-05	6.666666666666667e-05	0.0063466666666666	0.00084	0.0003866666666666	0.0088266666666666	0.0011066666666666	8e-05	0.00068	9.333333333333332e-05	0.00816	0.0	0.0	0.0	0.0	0.0	0.0	0.0	0.0	0.0	0.0	0.0	0.0	0.0001733333333333	0.0	0.0	0.0	0.0	0.0004666666666666	0.0	0.0	0.0	0.0	0.0	0.0	0.0001066666666666	0.00124	0.00076	0.0	0.0	0.0	0.0003066666666666	0.0	0.0	0.0
0.0013066666666666	0.0043066666666666	0.00264	0.0	0.0	0.0006266666666666	0.0008533333333333	0.0017866666666666	0.0001733333333333	0.0010133333333333	0.0131466666666666	0.0007866666666666	0.00032	0.0079066666666666	0.0	0.0001466666666666	0.0379466666666666	0.0228	0.0	0.0004	0.00028	0.0	0.0023866666666666	0.0003066666666666	9.333333333333332e-05	0.0381466666666666	0.0148533333333333	0.0004533333333333	0.0174666666666666	0.0047733333333333	0.00012	0.00044	0.00036	0.04308	0.0	0.0016666666666666	0.0002266666666666	0.0	0.0	0.0	8e-05	0.0	0.0	0.0001066666666666	0.0	6.666666666666667e-05	0.0002	0.0	0.0	9.333333333333332e-05	0.001	0.0018533333333333	0.0050533333333333	0.0	0.0	0.0	0.0	9.333333333333332e-05	0.0005466666666666	0.01692	0.0105866666666666	0.00024	0.0	0.0	0.0001466666666666	0.0	0.0	0.0003466666666666
0.0001466666666666	0.0	0.0001333333333333	0.0969333333333333	0.00104	0.0356133333333333	0.00104	0.0037466666666666	0.0023333333333333	0.0799466666666666	0.0010666666666666	0.0920266666666666	0.0003066666666666	0.0048666666666666	0.0028	0.0	6.666666666666667e-05	0.0004	0.0004	0.0	0.0	0.0	0.0	0.00468	8e-05	0.0006133333333333	0.00052	0.0783066666666666	0.0050133333333333	0.0	0.0	0.0005333333333333	0.0	0.0026	0.0	0.0	0.0	0.0021866666666666	0.0	0.0008533333333333	0.0024133333333333	0.0006933333333333	0.00056	0.0038533333333333	0.0	0.0008	0.0	0.00032	0.0003866666666666	0.0	0.0	8e-05	0.0	0.0011866666666666	0.0	0.0	0.0	0.00156	0.0	0.0	8e-05	0.0048	0.0006	0.0002266666666666	0.0	0.00012	0.0	0.00032
0.0005733333333333	0.0	0.0282933333333333	0.0	0.0	0.0001333333333333	0.02212	0.00152	0.0	0.0001066666666666	0.0	0.0	0.0	0.0028	0.0	0.04052	0.0055466666666666	9.333333333333332e-05	0.00028	0.0	0.0	0.00952	0.3588266666666667	0.0003066666666666	0.0	0.00112	0.0064	0.0221066666666666	0.00244	0.1172	0.0	0.0	0.00016	0.0295733333333333	0.0	0.0	8e-05	0.0	0.0	0.0	0.0	0.0	0.0	0.0	0.0	0.0	0.0	8e-05	0.0	0.0121066666666666	0.0001333333333333	0.0	0.0	0.0	0.0112	0.0029466666666666	0.01052	0.0008133333333333	0.0	0.0	0.0005466666666666	0.0018133333333333	0.0018	0.0119333333333333	0.0	0.0	6.666666666666667e-05	0.00076
0.0001333333333333	0.0174133333333333	0.00092	0.0	0.0030666666666666	0.0004933333333333	0.0002666666666666	9.333333333333332e-05	0.0574	0.0	0.0	0.00028	0.0078133333333333	0.00052	0.0045866666666666	0.07244	0.0018133333333333	0.0	0.0	0.0	0.00952	0.0	0.0305466666666666	0.0904	0.0081066666666666	0.0013866666666666	0.04724	0.0070533333333333	0.0052133333333333	0.0232666666666666	0.0004	0.0005733333333333	0.0008266666666666	0.0040933333333333	0.0	0.0	0.00052	0.0	0.0	0.0	0.0	0.0	0.0	0.0	0.0	0.0	0.0	9.333333333333332e-05	0.0	0.00404	0.0002	8e-05	6.666666666666667e-05	0.0	0.0041733333333333	0.0001066666666666	0.00588	0.00104	0.0	0.0002933333333333	0.00284	0.0007333333333333	0.00148	0.00792	0.0	0.0	0.0	0.0004133333333333
0.00636	0.0018933333333333	0.1126666666666666	0.0	0.0	0.0026133333333333	0.0821066666666666	0.0213333333333333	0.00016	0.00056	0.0004	6.666666666666667e-05	0.0002	0.0474	0.0	0.1440266666666666	0.0928666666666666	0.0007333333333333	0.0023866666666666	0.0	0.3588266666666667	0.0305466666666666	0.0	0.0084266666666666	0.0	0.0136266666666666	0.2286	0.0689866666666666	0.01772	0.13032	0.0	0.0001066666666666	0.0001466666666666	0.0464133333333333	0.0	0.0004933333333333	0.0139066666666666	0.0	0.0	0.0	0.00028	9.333333333333332e-05	8e-05	0.0	0.0	0.0	0.0	8e-05	0.0	0.0275333333333333	0.0028533333333333	0.0	0.0002266666666666	0.0	0.0106533333333333	0.0042933333333333	0.07616	0.00088	0.0	0.00032	0.0329466666666666	0.0007333333333333	0.0002	0.0016533333333333	0.0	0.0	0.0	0.00124
0.001	0.0201066666666666	0.0014133333333333	0.0581733333333333	0.0058666666666666	0.0085866666666666	0.0579066666666666	0.0047733333333333	0.0826533333333333	0.01692	0.00096	0.0078933333333333	0.0071866666666666	0.0077466666666666	0.00832	0.0322266666666666	0.00332	8e-05	0.0003066666666666	0.00468	0.0003066666666666	0.0904	0.0084266666666666	0.0	0.0077866666666666	0.0095866666666666	0.10588	0.0756133333333333	0.0256666666666666	0.0172133333333333	0.00132	0.0010933333333333	0.00276	0.00696	0.00012	0.00012	0.0007866666666666	0.0030933333333333	9.333333333333332e-05	0.00172	0.0060666666666666	0.0028133333333333	0.0060933333333333	0.007	0.0002933333333333	0.00072	0.00028	0.0015466666666666	0.0004	0.0009333333333333	0.0011466666666666	0.00036	0.0003733333333333	0.0020666666666666	0.00132	0.0003066666666666	0.0009866666666666	0.0058533333333333	6.666666666666667e-05	0.0013066666666666	0.0017066666666666	0.0235466666666666	0.0080266666666666	0.00956	8e-05	0.00032	8e-05	0.0035866666666666
0.0	0.0524133333333333	0.0	0.0	0.0004933333333333	0.0002533333333333	9.333333333333332e-05	0.0001066666666666	0.0038666666666666	9.333333333333332e-05	0.0062666666666666	0.0001466666666666	0.08044	0.00016	0.0006	9.333333333333332e-05	8e-05	6.666666666666667e-05	9.333333333333332e-05	8e-05	0.0	0.0081066666666666	0.0	0.0077866666666666	0.0	0.0087333333333333	0.0246266666666666	0.0002	0.0010533333333333	9.333333333333332e-05	0.0081866666666666	0.0005466666666666	0.0	0.00128	0.0	0.0	0.0	0.0	0.0	0.0	0.0	0.0	0.0	0.0	0.00024	0.0	0.00144	0.0	0.0	0.0	0.0	0.0005866666666666	0.00012	0.0	0.0	0.0	0.0	0.0	9.333333333333332e-05	0.0046933333333333	0.0023466666666666	0.0	0.0	0.0	0.0007866666666666	0.0	0.0	8e-05
0.0012666666666666	0.0082266666666666	0.1453866666666666	0.00012	0.0	0.0014266666666666	0.0168133333333333	0.0045733333333333	0.0006	0.0014933333333333	0.05144	0.0009333333333333	0.0079466666666666	0.0103333333333333	9.333333333333332e-05	0.0016	0.0408666666666666	0.0063466666666666	0.0381466666666666	0.0006133333333333	0.00112	0.0013866666666666	0.0136266666666666	0.0095866666666666	0.0087333333333333	0.0	0.0717066666666666	0.00472	0.0124533333333333	0.00212	0.00192	0.0007733333333333	0.00016	0.0195066666666666	0.0	0.00468	0.00152	0.0	0.0	0.0	0.00028	0.0	0.00016	0.0002133333333333	0.00328	6.666666666666667e-05	0.0124666666666666	0.0003866666666666	0.0	0.0003066666666666	0.0059733333333333	0.0151866666666666	0.0171866666666666	0.00016	0.0	0.0	0.0003466666666666	0.0011733333333333	0.0062	0.0846	0.0588	0.0006266666666666	0.0001866666666666	0.0002666666666666	0.00856	0.0	0.0	0.00112
0.00024	0.1140133333333333	0.05984	0.0001466666666666	0.0021733333333333	0.0010933333333333	0.0133466666666666	0.0015333333333333	0.0129066666666666	0.0017733333333333	0.0066666666666666	0.00068	0.0661866666666666	0.00356	0.0027466666666666	0.0655066666666666	0.0636933333333333	0.00084	0.0148533333333333	0.00052	0.0064	0.04724	0.2286	0.10588	0.0246266666666666	0.0717066666666666	0.0	0.0562933333333333	0.00568	0.00112	0.0057466666666666	0.0007333333333333	9.333333333333332e-05	0.0390666666666666	0.0	0.0062266666666666	0.0242133333333333	0.0	0.0	0.0	0.00068	0.0002133333333333	0.0001333333333333	0.0001466666666666	0.0035333333333333	8e-05	0.01104	0.0004933333333333	0.0	0.0049066666666666	0.02428	0.0095466666666666	0.0108933333333333	9.333333333333332e-05	0.0018133333333333	0.00196	0.04264	0.0019333333333333	0.0037866666666666	0.06548	0.0810266666666666	0.0010933333333333	0.0003333333333333	0.0003333333333333	0.0064266666666666	0.0	0.0	0.00264
0.00128	0.0007866666666666	0.0104	0.09056	0.00164	0.0348266666666666	0.55216	0.0106533333333333	0.0171866666666666	0.1667333333333333	0.0009066666666666	0.0171733333333333	0.0004266666666666	0.01568	0.0028266666666666	0.0167466666666666	0.00276	0.0003866666666666	0.0004533333333333	0.0783066666666666	0.0221066666666666	0.0070533333333333	0.0689866666666666	0.0756133333333333	0.0002	0.00472	0.0562933333333333	0.0	0.04208	0.0778666666666666	9.333333333333332e-05	0.0006133333333333	0.0071333333333333	0.0211066666666666	0.0002	0.0	0.0006	0.0029866666666666	0.0	0.0019466666666666	0.0059866666666666	0.00272	0.0036666666666666	0.00676	0.0002266666666666	0.0011066666666666	0.0001066666666666	0.0022533333333333	0.00044	0.0007866666666666	0.0008133333333333	0.0001466666666666	0.0004266666666666	0.0024666666666666	0.0026933333333333	0.00024	0.0018533333333333	0.00568	0.0	0.0005466666666666	0.00104	0.0228133333333333	0.0117466666666666	0.0169733333333333	0.0	0.00028	0.00028	0.0043466666666666
0.0413333333333333	0.0004133333333333	0.0070533333333333	0.0023333333333333	0.0006533333333333	0.0040266666666666	0.0151866666666666	0.0062533333333333	0.0091733333333333	0.01844	0.0191333333333333	0.00496	0.00132	0.0714	0.0011466666666666	0.00036	0.0458933333333333	0.0088266666666666	0.0174666666666666	0.0050133333333333	0.00244	0.0052133333333333	0.01772	0.0256666666666666	0.0010533333333333	0.0124533333333333	0.00568	0.04208	0.0	0.0452266666666666	0.0002266666666666	0.0034933333333333	0.0906533333333333	0.0281066666666666	0.0	8e-05	0.0002533333333333	8e-05	0.0	0.0002533333333333	0.00104	0.0002933333333333	0.001	0.00036	0.0001733333333333	8e-05	0.00028	0.0004266666666666	0.0	0.00024	0.0004133333333333	0.0	0.00028	8e-05	0.0012266666666666	0.00024	0.0001866666666666	0.0016133333333333	6.666666666666667e-05	0.0010933333333333	0.00068	0.0060533333333333	0.0020266666666666	0.0047466666666666	0.0	0.0001733333333333	0.0	0.0011466666666666
0.0189333333333333	0.0004	0.00664	0.0	0.0	0.0002666666666666	0.0377333333333333	0.0058666666666666	0.01344	0.0002	0.00016	0.0	0.0001466666666666	0.0342133333333333	0.0	0.022	0.05176	0.0011066666666666	0.0047733333333333	0.0	0.1172	0.0232666666666666	0.13032	0.0172133333333333	9.333333333333332e-05	0.00212	0.00112	0.0778666666666666	0.0452266666666666	0.0	0.0	0.0	0.0036	0.0137333333333333	0.0	0.0	9.333333333333332e-05	0.0	0.0	0.0	8e-05	0.0	0.0018533333333333	0.0	0.0	0.0	0.0	0.0003466666666666	0.0	0.00556	0.0001066666666666	0.0	0.0001866666666666	0.0	0.0096666666666666	0.0031066666666666	0.0024133333333333	0.0019066666666666	0.0	0.0002933333333333	0.00016	0.01072	0.00368	0.018	0.0	0.0	0.0001733333333333	0.00216
0.0	0.0003866666666666	0.00012	0.0	0.0	0.0001066666666666	9.333333333333332e-05	0.0	0.0001733333333333	9.333333333333332e-05	0.0036266666666666	0.0	0.0101333333333333	0.00016	0.0	0.0001333333333333	8e-05	8e-05	0.00012	0.0	0.0	0.0004	0.0	0.00132	0.0081866666666666	0.00192	0.0057466666666666	9.333333333333332e-05	0.0002266666666666	0.0	0.0	0.0	0.0	0.0002266666666666	0.0	0.0	0.0	0.0	0.0	0.0	0.0	0.0	0.0	0.0	0.00112	0.0	0.0051866666666666	0.0	0.0	0.0	0.0	0.0002666666666666	0.0	0.0	0.0	0.0	0.0	8e-05	0.0005866666666666	0.00364	0.0019733333333333	0.0	0.0	0.0	0.0025066666666666	0.0	0.0	0.0
9.333333333333332e-05	0.0002	8e-05	0.0002133333333333	0.0006266666666666	0.0010133333333333	0.0003466666666666	0.0118533333333333	0.0012	0.0010666666666666	0.00704	0.0006666666666666	0.0024933333333333	0.00312	0.0034266666666666	0.0	0.0001066666666666	0.00068	0.00044	0.0005333333333333	0.0	0.0005733333333333	0.0001066666666666	0.0010933333333333	0.0005466666666666	0.0007733333333333	0.0007333333333333	0.0006133333333333	0.0034933333333333	0.0	0.0	0.0	0.0	0.0654266666666666	0.0	0.0	0.0	0.0001333333333333	0.0	9.333333333333332e-05	0.0	8e-05	0.0	0.0002133333333333	0.0	9.333333333333332e-05	0.0001333333333333	0.0	0.0	0.0	0.0	0.0	0.0	0.00012	0.0	0.0	0.0	0.0	0.0	0.0	0.0	0.0002133333333333	9.333333333333332e-05	0.0	0.0	6.666666666666667e-05	0.0	0.0
0.0	0.0	0.0	0.0	0.0	0.0	0.0001733333333333	0.0	0.0004133333333333	6.666666666666667e-05	0.0	0.0	0.0	0.0	9.333333333333332e-05	0.0	0.00056	9.333333333333332e-05	0.00036	0.0	0.00016	0.0008266666666666	0.0001466666666666	0.00276	0.0	0.00016	9.333333333333332e-05	0.0071333333333333	0.0906533333333333	0.0036	0.0	0.0	0.0	0.00432	0.0	0.0	0.0	0.0	0.0	0.0	0.0	0.0	9.333333333333332e-05	0.0	0.0	0.0	0.0	0.0	0.0	0.0	0.0	0.0	0.0	0.0	0.0002133333333333	0.0	0.0	0.0	0.0	0.0	0.0	0.0001866666666666	0.0	0.0002666666666666	0.0	0.0	0.0	0.0
0.001	0.0015466666666666	0.01972	0.0012	0.00068	0.0027466666666666	0.0052933333333333	0.0029333333333333	0.0012933333333333	0.0102	0.0588133333333333	0.00312	0.0039733333333333	0.00436	0.0004133333333333	0.00388	0.0278666666666666	0.00816	0.04308	0.0026	0.0295733333333333	0.0040933333333333	0.0464133333333333	0.00696	0.00128	0.0195066666666666	0.0390666666666666	0.0211066666666666	0.0281066666666666	0.0137333333333333	0.0002266666666666	0.0654266666666666	0.00432	0.0	0.0	9.333333333333332e-05	0.0011466666666666	0.0	0.0	6.666666666666667e-05	0.0007733333333333	0.0003066666666666	0.0001466666666666	0.0003066666666666	0.0002	8e-05	0.0002	0.0002666666666666	0.0	0.0009866666666666	0.0016133333333333	0.0002133333333333	0.0006	6.666666666666667e-05	0.0003466666666666	0.0003733333333333	0.0034666666666666	0.0004933333333333	0.0001066666666666	0.0017866666666666	0.0040133333333333	0.0017733333333333	0.0009466666666666	0.0011866666666666	0.0	0.0001866666666666	0.0	0.0005066666666666
0.0	0.0	0.0	0.0	0.0	0.0	0.0	0.0	0.0	0.0	0.0	0.0	0.0	0.0	0.0	0.0	0.0	0.0	0.0	0.0	0.0	0.0	0.0	0.00012	0.0	0.0	0.0	0.0002	0.0	0.0	0.0	0.0	0.0	0.0	0.0	0.0	0.0016533333333333	0.0001066666666666	0.0	0.0	0.0365866666666666	0.0041866666666666	0.0002666666666666	0.00012	0.00016	0.0	0.0	0.0436	0.0	0.0	0.0039333333333333	0.00072	0.0044133333333333	0.0	0.0006266666666666	0.0	0.0064133333333333	0.0001733333333333	0.0	0.0108	0.0002933333333333	0.0014133333333333	0.0136266666666666	0.0397733333333333	0.0	0.0001066666666666	0.0	0.0009333333333333
0.0	0.0	0.0008533333333333	0.0	0.0	0.0	0.0	0.0	0.0	0.0	0.0	0.0	0.0	0.0	0.0	0.0	0.0013333333333333	0.0	0.0016666666666666	0.0	0.0	0.0	0.0004933333333333	0.00012	0.0	0.00468	0.0062266666666666	0.0	8e-05	0.0	0.0	0.0	0.0	9.333333333333332e-05	0.0	0.0	0.00156	0.0	0.0008	0.0004933333333333	8e-05	0.0	0.0062666666666666	0.0001333333333333	0.0	0.0002266666666666	0.0158666666666666	0.00012	0.0013466666666666	0.0006533333333333	0.0030666666666666	0.0003066666666666	0.0041733333333333	9.333333333333332e-05	0.0001733333333333	0.01596	0.0031866666666666	0.02248	0.02844	0.0099866666666666	0.0470666666666666	0.0003066666666666	0.0	0.0	0.0	0.0	0.0	0.0004266666666666
0.0	0.00076	0.0121733333333333	0.0	0.0	0.0	0.0002133333333333	9.333333333333332e-05	0.0	0.0	0.0	0.0	0.0	0.0001866666666666	0.0	0.0007466666666666	0.0049333333333333	0.0	0.0002266666666666	0.0	8e-05	0.00052	0.0139066666666666	0.0007866666666666	0.0	0.00152	0.0242133333333333	0.0006	0.0002533333333333	9.333333333333332e-05	0.0	0.0	0.0	0.0011466666666666	0.0016533333333333	0.00156	0.0	6.666666666666667e-05	0.0	0.0002933333333333	0.0338133333333333	0.01712	0.0	0.0012	0.00028	0.0001733333333333	0.0002	0.0249466666666666	0.0	0.0003066666666666	0.1236266666666666	0.0003866666666666	0.006	0.0001866666666666	0.00956	0.0006533333333333	0.2297866666666666	0.0012133333333333	0.0	0.0755466666666666	0.0442266666666666	0.0038666666666666	0.0033333333333333	0.0043333333333333	0.0	0.00012	0.0	0.0106133333333333
0.0	0.0	0.0	0.0049333333333333	0.00012	0.0010533333333333	0.0005733333333333	0.0001866666666666	0.0009333333333333	0.00352	0.0	0.00112	0.0	6.666666666666667e-05	0.0002933333333333	0.0	0.0	0.0	0.0	0.0021866666666666	0.0	0.0	0.0	0.0030933333333333	0.0	0.0	0.0	0.0029866666666666	8e-05	0.0	0.0	0.0001333333333333	0.0	0.0	0.0001066666666666	0.0	6.666666666666667e-05	0.0	0.0006666666666666	0.0158266666666666	0.0037066666666666	0.0038666666666666	0.0112	0.0561866666666666	0.0003066666666666	0.0186133333333333	0.0002533333333333	0.00296	0.00216	0.0	0.0	0.00032	0.00016	0.0688933333333333	0.0	0.0	0.0	0.05344	0.0	0.0001733333333333	0.00044	0.0822933333333333	0.0041066666666666	0.0	0.0	0.0004266666666666	0.0	0.0024266666666666
0.0	0.0	0.0	0.0001466666666666	0.0	6.666666666666667e-05	0.0	0.0	0.0	0.00016	0.0	0.00016	0.0	0.0	0.0	0.0	0.0	0.0	0.0	0.0	0.0	0.0	0.0	9.333333333333332e-05	0.0	0.0	0.0	0.0	0.0	0.0	0.0	0.0	0.0	0.0	0.0	0.0008	0.0	0.0006666666666666	0.0	0.0003066666666666	0.0003333333333333	0.00032	0.00304	0.0006266666666666	0.0	0.0003066666666666	0.00072	9.333333333333332e-05	0.0457333333333333	0.0	0.0	0.0	0.0	0.0002933333333333	0.0	0.0013333333333333	0.0	0.0010666666666666	0.0004533333333333	8e-05	0.0006133333333333	0.0007866666666666	0.00028	0.0	0.0	0.0009466666666666	0.0	0.0025466666666666
0.0	0.0	0.0	0.0019466666666666	0.0	0.0005333333333333	0.0003733333333333	0.0002266666666666	0.00036	0.00188	0.0	0.0004133333333333	6.666666666666667e-05	0.0001466666666666	0.0002133333333333	0.0	0.0	0.0	0.0	0.0008533333333333	0.0	0.0	0.0	0.00172	0.0	0.0	0.0	0.0019466666666666	0.0002533333333333	0.0	0.0	9.333333333333332e-05	0.0	6.666666666666667e-05	0.0	0.0004933333333333	0.0002933333333333	0.0158266666666666	0.0003066666666666	0.0	0.0442666666666666	0.0230666666666666	0.0042	0.15152	0.0006933333333333	0.0944266666666666	0.00068	0.0022133333333333	0.0158266666666666	0.0	8e-05	0.0007466666666666	0.0001866666666666	0.0412266666666666	6.666666666666667e-05	0.0009466666666666	0.0002	0.0027733333333333	0.0004133333333333	0.00064	0.001	0.03124	0.0018666666666666	0.00016	0.0	0.0024533333333333	0.0	0.0025866666666666
0.0	8e-05	0.0001333333333333	0.00252	0.0	0.00248	0.00136	0.00244	0.00148	0.0044933333333333	0.0001466666666666	0.0006666666666666	0.00012	0.0006933333333333	0.00016	0.00012	0.0003333333333333	0.0	8e-05	0.0024133333333333	0.0	0.0	0.00028	0.0060666666666666	0.0	0.00028	0.00068	0.0059866666666666	0.00104	8e-05	0.0	0.0	0.0	0.0007733333333333	0.0365866666666666	8e-05	0.0338133333333333	0.0037066666666666	0.0003333333333333	0.0442666666666666	0.0	0.1766933333333333	0.0041733333333333	0.1991333333333333	0.0008266666666666	0.0034533333333333	0.00036	0.1900933333333333	0.0005333333333333	0.00088	0.0232533333333333	0.0015733333333333	0.01132	0.0035066666666666	0.0313466666666666	0.0	0.1381066666666666	0.0090666666666666	9.333333333333332e-05	0.0300266666666666	0.02472	0.4442266666666666	0.01428	0.1139866666666666	0.0001333333333333	0.00136	0.0	0.00788
0.0	0.0	0.0001066666666666	0.00144	0.0	0.0007333333333333	0.0006933333333333	0.00092	0.0005066666666666	0.0023333333333333	0.00012	0.0002933333333333	0.0001466666666666	0.00028	0.0	0.0	0.0	0.0	0.0	0.0006933333333333	0.0	0.0	9.333333333333332e-05	0.0028133333333333	0.0	0.0	0.0002133333333333	0.00272	0.0002933333333333	0.0	0.0	8e-05	0.0	0.0003066666666666	0.0041866666666666	0.0	0.01712	0.0038666666666666	0.00032	0.0230666666666666	0.1766933333333333	0.0	0.00332	0.0488266666666666	0.002	0.012	0.0006133333333333	0.21336	0.00204	0.0	0.0051866666666666	0.0014266666666666	0.0032266666666666	0.0129066666666666	0.0016933333333333	0.0	0.0226933333333333	0.0044	6.666666666666667e-05	0.01908	0.0052666666666666	0.0218	0.0091066666666666	0.02984	0.0001866666666666	0.06384	0.0	0.0047866666666666
0.0	0.0	0.0	0.0022	0.0	0.0004	0.0017066666666666	0.0010266666666666	0.0002533333333333	0.0017066666666666	0.0	0.00024	0.0	0.0005066666666666	6.666666666666667e-05	0.0	0.0	0.0	0.0	0.00056	0.0	0.0	8e-05	0.0060933333333333	0.0	0.00016	0.0001333333333333	0.0036666666666666	0.001	0.0018533333333333	0.0	0.0	9.333333333333332e-05	0.0001466666666666	0.0002666666666666	0.0062666666666666	0.0	0.0112	0.00304	0.0042	0.0041733333333333	0.00332	0.0	0.0099866666666666	0.0002	0.0056933333333333	0.00592	0.0028266666666666	0.0137066666666666	8e-05	0.00064	0.0002533333333333	0.0006133333333333	0.0052	0.0001333333333333	0.0277333333333333	0.0007466666666666	0.0741733333333333	0.0061466666666666	0.00064	0.0042666666666666	0.0409466666666666	0.0158	0.0272666666666666	0.0	0.0002666666666666	0.00044	0.0033733333333333
0.0	0.0	0.0	0.0076533333333333	0.0002933333333333	0.0022933333333333	0.0017466666666666	0.0007066666666666	0.00172	0.0074266666666666	0.0001733333333333	0.00156	0.00016	0.00028	0.0004533333333333	0.0	0.0	0.0	0.0001066666666666	0.0038533333333333	0.0	0.0	0.0	0.007	0.0	0.0002133333333333	0.0001466666666666	0.00676	0.00036	0.0	0.0	0.0002133333333333	0.0	0.0003066666666666	0.00012	0.0001333333333333	0.0012	0.0561866666666666	0.0006266666666666	0.15152	0.1991333333333333	0.0488266666666666	0.0099866666666666	0.0	0.0019866666666666	0.0918666666666666	0.0006133333333333	0.0164133333333333	0.0018533333333333	0.0	0.0002	0.0022266666666666	0.0011866666666666	0.0933466666666666	0.00012	0.0	0.0004533333333333	0.0036533333333333	0.0001866666666666	0.00172	0.0034533333333333	0.1727733333333333	0.01892	0.00012	0.00012	0.0033866666666666	0.0	0.01488
0.0	0.0	0.0	6.666666666666667e-05	0.0	9.333333333333332e-05	6.666666666666667e-05	0.0	0.0	8e-05	0.00312	0.0	0.01008	0.0	0.0	0.0	0.0	0.0	0.0	0.0	0.0	0.0	0.0	0.0002933333333333	0.00024	0.00328	0.0035333333333333	0.0002266666666666	0.0001733333333333	0.0	0.00112	0.0	0.0	0.0002	0.00016	0.0	0.00028	0.0003066666666666	0.0	0.0006933333333333	0.0008266666666666	0.002	0.0002	0.0019866666666666	0.0	0.0017733333333333	0.0393066666666666	0.00756	0.00024	0.0	0.0003466666666666	0.07672	0.0023066666666666	0.00132	0.0	0.0	0.00032	0.0003066666666666	0.0006533333333333	0.0460266666666666	0.0017466666666666	0.0011066666666666	0.0185866666666666	0.0003466666666666	0.0060133333333333	0.0153466666666666	0.0	0.0574533333333333
0.0	0.0	0.0	0.0014133333333333	6.666666666666667e-05	0.00024	0.0002133333333333	0.0	0.00028	0.0012266666666666	0.0	0.0004	0.0	9.333333333333332e-05	0.0001333333333333	0.0	0.0	0.0	6.666666666666667e-05	0.0008	0.0	0.0	0.0	0.00072	0.0	6.666666666666667e-05	8e-05	0.0011066666666666	8e-05	0.0	0.0	9.333333333333332e-05	0.0	8e-05	0.0	0.0002266666666666	0.0001733333333333	0.0186133333333333	0.0003066666666666	0.0944266666666666	0.0034533333333333	0.012	0.0056933333333333	0.0918666666666666	0.0017733333333333	0.0	0.0006	0.00496	0.0046533333333333	0.0	0.0	0.0014133333333333	0.0005733333333333	0.05492	0.0	0.0002133333333333	6.666666666666667e-05	0.00404	0.0001733333333333	0.0010933333333333	0.0011733333333333	0.0150666666666666	0.0046666666666666	0.0	0.0001466666666666	0.0019066666666666	0.0	0.0047866666666666
0.0	0.0	0.0	0.0	0.0	0.0	0.0	0.0	0.0	0.0	0.01384	0.0	0.03636	9.333333333333332e-05	0.0	0.0	0.0001466666666666	0.0001733333333333	0.0002	0.0	0.0	0.0	0.0	0.00028	0.00144	0.0124666666666666	0.01104	0.0001066666666666	0.00028	0.0	0.0051866666666666	0.0001333333333333	0.0	0.0002	0.0	0.0158666666666666	0.0002	0.0002533333333333	0.00072	0.00068	0.00036	0.0006133333333333	0.00592	0.0006133333333333	0.0393066666666666	0.0006	0.0	0.0020533333333333	0.00112	0.00012	0.0001733333333333	0.0002133333333333	0.0002266666666666	0.0004	0.0	0.0061066666666666	9.333333333333332e-05	0.0107066666666666	0.0343466666666666	0.0060533333333333	0.0297066666666666	0.0005733333333333	0.0062	0.00012	0.0214	0.00708	0.0	0.0153466666666666
0.0	0.0	0.0001333333333333	0.0005066666666666	0.0	0.0003333333333333	0.00052	0.0006	0.0004266666666666	0.0008	0.00012	6.666666666666667e-05	0.0003733333333333	0.0002133333333333	0.0	0.0	0.0002133333333333	0.0	0.0	0.00032	8e-05	9.333333333333332e-05	8e-05	0.0015466666666666	0.0	0.0003866666666666	0.0004933333333333	0.0022533333333333	0.0004266666666666	0.0003466666666666	0.0	0.0	0.0	0.0002666666666666	0.0436	0.00012	0.0249466666666666	0.00296	9.333333333333332e-05	0.0022133333333333	0.1900933333333333	0.21336	0.0028266666666666	0.0164133333333333	0.00756	0.00496	0.0020533333333333	0.0	0.0006266666666666	8e-05	0.0092266666666666	0.0069333333333333	0.00996	0.00696	0.0026266666666666	6.666666666666667e-05	0.0327333333333333	0.0030133333333333	0.0004	0.0342133333333333	0.00716	0.0259466666666666	0.0556533333333333	0.06476	0.0005066666666666	0.0049866666666666	0.0	0.00944
0.0	0.0	0.0	0.00104	6.666666666666667e-05	9.333333333333332e-05	9.333333333333332e-05	0.0	0.00012	0.0006266666666666	0.0	0.00032	0.0	0.0	0.0	0.0	0.0	0.0	0.0	0.0003866666666666	0.0	0.0	0.0	0.0004	0.0	0.0	0.0	0.00044	0.0	0.0	0.0	0.0	0.0	0.0	0.0	0.0013466666666666	0.0	0.00216	0.0457333333333333	0.0158266666666666	0.0005333333333333	0.00204	0.0137066666666666	0.0018533333333333	0.00024	0.0046533333333333	0.00112	0.0006266666666666	0.0	0.0	0.0	0.0001733333333333	0.0001466666666666	0.0007066666666666	0.0	0.0032	0.0	0.0069066666666666	0.0011333333333333	0.0002533333333333	0.0014	0.0032133333333333	0.0009466666666666	0.00016	0.0	0.0014666666666666	0.0	0.00228
0.0	0.0	0.00036	0.0	0.0	0.0	0.0002533333333333	0.0	0.0	0.0	0.0	0.0	0.0	0.0001333333333333	0.0	0.0278533333333333	0.00056	0.0	9.333333333333332e-05	0.0	0.0121066666666666	0.00404	0.0275333333333333	0.0009333333333333	0.0	0.0003066666666666	0.0049066666666666	0.0007866666666666	0.00024	0.00556	0.0	0.0	0.0	0.0009866666666666	0.0	0.0006533333333333	0.0003066666666666	0.0	0.0	0.0	0.00088	0.0	8e-05	0.0	0.0	0.0	0.00012	8e-05	0.0	0.0	0.00076	0.0001733333333333	0.0008	9.333333333333332e-05	0.0574133333333333	0.0338266666666666	0.19752	0.0164933333333333	0.0001066666666666	0.0010133333333333	0.04044	0.0083866666666666	0.0003866666666666	0.0175466666666666	0.0	0.0	0.0	0.00856
6.666666666666667e-05	0.0012533333333333	0.01128	0.0	0.0	0.0	0.00036	0.0	6.666666666666667e-05	0.0	0.0	0.0	8e-05	0.00032	0.0	0.00036	0.0099733333333333	0.0	0.001	0.0	0.0001333333333333	0.0002	0.0028533333333333	0.0011466666666666	0.0	0.0059733333333333	0.02428	0.0008133333333333	0.0004133333333333	0.0001066666666666	0.0	0.0	0.0	0.0016133333333333	0.0039333333333333	0.0030666666666666	0.1236266666666666	0.0	0.0	8e-05	0.0232533333333333	0.0051866666666666	0.00064	0.0002	0.0003466666666666	0.0	0.0001733333333333	0.0092266666666666	0.0	0.00076	0.0	0.0092	0.0165066666666666	0.0001066666666666	0.0077733333333333	0.0002266666666666	0.0219733333333333	0.00284	0.0001733333333333	0.01896	0.0789466666666666	0.0097866666666666	0.0076266666666666	0.03032	0.0	0.0	0.0	0.00596
