0.0	20.902222222222225	18.111422271223816	15.160616649537513	27.24	14.010080000000002	7.169341215985581	6.904512387981024	11.031497844827587	14.2657423291184	19.99872	15.412819979188347	20.675	4.019404682274248	16.220000000000002	23.075	17.37978987281776	23.58074336283186	19.8551355661882	13.358024919243196	12.637768331562167	10.601953125	15.674766629915473	12.619483386807332	26.160000000000004	22.39306629448709	22.708901303538177	13.877809922708234	3.3475330926594467	7.264402619331989	0.0	15.01515789473684	9.214285714285715	12.204294856601091	23.65655172413793	0.0	29.13714285714285	28.07428571428572	0.0	26.6	24.023319838056683	27.906666666666663	13.863800623052962	28.031111111111112	39.64	21.0	0.0	27.87397260273973	0.0	20.828000000000003	27.92	0.0	30.360000000000003	24.83809523809524	21.1503125	12.5625	35.480000000000004	20.414887108521487	0.0	34.0	31.2	22.05681848184819	24.691814946619218	22.844789644012945	0.0	0.0	24.752	24.447659574468084
20.902222222222225	0.0	6.335624012638231	25.48	0.0	28.0	19.64101910828025	25.323636363636364	11.45756821978838	22.76	9.6360970107163	17.072000000000003	7.164404225213071	25.67851851851852	17.884892086330936	9.701111111111112	8.94673191952148	10.580199501246884	10.235438937479756	33.160000000000004	19.91058823529412	4.018095238095238	10.481632653061224	12.609497845396184	4.909565442243324	7.897543443449381	5.151381537198104	17.928139534883723	17.644081632653062	18.27552795031056	9.254736842105263	0.0	18.1	10.547488151658769	23.160000000000004	2.511707953063885	9.951242603550297	0.0	0.0	0.0	0.0	0.0	14.565714285714288	0.0	18.186666666666667	0.0	9.186315789473683	0.0	0.0	15.12	11.316756756756757	15.830000000000002	9.76017391304348	0.0	0.0	7.89122807017544	12.029565217391305	18.434285714285718	5.486329113924051	8.876719242902208	9.13047020065888	0.0	0.0	0.0	0.0	0.0	0.0	11.84
18.111422271223816	6.335624012638231	0.0	24.229906542056074	0.0	26.180465116279077	17.64059668239021	22.040028275212062	17.53304721030043	20.16468969829608	12.19487926408586	28.859428571428573	13.0205504587156	21.873638203156617	24.393333333333334	11.58221570066031	8.342969001335915	11.991423052157115	10.634883456509382	24.36627450980392	9.617515845070423	9.771941463414636	6.916376803963895	17.227254521963822	9.48095238095238	8.689890108223302	6.503272054572783	14.770542439155935	26.252351274787536	14.55803095661	13.814285714285711	30.9131914893617	24.33142857142857	8.84712832929782	31.820000000000004	9.156586021505376	16.352974667014887	0.0	0.0	0.0	29.46266666666667	35.69333333333334	20.84	31.74	28.06	0.0	22.844444444444445	32.8552380952381	0.0	18.964326018808777	18.617333979641295	24.609655172413795	21.399004975124377	0.0	22.95943925233645	9.582208201892746	18.626738036785127	25.52427807486631	17.950361445783134	17.04060606060606	16.210274070160125	26.2754347826087	33.70857142857143	24.981538461538463	27.21333333333334	0.0	25.92	18.8374358974359
15.160616649537513	25.48	24.229906542056074	0.0	20.85333333333333	11.820581081081082	8.719679439018282	16.048550797649035	10.984842153077448	6.025110045493668	28.78857142857143	6.442714432700403	25.3725	18.70837835757716	14.10048	14.773333333333332	27.128000000000004	31.352500000000003	28.343529411764703	2.8977645925320066	18.74666666666667	15.622000000000003	22.17363057324841	4.777378428712667	0.0	29.659335793357933	25.311515151515152	3.719798175283384	17.997201343008776	17.43192660550459	0.0	25.166666666666664	15.959652173913046	16.12202794930127	26.52	0.0	0.0	27.85562927856767	0.0	30.042105263157897	25.60828175026681	31.036	13.83928106600558	28.950826666666664	42.65428571428572	23.077191650853887	0.0	35.858333333333334	18.24	0.0	0.0	41.440000000000005	47.48	25.59434640522876	26.82	0.0	29.76	22.431604301075268	0.0	45.48	49.08	27.849289002557544	31.52434782608696	29.22	0.0	0.0	26.78	30.511529411764705
27.24	0.0	0.0	20.85333333333333	0.0	2.727431100382217	19.8144	4.547323943661972	8.170526315789475	21.29	9.077142857142857	16.921194029850746	5.878260869565218	4.492915851272016	2.648002346729246	0.0	32.82000000000001	35.68	18.39	21.410000000000004	0.0	0.0	28.74	14.2	17.64	23.7	17.520000000000003	23.494545454545456	2.9621814890246663	20.360000000000003	0.0	2.6134685716555666	0.0	3.011701454775459	0.0	0.0	0.0	0.0	0.0	0.0	0.0	0.0	0.0	0.0	0.0	0.0	0.0	0.0	0.0	0.0	0.0	0.0	0.0	0.0	0.0	0.0	0.0	0.0	0.0	0.0	0.0	0.0	0.0	34.96	0.0	0.0	0.0	0.0
14.010080000000002	28.0	26.180465116279077	11.820581081081082	2.727431100382217	0.0	8.470667513062162	6.013723240721357	6.8138048780487805	6.166638936393225	12.805714285714288	6.091446374990043	7.072659251769464	10.457266043387492	2.969557670346403	17.240000000000002	28.432380952380957	26.40615384615385	23.05037037037037	8.457117106967837	18.62461538461539	18.093333333333334	24.125172413793106	10.4279792746114	22.610000000000003	26.93625	21.896202531645567	10.631633622470051	8.26292436854958	19.60962962962963	0.0	5.079723190433787	17.08774193548387	5.861902367120437	23.68	0.0	0.0	30.775652173913045	0.0	32.440000000000005	26.378181818181822	34.42666666666666	16.047741935483874	30.515000000000004	0.0	24.5325	0.0	33.70666666666666	0.0	22.360000000000003	0.0	45.96	0.0	27.96	33.32000000000001	0.0	0.0	24.40888888888889	20.880000000000003	25.8	26.660000000000004	27.87659574468085	27.946666666666665	24.58	0.0	0.0	31.96	31.8
7.169341215985581	19.64101910828025	17.64059668239021	8.719679439018282	19.8144	8.470667513062162	0.0	10.003082563243815	9.257351448049125	4.6909848098990325	25.70661463414634	13.889667673716014	23.336380952380956	9.370471405617035	12.8514381270903	11.033927473878304	18.126767077438004	24.35712241054614	21.190004568296025	7.889031746031748	11.115135905992414	11.95611380985427	14.205844607653654	7.832048688803366	25.2896	22.987011361565106	19.40040559980352	6.985784578844201	13.359179099484848	6.1353136383280855	28.368	20.01669928245271	12.863106372667795	12.920926988412646	23.07555555555556	26.428571428571427	28.504705882352944	26.7737109375	0.0	27.942564102564106	23.43032876712329	29.433333333333337	12.827858472998136	27.51773095623987	37.638000000000005	21.15794661190965	0.0	30.3225	0.0	23.807868852459016	30.75636363636364	37.68	0.0	24.255886524822696	22.63277591973244	14.277241379310343	28.755573770491804	21.278346368715084	0.0	34.41052631578948	28.427353951890037	23.508983897834536	26.364128595600683	23.746007604562735	0.0	0.0	24.8831746031746	25.72168539325843
6.904512387981024	25.323636363636364	22.040028275212062	16.048550797649035	4.547323943661972	6.013723240721357	10.003082563243815	0.0	13.164364671117434	10.357809308661404	17.259312602291324	14.202775786978336	6.642143549951503	4.329824112419152	9.962249388753056	24.771612903225808	22.463275093725684	28.530414847161573	24.5982128982129	14.83577831888575	16.429692712906057	15.77520295202952	19.537878982398052	14.78266334991708	24.28	26.263335406044025	25.090919540229883	14.061028781383955	7.0397983442481165	13.535771727455288	36.56	5.541502200866318	15.78865784499055	6.009458203154767	27.009056603773587	29.38285714285714	33.195789473684215	29.86520547945205	0.0	29.288000000000004	26.292610556348077	30.87567567567568	15.91912	31.388771929824564	41.01714285714286	23.74962962962963	37.21333333333334	31.780224719101124	30.2	24.95692307692308	34.664	41.592	34.88	27.4174025974026	26.631688311688315	16.773333333333333	33.31846153846154	24.68083467094703	0.0	30.444	32.52051948051948	26.173511988716506	29.6785498489426	27.353587786259546	0.0	0.0	28.28142857142857	28.95103825136612
11.031497844827587	11.45756821978838	17.53304721030043	10.984842153077448	8.170526315789475	6.8138048780487805	9.257351448049125	13.164364671117434	0.0	11.740059031877212	22.95884057971015	2.769938372816193	20.4836442516269	14.262853150110631	3.670158553340017	13.9	20.32904761904762	24.16928571428572	23.68193548387097	8.99616620498615	13.18759878419453	4.056983068537632	17.330000000000002	4.522187496930708	18.632830188679247	20.92957654723127	16.367923211169284	10.3083401242402	11.448501384878307	9.899678661087869	0.0	19.648666666666667	11.143431706955363	10.06008226888937	12.574407582938388	16.4	19.53714285714286	15.510576984379984	0.0	17.19154929577465	12.743301476976542	19.00567741935484	2.2333922439448743	16.422623294858344	28.87692307692308	10.16434456928839	8.331764705882353	16.878260869565217	7.42	11.04	22.31	0.0	30.28	13.146711970726608	12.205000000000002	2.258090452261307	19.688	9.584151857835218	13.488	30.984	23.976774193548387	13.163710195734737	14.27249793899423	12.549378084896349	0.0	22.12	14.111191335740074	14.036135265700484
14.2657423291184	22.76	20.16468969829608	6.025110045493668	21.29	6.166638936393225	4.6909848098990325	10.357809308661404	11.740059031877212	0.0	25.716299559471366	5.248672735984667	21.462586206896557	16.0131304257805	13.207665847665847	13.411612903225809	23.6702390438247	28.519407407407407	25.97114285714286	3.647954733573621	14.768	17.481600000000004	17.494920505503465	7.7687130392632096	34.36	25.440701145435614	22.083311258278147	6.1872805846391685	18.006443915727044	14.51482470784641	0.0	21.80557969357421	15.743896457765668	16.334053410578946	28.375	0.0	32.026666666666664	29.21577608142494	0.0	30.56	25.82299465240642	31.16872727272728	14.445361445783131	30.20931818181818	42.705	23.624588744588745	44.16	34.06486486486487	0.0	22.22	30.68	44.48	0.0	26.563757763975158	26.071111111111115	20.76	32.495555555555555	23.903342366757	0.0	40.06	31.026666666666664	28.136024973985435	30.567555555555558	27.00869565217392	0.0	0.0	28.68	31.058823529411768
19.99872	9.6360970107163	12.19487926408586	28.78857142857143	9.077142857142857	12.805714285714288	25.70661463414634	17.259312602291324	22.95884057971015	25.716299559471366	0.0	22.82835734870317	3.588172849547392	18.599252110977083	22.360000000000003	18.399898819561557	6.044878048780488	3.3925814111640045	3.7417335882727856	25.606516853932582	17.61826677994902	15.313076923076924	17.257389984825494	23.86198952879581	4.676697183712617	5.086665441675788	8.41303825803826	22.28354740061162	10.382464788732396	16.62560606060606	4.024332527791204	9.888093023255816	16.714285714285715	3.7889478218791672	0.0	11.546526315789476	19.89333333333333	0.0	0.0	0.0	0.0	0.0	25.98857142857143	0.0	13.29956204379562	35.32000000000001	13.274627450980391	41.24	0.0	27.73	20.293333333333333	15.484433497536946	15.543577235772355	0.0	28.65647058823529	18.098305084745764	26.936	29.8	6.498748717948717	15.07629539951574	15.112134953745691	30.27	0.0	28.56	15.256326530612249	0.0	0.0	17.40888888888889
15.412819979188347	17.072000000000003	28.859428571428573	6.442714432700403	16.921194029850746	6.091446374990043	13.889667673716014	14.202775786978336	2.769938372816193	5.248672735984667	22.82835734870317	0.0	18.213471502590675	17.054531266300835	3.3313373118642797	0.0	28.875	28.395	30.340000000000003	3.7666285608425993	24.62	11.280465116279071	26.57548387096774	4.868397419354839	21.520000000000003	29.52610169491526	27.59076923076923	7.479341300151946	16.283829705848603	18.672592592592597	0.0	17.736530940489295	17.800670391061452	14.241505439576596	21.28	0.0	0.0	23.81674876847291	0.0	24.726666666666667	24.03568862275449	28.296	7.966265060240964	26.835555555555555	39.68	21.453333333333337	27.06	33.14857142857143	0.0	0.0	0.0	0.0	0.0	22.45437288135593	0.0	0.0	0.0	17.756212121212123	11.82	0.0	42.84	26.02746268656717	29.464516129032265	32.940000000000005	0.0	0.0	24.0	26.947096774193547
20.675	7.164404225213071	13.0205504587156	25.3725	5.878260869565218	7.072659251769464	23.336380952380956	6.642143549951503	20.4836442516269	21.462586206896557	3.588172849547392	18.213471502590675	0.0	8.06797583081571	26.192	18.73714285714286	15.602222222222224	6.634165842074016	7.812013289036545	21.38058091286307	24.08769230769231	13.022713286713287	20.492467532467533	22.565103448275863	3.5817890541162045	2.770232309073441	4.1115118067493	23.99428571428572	5.815330156569095	24.32857142857143	2.6827968923418424	5.814460338101431	0.0	4.3245566227384415	0.0	8.983243243243244	14.921600000000002	0.0	0.0	0.0	37.92	0.0	24.246666666666663	0.0	12.875231788079471	0.0	11.75597498578738	0.0	0.0	0.0	18.76	14.47528971962617	13.723622047244096	36.0	0.0	17.91619047619048	23.28	29.040000000000003	6.458184523809524	13.854907749077492	13.956863784174397	33.440000000000005	28.72	0.0	15.27144827586207	0.0	0.0	17.2
4.019404682274248	25.67851851851852	21.873638203156617	18.70837835757716	4.492915851272016	10.457266043387492	9.370471405617035	4.329824112419152	14.262853150110631	16.0131304257805	18.599252110977083	17.054531266300835	8.06797583081571	0.0	15.247529411764706	25.926666666666662	22.000349389589825	28.17550951374207	24.395132867132865	17.78216512409633	16.064925437961488	13.783317535545024	19.66416247612365	15.837973544737896	26.336666666666662	26.42999193710945	25.56771109930961	17.500998950235054	4.710930343968573	13.24157894736842	0.0	7.254004024144869	15.795660377358493	8.516174901147838	26.95296703296703	25.08	32.0	32.86363636363637	0.0	30.115	28.37923541247485	32.66068965517242	17.68342857142857	33.0162962962963	42.3	26.58857142857143	21.08	32.192	0.0	23.884000000000004	36.010000000000005	41.18	28.160000000000004	29.56811594202899	24.43012552301256	15.935925925925924	32.374117647058824	24.758931807343824	0.0	28.02	33.17785714285715	25.73426552621792	29.27877551020408	26.53406698564593	0.0	0.0	29.34139534883721	28.953469387755103
16.220000000000002	17.884892086330936	24.393333333333334	14.10048	2.648002346729246	2.969557670346403	12.8514381270903	9.962249388753056	3.670158553340017	13.207665847665847	22.360000000000003	3.3313373118642797	26.192	15.247529411764706	0.0	10.4	26.37333333333333	0.0	27.880000000000003	11.649690048939645	0.0	11.95369349503859	23.7	6.640015423173319	24.05181818181818	27.565000000000005	22.57238578680203	15.14712643678161	15.18892307692308	15.569655172413794	0.0	8.077676767676769	16.601904761904763	10.596444444444444	0.0	0.0	0.0	18.813333333333333	0.0	0.0	0.0	0.0	7.137777777777778	22.24	0.0	14.68	0.0	0.0	0.0	0.0	0.0	0.0	0.0	20.07555555555556	22.44	0.0	0.0	18.464	0.0	0.0	30.424	21.831111111111117	0.0	18.520000000000003	0.0	0.0	0.0	0.0
23.075	9.701111111111112	11.58221570066031	14.773333333333332	0.0	17.240000000000002	11.033927473878304	24.771612903225808	13.9	13.411612903225809	18.399898819561557	0.0	18.73714285714286	25.926666666666662	10.4	0.0	16.337364166196654	22.45382716049383	18.352712215320917	22.5	8.704447062484718	4.482486352659455	4.825712432432433	5.144686136287345	19.58	16.86957605430066	6.675936836402087	5.034336106251562	15.782500000000002	11.400386923764527	18.256	0.0	10.446666666666667	13.123074829931976	18.70555555555556	17.833846153846157	20.744964539007093	0.0	0.0	0.0	21.73194029850746	25.724444444444448	16.061818181818182	0.0	27.453333333333337	0.0	0.0	23.615522388059706	22.2	16.99466515216054	22.341500000000003	0.0	25.270000000000003	37.52	18.28131872761744	7.539081089461989	18.1926926975915	18.17836904761905	0.0	26.568965517241384	17.44267818574514	17.69115526802218	19.439565217391305	18.839882796149016	0.0	0.0	19.646486486486488	18.335460122699388
17.37978987281776	8.94673191952148	8.342969001335915	27.128000000000004	32.82000000000001	28.432380952380957	18.126767077438004	22.463275093725684	20.32904761904762	23.6702390438247	6.044878048780488	28.875	15.602222222222224	22.000349389589825	26.37333333333333	16.337364166196654	0.0	7.145369649805448	2.798904142258791	26.621714285714283	12.647967510211748	13.962477064220185	10.0406128276468	21.683630892678035	8.673490566037737	6.279864750047684	10.836791852852542	19.22887468030691	15.27579109536281	12.08318116748847	16.0	29.81135135135135	16.47692307692308	4.669142993554548	31.56	11.841985111662533	17.533094910591473	35.1	0.0	42.2	33.461052631578944	27.24	23.100645161290323	37.56	27.98	36.64	21.22	35.906666666666666	0.0	23.878832116788324	20.21342657342657	19.94	17.88113590263692	0.0	27.013703703703705	16.931428571428572	23.121711229946524	28.12269230769231	16.300800000000002	17.726559083810518	18.516012925677355	29.23752577319588	30.445	29.82956521739131	0.0	0.0	0.0	18.88142857142857
23.58074336283186	10.580199501246884	11.991423052157115	31.352500000000003	35.68	26.40615384615385	24.35712241054614	28.530414847161573	24.16928571428572	28.519407407407407	3.3925814111640045	28.395	6.634165842074016	28.17550951374207	0.0	22.45382716049383	7.145369649805448	0.0	3.5905293635091446	30.640000000000004	20.12310924369748	16.98916129032258	18.34107452339688	26.577428571428573	6.857524818001325	4.881392012175832	9.199234740964306	24.530207468879667	22.8	19.897752161383288	8.161111111111111	28.3648	22.1	8.754250803858522	0.0	11.658823529411766	21.04	0.0	0.0	23.160000000000004	33.92	0.0	27.622857142857143	41.720000000000006	15.13972602739726	0.0	14.433741007194246	0.0	0.0	29.88285714285714	26.933333333333337	16.832485549132947	16.96474820143885	0.0	31.777500000000003	21.237894736842104	31.476	31.389090909090918	9.832	16.930782159017454	16.197877409573316	33.536	0.0	33.176	17.361333333333334	0.0	30.880000000000003	19.34
19.8551355661882	10.235438937479756	10.634883456509382	28.343529411764703	18.39	23.05037037037037	21.190004568296025	24.5982128982129	23.68193548387097	25.97114285714286	3.7417335882727856	30.340000000000003	7.812013289036545	24.395132867132865	27.880000000000003	18.352712215320917	2.798904142258791	3.5905293635091446	0.0	28.3875	16.206421062972787	16.423739279588336	15.661822784810129	23.66538641686183	7.434984709480124	6.165671587231619	9.102352301164183	21.29091154625253	17.630506329113924	15.80737984496124	9.0275	24.465454545454545	17.78	5.605004620218073	0.0	10.605637583892618	19.94909090909091	0.0	0.0	0.0	35.8	39.78	27.168	0.0	17.115140186915887	0.0	17.4894623655914	0.0	0.0	24.711304347826086	19.860000000000003	17.83642105263158	17.063948428686544	41.760000000000005	27.49066666666667	18.753777777777778	27.016470588235297	28.803809523809527	11.421818181818184	17.164614173228347	16.892267508610793	29.805	37.56	27.90181818181818	19.28571428571429	0.0	0.0	20.75652173913044
13.358024919243196	33.160000000000004	24.36627450980392	2.8977645925320066	21.410000000000004	8.457117106967837	7.889031746031748	14.83577831888575	8.99616620498615	3.647954733573621	25.606516853932582	3.7666285608425993	21.38058091286307	17.78216512409633	11.649690048939645	22.5	26.621714285714283	30.640000000000004	28.3875	0.0	20.15703703703704	19.610909090909093	22.05927272727273	3.5474259661498104	0.0	30.201025641025645	29.55	3.697595558932531	16.692757744767796	17.146526315789476	0.0	22.21020202020202	14.216457645764578	15.041981049816894	24.142857142857142	0.0	30.933333333333337	25.52071691627793	0.0	28.332873563218392	23.111418115279047	29.42271844660194	12.033387334315169	26.596	39.0	20.46691758598313	0.0	31.541265822784812	15.660000000000002	0.0	0.0	40.84	0.0	23.113767112751884	0.0	24.48	0.0	20.312600810753143	0.0	42.74	38.88	25.28881714739349	28.505469387755102	21.312	0.0	0.0	27.417142857142856	27.487555555555552
12.637768331562167	19.91058823529412	9.617515845070423	18.74666666666667	0.0	18.62461538461539	11.115135905992414	16.429692712906057	13.18759878419453	14.768	17.61826677994902	24.62	24.08769230769231	16.064925437961488	0.0	8.704447062484718	12.647967510211748	20.12310924369748	16.206421062972787	20.15703703703704	0.0	8.657400756647307	6.735124339935313	5.696661642046026	24.03636363636364	19.474029981718463	12.856519521731736	5.703970571061545	10.765265392781316	7.272362418744781	0.0	24.81714285714286	12.07	8.780943802430032	21.952972972972976	22.228571428571428	22.0712	37.6	0.0	36.6	23.804689655172417	28.637777777777774	18.54823529411765	28.056	35.06	0.0	0.0	25.73624060150376	23.306666666666665	17.90703372028745	26.52	0.0	29.09818181818182	0.0	20.29017190278601	10.6389376	20.307988700564973	19.589266030013643	0.0	30.558000000000003	21.93238615664845	20.35090793327391	21.50817910447761	20.64985123966942	0.0	0.0	21.2085	21.9391452991453
10.601953125	4.018095238095238	9.771941463414636	15.622000000000003	0.0	18.093333333333334	11.95611380985427	15.77520295202952	4.056983068537632	17.481600000000004	15.313076923076924	11.280465116279071	13.022713286713287	13.783317535545024	11.95369349503859	4.482486352659455	13.962477064220185	16.98916129032258	16.423739279588336	19.610909090909093	8.657400756647307	0.0	8.673964846787992	5.736719043950334	11.420101804720035	14.165453009503697	8.168589636089218	8.325031061186284	9.288415369958717	9.66681213718144	17.12	21.976	10.423597883597884	9.91993569131833	12.75050847457627	4.578181818181818	13.425098039215689	0.0	0.0	0.0	14.168627450980392	19.512	5.644507042253521	20.520000000000003	0.0	0.0	0.0	16.327272727272728	14.14	8.867703163017032	14.078	23.0	15.5	0.0	11.498704856787048	2.138897431702929	10.73105574587356	10.387728796081465	9.794626865671642	17.30666666666667	9.667388922702374	11.368412138320396	12.929503759398496	12.13175834084761	0.0	0.0	12.73375	12.608767123287672
15.674766629915473	10.481632653061224	6.916376803963895	22.17363057324841	28.74	24.125172413793106	14.205844607653654	19.537878982398052	17.330000000000002	17.494920505503465	17.257389984825494	26.57548387096774	20.492467532467533	19.66416247612365	23.7	4.825712432432433	10.0406128276468	18.34107452339688	15.661822784810129	22.05927272727273	6.735124339935313	8.673964846787992	0.0	15.416177240684794	15.78	13.957785425621546	10.514055503511264	10.75295815736036	17.823496855345912	9.58716959807869	23.96	28.06759493670886	21.608888888888888	5.793015943149601	26.090000000000003	11.598672985781992	18.900595430417727	0.0	0.0	0.0	28.843200000000003	31.106666666666666	20.87529411764706	33.52	24.59	0.0	30.85333333333333	31.502	0.0	18.15400945423292	21.301669902912625	28.6	24.37333333333333	30.880000000000003	21.142345132743365	10.869594703697723	19.703497903940598	22.72026825633383	21.666666666666664	25.721893491124263	18.30331733085267	24.202639593908632	27.67809523809524	22.330444145356665	0.0	0.0	30.385	21.79439252336449
12.619483386807332	12.609497845396184	17.227254521963822	4.777378428712667	14.2	10.4279792746114	7.832048688803366	14.78266334991708	4.522187496930708	7.7687130392632096	23.86198952879581	4.868397419354839	22.565103448275863	15.837973544737896	6.640015423173319	5.144686136287345	21.683630892678035	26.577428571428573	23.66538641686183	3.5474259661498104	5.696661642046026	5.736719043950334	15.416177240684794	0.0	19.41152722443559	23.19209213051824	15.139122769602617	3.8180940820304	14.032298365054912	11.522037014884564	26.0	22.476100628930816	12.885433088804849	11.72902320561252	19.75932624113475	17.8	24.984285714285715	22.487128655813287	0.0	23.56812227074236	20.13906756756757	24.808794926004232	8.631095958519783	23.593863099921325	33.71662835249042	17.542203182374543	42.290000000000006	25.332649903288203	20.973333333333336	18.09393139841689	27.071111111111115	36.852500000000006	34.30800000000001	20.61233295063146	18.449867004433187	9.275455207574655	20.11483870967742	17.339071029175663	34.040000000000006	37.110625000000006	26.934545454545457	19.60803568460132	22.729192215409228	19.68025009194557	41.0	31.98	21.344976228209195	22.591162112932608
26.160000000000004	4.909565442243324	9.48095238095238	0.0	17.64	22.610000000000003	25.2896	24.28	18.632830188679247	34.36	4.676697183712617	21.520000000000003	3.5817890541162045	26.336666666666662	24.05181818181818	19.58	8.673490566037737	6.857524818001325	7.434984709480124	0.0	24.03636363636364	11.420101804720035	15.78	19.41152722443559	0.0	6.28924905703509	3.555919971048959	24.7646511627907	18.256470588235292	24.95148936170213	7.2884393063583826	16.1	23.880000000000003	9.664257425742576	0.0	4.995981735159818	13.446206896551724	0.0	0.0	29.840000000000003	0.0	0.0	20.356	0.0	10.113628318584071	37.56	7.744353899883587	26.24	0.0	21.6	15.824000000000002	12.474127423822717	12.356413793103448	0.0	0.0	15.15818181818182	21.360000000000003	26.576	5.75144385026738	12.707939450108125	11.602326363854845	26.840000000000003	0.0	0.0	10.932972972972973	0.0	0.0	13.385454545454545
22.39306629448709	7.897543443449381	8.689890108223302	29.659335793357933	23.7	26.93625	22.987011361565106	26.263335406044025	20.92957654723127	25.440701145435614	5.086665441675788	29.52610169491526	2.770232309073441	26.42999193710945	27.565000000000005	16.86957605430066	6.279864750047684	4.881392012175832	6.165671587231619	30.201025641025645	19.474029981718463	14.165453009503697	13.957785425621546	23.19209213051824	6.28924905703509	0.0	6.395665770240184	22.506819608602985	22.71842629482072	19.593082835183605	4.148399452804378	28.05737556561086	24.872	9.637462885738117	31.63384615384616	9.435008752188049	15.172685990338165	0.0	0.0	31.440000000000005	33.245714285714286	31.264000000000003	24.32075471698113	40.385000000000005	16.347319587628867	36.80800000000001	15.529730893433802	34.03428571428572	36.24	26.417428571428577	17.76650519031142	17.311116121758737	16.254878632478633	39.7	29.01694117647059	18.303937007874016	26.97774834437086	29.80851063829787	11.45684210526316	16.01120391718761	16.00515891416383	31.67317073170732	36.3	29.975813953488377	18.791529411764703	0.0	42.4	17.5328
22.708901303538177	5.151381537198104	6.503272054572783	25.311515151515152	17.520000000000003	21.896202531645567	19.40040559980352	25.090919540229883	16.367923211169284	22.083311258278147	8.41303825803826	27.59076923076923	4.1115118067493	25.56771109930961	22.57238578680203	6.675936836402087	10.836791852852542	9.199234740964306	9.102352301164183	29.55	12.856519521731736	8.168589636089218	10.514055503511264	15.139122769602617	3.555919971048959	6.395665770240184	0.0	15.6773012440156	20.75464	18.39174872665535	5.164830917874397	19.51333333333333	23.38823529411765	9.731270869624788	31.724444444444448	7.809519165122404	14.359599424705696	0.0	0.0	31.706666666666667	29.23495495495496	34.714285714285715	21.61848484848485	39.556	15.372750000000002	38.68	15.732072498029948	31.90571428571429	32.54666666666667	16.256071245076214	17.718387096774194	16.320615046677652	15.014485154769426	39.24	20.81232104121475	7.97357812811814	17.358294391424945	23.66372549019608	11.812478421701604	14.783814409484725	15.041517598525411	23.88491978609626	29.60285714285714	25.124307692307696	18.405	0.0	34.36	15.726661478599222
13.877809922708234	17.928139534883723	14.770542439155935	3.719798175283384	23.494545454545456	10.631633622470051	6.985784578844201	14.061028781383955	10.3083401242402	6.1872805846391685	22.28354740061162	7.479341300151946	23.99428571428572	17.500998950235054	15.14712643678161	5.034336106251562	19.22887468030691	24.530207468879667	21.29091154625253	3.697595558932531	5.703970571061545	8.325031061186284	10.75295815736036	3.8180940820304	24.7646511627907	22.506819608602985	15.6773012440156	0.0	16.06375443324708	8.833639848786184	0.0	23.32795	13.98742835160608	11.977421944920348	21.768306997742663	21.265	27.805079365079365	28.979092558983663	0.0	26.049894736842106	23.364080727434025	28.73985748218528	14.593023104458188	29.63831302717901	35.76285714285714	23.48964285714286	42.08	26.409034608378867	20.632	18.188387096774196	29.40615384615385	40.58	34.82545454545455	26.52034059604308	20.18173493975904	11.073882646691636	24.2325	19.4893402278294	0.0	38.158750000000005	26.650755287009066	21.26404876970214	23.800451303332903	21.387631666114608	40.64	0.0	23.33338688085676	24.01534726143422
3.3475330926594467	17.644081632653062	26.252351274787536	17.997201343008776	2.9621814890246663	8.26292436854958	13.359179099484848	7.0397983442481165	11.448501384878307	18.006443915727044	10.382464788732396	16.283829705848603	5.815330156569095	4.710930343968573	15.18892307692308	15.782500000000002	15.27579109536281	22.8	17.630506329113924	16.692757744767796	10.765265392781316	9.288415369958717	17.823496855345912	14.032298365054912	18.256470588235292	22.71842629482072	20.75464	16.06375443324708	0.0	6.3635100864553324	0.0	3.3874190612404105	2.954075706303612	4.269748169654128	23.620836012861737	17.880000000000003	29.527500000000003	30.87684210526316	0.0	28.75846153846154	26.10587341772152	30.673394495412843	15.571173520561686	30.113000000000007	39.45230769230769	24.496969696969696	44.84	29.10751773049645	0.0	19.290039215686274	29.13714285714285	0.0	33.2	29.23395683453237	19.844987775061124	11.49851030110935	22.856585365853658	21.53387252747253	0.0	31.612	35.03666666666667	21.875389897008336	25.38459948320413	23.023304514889528	0.0	0.0	24.902010582010583	25.47443661971831
7.264402619331989	18.27552795031056	14.55803095661	17.43192660550459	20.360000000000003	19.60962962962963	6.1353136383280855	13.535771727455288	9.899678661087869	14.51482470784641	16.62560606060606	18.672592592592597	24.32857142857143	13.24157894736842	15.569655172413794	11.400386923764527	12.08318116748847	19.897752161383288	15.80737984496124	17.146526315789476	7.272362418744781	9.66681213718144	9.58716959807869	11.522037014884564	24.95148936170213	19.593082835183605	18.39174872665535	8.833639848786184	6.3635100864553324	0.0	0.0	20.583142857142857	11.037837837837838	5.076510328068045	22.290236966824647	22.24	25.845	28.032	0.0	27.67764705882353	23.580943396226417	28.229333333333336	13.217060931899642	27.506666666666668	37.06285714285714	36.34666666666667	42.32000000000001	26.45084112149533	25.906666666666663	19.037466536075744	26.48	41.92	30.986666666666668	25.408000000000005	20.682339527989967	11.67268782643632	21.386297229219142	20.074861015391683	0.0	32.92	26.703376623376624	20.99361089973548	23.419977653631285	22.00663634938059	0.0	35.040000000000006	23.425034965034968	23.117503250975293
0.0	9.254736842105263	13.814285714285711	0.0	0.0	0.0	28.368	36.56	0.0	0.0	4.024332527791204	0.0	2.6827968923418424	0.0	0.0	18.256	16.0	8.161111111111111	9.0275	0.0	0.0	17.12	23.96	26.0	7.2884393063583826	4.148399452804378	5.164830917874397	0.0	0.0	0.0	0.0	0.0	0.0	11.046315789473685	0.0	0.0	0.0	0.0	0.0	0.0	0.0	0.0	0.0	0.0	15.7	0.0	14.646238532110091	0.0	0.0	0.0	0.0	17.175714285714285	16.5	0.0	0.0	26.2	0.0	0.0	9.231666666666666	17.189508196721313	16.276666666666667	0.0	0.0	0.0	17.990000000000002	0.0	0.0	0.0
15.01515789473684	0.0	30.9131914893617	25.166666666666664	2.6134685716555666	5.079723190433787	20.01669928245271	5.541502200866318	19.648666666666667	21.80557969357421	9.888093023255816	17.736530940489295	5.814460338101431	7.254004024144869	8.077676767676769	0.0	29.81135135135135	28.3648	24.465454545454545	22.21020202020202	24.81714285714286	21.976	28.06759493670886	22.476100628930816	16.1	28.05737556561086	19.51333333333333	23.32795	3.3874190612404105	20.583142857142857	0.0	0.0	28.360000000000003	3.0253974995513557	35.88	17.68	40.84	38.620000000000005	0.0	0.0	33.515	39.14	23.184000000000005	0.0	0.0	34.040000000000006	0.0	36.620000000000005	0.0	0.0	0.0	0.0	0.0	34.9	30.78666666666667	0.0	0.0	30.917857142857144	20.68	0.0	43.440000000000005	33.06315789473685	36.7	34.14	0.0	0.0	35.480000000000004	33.7
9.214285714285715	18.1	24.33142857142857	15.959652173913046	0.0	17.08774193548387	12.863106372667795	15.78865784499055	11.143431706955363	15.743896457765668	16.714285714285715	17.800670391061452	0.0	15.795660377358493	16.601904761904763	10.446666666666667	16.47692307692308	22.1	17.78	14.216457645764578	12.07	10.423597883597884	21.608888888888888	12.885433088804849	23.880000000000003	24.872	23.38823529411765	13.98742835160608	2.954075706303612	11.037837837837838	0.0	28.360000000000003	0.0	3.0103209019947963	23.39684210526316	0.0	29.226666666666667	28.148571428571422	0.0	26.333333333333336	24.45971014492753	28.81428571428572	14.41864168618267	27.82181818181818	42.36	23.04	40.92	28.77253731343284	0.0	19.0	35.56	0.0	0.0	26.74	21.338461538461537	12.758857142857144	22.78666666666667	21.04387211367673	0.0	0.0	28.360000000000003	22.4412109375	25.48591928251121	23.391534391534396	0.0	0.0	24.72521739130435	25.47593220338983
12.204294856601091	10.547488151658769	8.84712832929782	16.12202794930127	3.011701454775459	5.861902367120437	12.920926988412646	6.009458203154767	10.06008226888937	16.334053410578946	3.7889478218791672	14.241505439576596	4.3245566227384415	8.516174901147838	10.596444444444444	13.123074829931976	4.669142993554548	8.754250803858522	5.605004620218073	15.041981049816894	8.780943802430032	9.91993569131833	5.793015943149601	11.72902320561252	9.664257425742576	9.637462885738117	9.731270869624788	11.977421944920348	4.269748169654128	5.076510328068045	11.046315789473685	3.0253974995513557	3.0103209019947963	0.0	21.833432835820894	12.291014492753623	16.083389830508473	31.057500000000005	0.0	28.384000000000004	24.43389312977099	28.64521739130435	13.76819944598338	30.70947368421053	27.76	23.684000000000005	19.87	26.160529801324508	0.0	16.93660377358491	19.702857142857145	20.755000000000003	19.3774149659864	26.719148936170217	19.12388451443569	11.326524822695037	19.546857142857142	19.14286730700818	16.21	19.07220779220779	17.326062283737024	20.8172934973638	22.77548387096774	20.51219512195122	0.0	0.0	22.95164179104478	24.173513513513512
23.65655172413793	23.160000000000004	31.820000000000004	26.52	0.0	23.68	23.07555555555556	27.009056603773587	12.574407582938388	28.375	0.0	21.28	0.0	26.95296703296703	0.0	18.70555555555556	31.56	0.0	0.0	24.142857142857142	21.952972972972976	12.75050847457627	26.090000000000003	19.75932624113475	0.0	31.63384615384616	31.724444444444448	21.768306997742663	23.620836012861737	22.290236966824647	0.0	35.88	23.39684210526316	21.833432835820894	0.0	21.798	18.48507042253521	14.31397639653816	0.0	15.005365853658535	8.387610463653896	10.867874439461884	10.112366863905326	13.14438137969714	19.111483870967746	14.222840579710146	18.6	3.7562092382991743	15.565714285714288	18.95818181818182	17.38371125931738	23.961686746987954	19.493551472438963	13.149626307922272	10.4782874617737	10.690181818181818	15.240993377483443	11.814282489276843	22.92	21.41544760582929	23.073189964157702	12.9525987753983	2.980707805353528	4.702387495092967	0.0	0.0	5.180869565217392	11.196123207647371
0.0	2.511707953063885	9.156586021505376	0.0	0.0	0.0	26.428571428571427	29.38285714285714	16.4	0.0	11.546526315789476	0.0	8.983243243243244	25.08	0.0	17.833846153846157	11.841985111662533	11.658823529411766	10.605637583892618	0.0	22.228571428571428	4.578181818181818	11.598672985781992	17.8	4.995981735159818	9.435008752188049	7.809519165122404	21.265	17.880000000000003	22.24	0.0	17.68	0.0	12.291014492753623	21.798	0.0	7.304825291181364	32.720000000000006	0.0	21.973333333333336	22.84689655172414	27.2	12.661589477879634	32.96666666666667	8.662758620689655	29.82588235294117	8.378789065136687	25.751898734177217	19.055027624309396	10.289580838323356	8.626014206787687	8.802578456318916	6.662225717005339	30.586666666666662	17.369072164948456	4.90938889450794	9.756358907672302	12.896986517385477	4.529395015291596	6.416553196270082	6.2047588948924455	18.899400000000004	21.98526315789474	17.806153846153848	11.531162790697676	0.0	0.0	8.110904584882281
29.13714285714285	9.951242603550297	16.352974667014887	0.0	0.0	0.0	28.504705882352944	33.195789473684215	19.53714285714286	32.026666666666664	19.89333333333333	0.0	14.921600000000002	32.0	0.0	20.744964539007093	17.533094910591473	21.04	19.94909090909091	30.933333333333337	22.0712	13.425098039215689	18.900595430417727	24.984285714285715	13.446206896551724	15.172685990338165	14.359599424705696	27.805079365079365	29.527500000000003	25.845	0.0	40.84	29.226666666666667	16.083389830508473	18.48507042253521	7.304825291181364	0.0	22.59265486725664	0.0	24.99688311688312	16.65605848372944	22.36293260088739	16.258133333333333	20.397735849056605	22.06760942760943	27.624615384615385	16.95	20.034562643997777	0.0	12.103755458515284	7.55465479416699	14.594862385321102	9.004414578227529	23.9985	10.435653537057249	9.67465648854962	6.670114246386786	15.032239546970754	12.725	6.581156299783542	5.278466492426321	14.25286803713528	25.492268135904503	14.995511786791408	15.535000000000002	29.49333333333333	21.74	8.880237181723055
28.07428571428572	0.0	0.0	27.85562927856767	0.0	30.775652173913045	26.7737109375	29.86520547945205	15.510576984379984	29.21577608142494	0.0	23.81674876847291	0.0	32.86363636363637	18.813333333333333	0.0	35.1	0.0	0.0	25.52071691627793	37.6	0.0	0.0	22.487128655813287	0.0	0.0	0.0	28.979092558983663	30.87684210526316	28.032	0.0	38.620000000000005	28.148571428571422	31.057500000000005	14.31397639653816	32.720000000000006	22.59265486725664	0.0	0.0	10.100790346907996	8.876141552511417	15.165174718930416	12.260644647831278	5.892508036022633	27.698542056074768	6.5072024236626005	34.21111111111112	18.529747832939325	14.415051546391757	39.88	25.59714285714286	32.33565217391305	28.57302325581396	3.073047155999783	18.19	17.1	19.984554455445547	4.38468535538801	0.0	30.862222222222226	31.134736842105266	3.7572715535791135	17.66258619171973	16.909000000000002	33.08	24.736	17.44317820658343	17.33994581903558
0.0	0.0	0.0	0.0	0.0	0.0	0.0	0.0	0.0	0.0	0.0	0.0	0.0	0.0	0.0	0.0	0.0	0.0	0.0	0.0	0.0	0.0	0.0	0.0	0.0	0.0	0.0	0.0	0.0	0.0	0.0	0.0	0.0	0.0	0.0	0.0	0.0	0.0	0.0	2.6157334679454824	18.68	2.5127740492170023	0.0	17.110000000000003	9.99	12.68	0.0	4.5600000000000005	2.857389428263215	0.0	0.0	0.0	0.0	20.160000000000004	0.0	0.0	0.0	18.84	0.0	0.0	0.0	24.12	3.82	0.0	0.0	2.2888234032776844	0.0	3.3892436974789915
26.6	0.0	0.0	30.042105263157897	0.0	32.440000000000005	27.942564102564106	29.288000000000004	17.19154929577465	30.56	0.0	24.726666666666667	0.0	30.115	0.0	0.0	42.2	23.160000000000004	0.0	28.332873563218392	36.6	0.0	0.0	23.56812227074236	29.840000000000003	31.440000000000005	31.706666666666667	26.049894736842106	28.75846153846154	27.67764705882353	0.0	0.0	26.333333333333336	28.384000000000004	15.005365853658535	21.973333333333336	24.99688311688312	10.100790346907996	2.6157334679454824	0.0	9.210924900310149	4.392615323177179	5.05536898395722	5.4874174789585535	14.11213435599048	6.656059596920682	18.93556561085973	8.259300121685904	3.0819261996752343	21.47	25.55755102040816	19.67054545454545	20.70566037735849	7.794696927978603	19.57692307692308	22.8	22.089180327868853	13.379535887749595	18.57	21.45388704318937	23.207493917274935	10.882262025606602	6.9176003347662345	18.843636363636364	20.837241379310345	3.1707578895055084	19.53777777777778	7.028035897547875
24.023319838056683	0.0	29.46266666666667	25.60828175026681	0.0	26.378181818181822	23.43032876712329	26.292610556348077	12.743301476976542	25.82299465240642	0.0	24.03568862275449	37.92	28.37923541247485	0.0	21.73194029850746	33.461052631578944	33.92	35.8	23.111418115279047	23.804689655172417	14.168627450980392	28.843200000000003	20.13906756756757	0.0	33.245714285714286	29.23495495495496	23.364080727434025	26.10587341772152	23.580943396226417	0.0	33.515	24.45971014492753	24.43389312977099	8.387610463653896	22.84689655172414	16.65605848372944	8.876141552511417	18.68	9.210924900310149	0.0	9.580720229369666	9.673578295798762	4.448024378457807	23.163574975173784	11.460127388535032	28.718834951456312	7.773864291622081	14.047662337662336	25.091111111111115	16.714291141912334	23.076793248945147	18.489928985507248	9.786742424242425	11.103988063626938	15.219012345679014	13.29142607121904	9.000844697264863	25.85866666666667	21.08127374301676	20.32252989301448	7.4885927869303215	13.03515452971232	6.292170853000675	31.152	21.25025641025641	13.457692001591724	13.153013260546311
