0.0	33.56	19.08961424332345	16.11876823338736	19.62	19.683636363636364	7.895786084381939	6.955694944301628	14.614634146341464	15.483803131991053	22.942685370741483	19.9776	29.482816901408448	4.650659299112986	21.001481481481484	16.864	19.50019023779725	27.09405405405405	22.8650341997264	16.498311111111114	14.429388458225668	33.99	16.513534558773657	15.745055487053024	0.0	24.934169476286808	27.152328767123286	16.012101093926823	4.526650856988683	6.573699342657629	30.24	14.382857142857144	7.460083916083917	10.717037219620408	28.76	31.96	33.116	0.0	0.0	0.0	27.325	32.38	16.170434782608698	31.840000000000003	0.0	0.0	39.8	34.05	0.0	24.601904761904763	34.6	43.36	0.0	0.0	26.202978723404254	15.5	30.75	24.795189873417723	0.0	36.68571428571429	36.04137931034483	25.891914893617024	29.76666666666667	26.128000000000004	0.0	0.0	0.0	0.0
33.56	0.0	9.280625	40.440000000000005	29.11428571428572	26.296326530612248	21.981960784313724	27.582068965517244	13.308281849384212	30.93	9.558904831625185	26.723963963963968	8.681972703675793	27.31076923076923	23.603260188087777	10.595223880597016	10.323602649006624	12.547679671457908	12.167458773784356	34.665000000000006	16.82909090909091	4.521085694595383	10.71647749510763	15.050519955240585	4.452052582429423	11.242352941176472	5.818372690047314	18.377591036414564	26.65058823529412	23.5425	12.470731707317071	21.68	27.24	13.517169811320755	27.506666666666668	2.28963906581741	11.341971830985916	0.0	0.0	0.0	40.92	30.445	19.2	0.0	16.9	32.053333333333335	12.743157894736845	29.790000000000003	0.0	15.1	11.982912621359224	13.012413793103448	11.850588235294117	37.4	19.368	0.0	11.74837837837838	37.32000000000001	7.026666666666666	11.17284894837476	8.984657534246576	34.0	25.48	22.660000000000004	0.0	0.0	0.0	14.445714285714288
19.08961424332345	9.280625	0.0	20.724137931034484	34.14	24.733478691774035	18.02511770955656	23.173805121540603	22.857777777777777	23.25866666666667	34.44309392265193	0.0	19.721333333333337	24.763087719298248	27.75304347826087	13.52	6.6952960207845695	18.44186046511628	11.722855236824552	0.0	10.554239268478536	9.389248554913296	6.727310710705817	23.94736842105264	26.582857142857144	8.294740766631714	5.294191434099744	15.503733373187869	29.469704510108865	14.088562126966902	22.424	33.59413793103449	20.10990291262136	18.72724111866969	37.68	10.539123809523812	19.237414174327945	0.0	0.0	40.55	34.45714285714286	38.03764705882354	28.256	0.0	40.306666666666665	0.0	21.603636363636365	35.73925925925926	0.0	22.22953020134228	19.79451496497559	27.32181818181818	22.36810810810811	0.0	27.0258064516129	12.042666666666667	20.484523809523807	29.53685393258427	18.684444444444445	19.40385014409222	17.740778395998426	29.758120805369128	35.124	30.1856	0.0	0.0	32.74666666666667	21.57714285714286
16.11876823338736	40.440000000000005	20.724137931034484	0.0	18.868571428571432	11.375219599109132	6.357948717948719	18.644940828402365	9.663263456090652	6.8196987333667165	30.982857142857146	9.079938190895044	23.171	20.35824577432618	13.449489655172414	0.0	27.666666666666668	37.024	34.470000000000006	3.2313166937560767	11.84	14.293333333333331	20.03	4.274357480718597	0.0	28.83317073170732	28.27771428571429	3.627847022065057	18.71175101640264	22.96	0.0	24.861818181818183	16.153737373737375	17.894107142857145	0.0	0.0	41.26666666666667	27.76054681290733	0.0	30.02944162436548	26.09788293897883	28.698666666666668	13.954953215798287	30.047694031941724	38.63	21.315697674418608	41.96	35.21052631578948	21.752	33.86	0.0	0.0	0.0	23.95568755085436	29.2	36.16	37.0	23.838484962879075	0.0	0.0	41.195294117647066	28.29424908424909	33.607547169811326	25.432	0.0	47.08	32.53333333333334	33.50666666666667
19.62	29.11428571428572	34.14	18.868571428571432	0.0	2.6825160860883077	22.33607843137255	5.503194748358863	9.185363204344876	22.572413793103447	39.48	14.535192878338282	39.56	7.476808510638298	3.3032178239427403	0.0	33.18	0.0	39.1	23.60857142857143	28.840000000000003	22.874166666666667	29.472	16.85424	34.56	38.48	34.702564102564104	21.47325581395349	6.314147217235188	22.982857142857146	41.040000000000006	2.363967493227756	27.65	2.366993006993007	0.0	0.0	0.0	0.0	0.0	0.0	0.0	0.0	14.84	0.0	0.0	0.0	0.0	0.0	0.0	0.0	0.0	0.0	0.0	0.0	36.8	0.0	0.0	30.968000000000007	0.0	0.0	0.0	32.84	0.0	0.0	0.0	0.0	0.0	0.0
19.683636363636364	26.296326530612248	24.733478691774035	11.375219599109132	2.6825160860883077	0.0	11.499850452208506	4.455496592374287	9.695903540903542	6.815934050194423	23.197576853526225	6.289273123419636	27.13938144329897	8.627877345249992	3.992391998888735	21.104000000000003	24.868603938730853	27.80609271523179	28.63881129271917	9.123882063882064	19.255400140812014	21.08712328767124	20.91723137498705	12.181554571083366	32.16666666666667	30.32459240991917	28.22682066089189	12.408107103012272	12.587342537180778	15.652157443030484	28.70800000000001	4.664300393353136	19.975081967213114	12.646500286562809	32.260000000000005	0.0	38.33428571428571	31.21491525423729	0.0	33.90526315789474	29.251487179487174	36.38666666666667	16.36887459807074	32.495345911949684	35.42	27.340000000000003	0.0	37.80307692307692	37.64	31.974545454545456	38.64	0.0	0.0	29.78938775510204	32.24505747126437	24.526666666666664	35.89953488372093	26.808608	29.7	43.98	37.0051282051282	30.528378870673954	33.79255813953489	32.142784810126585	0.0	0.0	34.916000000000004	32.971428571428575
7.895786084381939	21.981960784313724	18.02511770955656	6.357948717948719	22.33607843137255	11.499850452208506	0.0	10.56969867287597	10.016580914687776	5.176460578986335	27.287912772585667	15.499865546218489	25.16920634920635	10.330349884700322	16.22972511848341	13.687826086956523	21.962499011466985	31.692571428571437	29.017327188940094	21.09358490566038	11.06440741466815	15.016453382084098	13.3104711130067	8.713786915887852	30.880000000000003	24.50138385502471	20.93893457460564	7.639339251875738	15.549400842974208	4.990083855992888	33.36800000000001	22.559742489270388	14.237182276465909	16.524125357641893	25.748571428571427	36.48	31.994000000000007	27.69163120567376	0.0	29.86077922077922	24.281276794035417	30.984186046511628	13.356450022411476	28.692810457516337	34.05722222222222	25.770133333333337	42.86285714285715	30.971028806584364	24.18133333333333	24.55048128342246	37.205714285714286	43.13600000000001	40.63	26.62622467771639	26.14131233595801	16.24198347107438	27.48643863179074	22.076503134640262	38.64	41.51076923076924	30.5652987012987	24.59334998438964	29.558112244897963	24.711611374407585	46.46	0.0	28.051127819548874	28.0804958677686
6.955694944301628	27.582068965517244	23.173805121540603	18.644940828402365	5.503194748358863	4.455496592374287	10.56969867287597	0.0	16.064	9.09364307071708	16.092547670250898	13.524670748974827	23.389295774647884	4.95789539944216	6.771655490360436	43.440000000000005	22.484857279451056	23.413806451612903	26.116504281074704	15.5937538209842	17.641938066643117	23.661587301587304	19.27200712045717	15.8209252013809	21.88285714285714	28.040411096390866	27.87789970829282	13.903205083198763	7.490932613275571	12.919098319186014	26.386666666666667	6.028708873379861	18.00929577464789	6.25184539723405	30.840000000000003	33.6	36.06660098522168	34.986666666666665	0.0	36.78	28.68725212464589	37.28	18.7278612716763	37.64142857142858	40.128	33.440000000000005	28.880000000000003	35.15351351351352	27.48	29.677073170731703	38.98	0.0	0.0	33.20266666666667	31.008854961832064	21.862857142857145	34.87162790697675	26.750696603339087	23.266666666666666	39.47733333333333	35.358301886792454	28.765857142857147	33.59018867924529	29.890000000000004	0.0	0.0	32.790000000000006	32.41142857142857
14.614634146341464	13.308281849384212	22.857777777777777	9.663263456090652	9.185363204344876	9.695903540903542	10.016580914687776	16.064	0.0	13.542238614496474	25.17988700564972	4.342968804878828	23.51375308641975	18.45770992366412	4.041435046909589	9.372941176470588	24.536428571428576	26.573150684931505	24.356041189931357	10.201541806681163	10.748156424581005	5.551203456312888	20.71578947368421	5.0315585777382354	21.09888735632184	24.0270113085622	19.49630385924356	10.055630121868177	15.741132752434648	10.854981308411215	26.08266666666667	17.886829268292683	13.637659352142112	13.763804116394606	14.281818181818185	19.28	30.012	15.718429964084146	0.0	18.81876923076923	13.645265855221012	19.64521739130435	2.283628836387724	17.40790723357261	25.91272727272728	12.391030303030302	32.42	19.863823529411768	12.574736842105263	8.85764705882353	38.4	0.0	25.4	14.775497985031665	12.10167818361303	2.112535094962841	23.591428571428573	10.825864057127744	35.84	32.346000000000004	31.76	14.194126568686666	16.495149051490515	12.622460567823344	0.0	0.0	15.866666666666667	16.35726708074534
15.483803131991053	30.93	23.25866666666667	6.8196987333667165	22.572413793103447	6.815934050194423	5.176460578986335	9.09364307071708	13.542238614496474	0.0	25.618033991731743	4.161000269510646	27.7413698630137	17.283061392101843	15.16507692307692	50.88	32.015238095238104	30.159036144578312	28.803978494623657	3.889421294272882	15.902857142857144	23.22	20.176	7.881816328131128	31.762962962962963	31.71532467532468	32.263378378378384	6.912900984546361	18.0340509631488	21.498421052631578	31.413333333333338	20.47792325056433	16.944324324324327	17.389155668052794	33.16666666666667	0.0	44.49777777777778	31.65215655371684	0.0	33.00934782608696	29.08653562653563	31.58	16.904643414888078	32.92013944570333	40.78857142857143	29.24098159509203	39.32000000000001	40.57280000000001	26.502857142857145	28.71	0.0	0.0	0.0	30.281489071038248	29.422857142857147	31.906666666666663	32.648	26.642151991768337	38.653333333333336	47.17333333333333	42.43238095238096	31.2107208223643	38.42	31.976	0.0	0.0	41.89333333333333	38.34736842105264
22.942685370741483	9.558904831625185	34.44309392265193	30.982857142857146	39.48	23.197576853526225	27.287912772585667	16.092547670250898	25.17988700564972	25.618033991731743	0.0	25.395964444444445	3.008724947829053	16.985243252535675	14.0031654676259	27.67428571428572	7.665872134572043	3.3146079812672395	3.786734349873094	27.01152915291529	17.253449477351918	16.68589800443459	25.093410071942447	27.94505854800937	4.408875501316763	6.107919801879432	8.209838084196218	29.963224893917964	12.04907338769459	24.588217636022517	2.638478118400932	13.200602150537634	16.223225806451616	4.237517299182311	0.0	11.232093023255814	29.162758620689655	58.32000000000001	0.0	0.0	40.79666666666667	0.0	27.46400000000001	46.512	14.18091503267974	41.32000000000001	13.64461215932914	32.17333333333333	0.0	35.78	25.32	16.605784615384618	20.044444444444444	42.58	44.34	0.0	33.58166666666666	37.18715596330276	8.121234119782214	16.046373088685016	15.222820848122549	38.28173913043479	42.973333333333336	38.8	16.58589928057554	0.0	0.0	22.776
19.9776	26.723963963963968	0.0	9.079938190895044	14.535192878338282	6.289273123419636	15.499865546218489	13.524670748974827	4.342968804878828	4.161000269510646	25.395964444444445	0.0	29.750715835141	17.618049076742174	4.08533208313799	0.0	32.70473684210526	29.20777777777778	28.84906139731828	4.377559749620638	36.56	17.001278538812787	39.85	8.565928178734357	30.78536585365854	30.99905689390057	31.414045534150613	9.980118236585778	18.02832878501012	20.12	31.405454545454543	15.81573644895614	20.225454545454543	17.064643414275203	31.920000000000005	35.28	0.0	29.891606217616584	0.0	33.86	30.340000000000003	33.36	11.817787610619469	32.356229508196726	39.120000000000005	19.49666666666667	39.34	37.4	18.28	30.19333333333333	0.0	41.760000000000005	0.0	29.484918032786886	30.51428571428572	0.0	29.46	26.28453781512605	36.013333333333335	42.36800000000001	44.10526315789473	30.63784615384615	36.08	0.0	0.0	0.0	0.0	0.0
29.482816901408448	8.681972703675793	19.721333333333337	23.171	39.56	27.13938144329897	25.16920634920635	23.389295774647884	23.51375308641975	27.7413698630137	3.008724947829053	29.750715835141	0.0	25.088633093525186	32.92484848484848	22.648000000000003	12.402748643761305	6.422355254533538	8.776260697827519	24.56621621621622	27.62	15.29321507760532	20.972	26.089494163424128	3.5723521366380893	3.6423664977080894	5.176182811338441	25.324413793103453	20.841196358907677	26.568888888888885	3.253258584442887	18.21333333333333	25.845714285714287	6.333978618896273	0.0	10.327640449438205	43.745000000000005	43.6	0.0	20.8	39.58857142857143	34.760000000000005	40.32000000000001	32.085	12.165439610587162	30.032	14.594764302059495	27.26666666666667	14.12	20.160000000000004	22.160000000000004	16.844911804613297	18.60363636363636	38.50857142857143	19.59586206896552	32.4	30.253333333333337	35.98769230769231	7.411833626244873	15.956894042746706	15.749572223287936	25.220952380952383	26.2	21.38222222222222	16.74291119285339	0.0	0.0	21.734285714285715
4.650659299112986	27.31076923076923	24.763087719298248	20.35824577432618	7.476808510638298	8.627877345249992	10.330349884700322	4.95789539944216	18.45770992366412	17.283061392101843	16.985243252535675	17.618049076742174	25.088633093525186	0.0	8.213788184951861	22.80444444444445	23.02920848185724	23.3395219123506	25.711673469387755	19.642448883110745	18.7558119943839	29.08923076923077	20.222995314857464	20.138531445505432	21.575	28.773964771134278	30.370255152109912	19.78613713622419	5.323822760060242	12.493509296228115	23.997333333333334	6.155439099283521	21.038000000000004	8.749197920694247	32.540000000000006	28.176	37.224634146341465	41.66117647058824	0.0	42.8	32.75157894736842	30.68	21.185882352941174	41.60761904761905	38.88666666666667	43.7	28.08	37.88	29.8	33.62266666666667	35.29333333333334	0.0	40.24	36.46	32.57807692307692	21.84	35.800677966101695	29.630117035110533	27.27	40.06	37.22981549815498	31.2278164116829	36.17191489361703	31.241739130434787	0.0	0.0	35.12285714285714	33.97684210526316
21.001481481481484	23.603260188087777	27.75304347826087	13.449489655172414	3.3032178239427403	3.992391998888735	16.22972511848341	6.771655490360436	4.041435046909589	15.16507692307692	14.0031654676259	4.08533208313799	32.92484848484848	8.213788184951861	0.0	14.0	30.032	27.884000000000004	33.96941176470589	12.143444976076555	19.491636363636367	16.841812080536915	23.27081081081081	11.689277706303988	30.507368421052632	32.87866666666667	28.94251082251082	15.876278639203887	7.812206869324912	18.77142857142857	35.52	7.595921306416356	20.877	6.730546365914788	0.0	0.0	0.0	30.540000000000003	0.0	30.24	26.427692307692308	0.0	11.324444444444444	24.34	32.720000000000006	0.0	24.48	31.880000000000003	0.0	28.910000000000004	0.0	0.0	0.0	23.56	29.92	19.72	31.8	23.448387096774194	0.0	0.0	24.8	25.105625	30.613333333333337	25.062857142857144	0.0	0.0	0.0	0.0
16.864	10.595223880597016	13.52	0.0	0.0	21.104000000000003	13.687826086956523	43.440000000000005	9.372941176470588	50.88	27.67428571428572	0.0	22.648000000000003	22.80444444444445	14.0	0.0	20.704	25.53333333333334	24.266470588235293	50.52	2.9538199788415	4.994111096944197	3.4106455040608723	4.914807084729536	18.52888888888889	20.881082706766914	7.3939025452242415	6.497578178275694	16.378489702517165	14.080829493087558	23.68	0.0	14.67005076142132	13.72888888888889	23.77548387096774	27.360000000000003	22.10575163398693	0.0	0.0	32.35692307692308	27.380540540540544	33.11555555555556	17.045	30.333333333333336	28.040000000000003	0.0	0.0	27.20327868852459	0.0	17.501064651841677	27.153846153846157	33.784000000000006	28.602222222222224	0.0	20.792325942663467	8.600309988518944	18.808525738198437	20.02656	0.0	28.190769230769227	17.46657823982793	21.409993626513703	22.414761350407453	21.77491011479316	0.0	0.0	22.11954802259887	20.968000000000004
19.50019023779725	10.323602649006624	6.6952960207845695	27.666666666666668	33.18	24.868603938730853	21.962499011466985	22.484857279451056	24.536428571428576	32.015238095238104	7.665872134572043	32.70473684210526	12.402748643761305	23.02920848185724	30.032	20.704	0.0	9.319375436961082	3.930430094644783	34.53142857142858	12.461021486438888	13.151041009463722	7.132690467427311	27.223169398907107	12.745405405405409	8.139390925637025	11.266562616262716	18.245701657458564	16.84941851062266	14.600547959131806	13.142153846153846	32.10057142857143	16.637179487179488	5.58916660796055	38.8	12.673709677419357	20.3482260559191	0.0	0.0	42.56	33.931428571428576	41.3	26.790000000000003	0.0	24.984	42.16	23.3375	41.59333333333333	0.0	24.83020408163265	21.04917257683216	24.80181818181818	22.50971428571429	0.0	29.605882352941176	16.468	23.44972972972973	31.96909090909092	13.2	20.73156749840052	19.93935763784273	32.41454545454546	39.32000000000001	31.7675	23.28	0.0	0.0	24.344
27.09405405405405	12.547679671457908	18.44186046511628	37.024	0.0	27.80609271523179	31.692571428571437	23.413806451612903	26.573150684931505	30.159036144578312	3.3146079812672395	29.20777777777778	6.422355254533538	23.3395219123506	27.884000000000004	25.53333333333334	9.319375436961082	0.0	4.265382671172579	31.51063063063064	27.335757575757576	18.635424354243543	23.120689655172416	29.195602094240844	8.173978895096214	5.9368966368522	9.506123744050768	33.427	19.54222222222222	24.19722772277228	7.454738878143134	17.15826086956522	23.55333333333333	9.7549063670412	41.4	12.385274725274726	35.82000000000001	0.0	0.0	32.8	45.145	46.74	40.36	48.98	16.784918032786887	43.54666666666667	15.25216393442623	36.32000000000001	0.0	0.0	27.02	19.96283121597096	21.352592592592597	45.0	38.86	33.52	37.528000000000006	40.83	11.117741935483872	18.881337657073367	17.182960140679953	42.760000000000005	38.24	42.28	19.570526315789472	0.0	0.0	25.06705882352941
22.8650341997264	12.167458773784356	11.722855236824552	34.470000000000006	39.1	28.63881129271917	29.017327188940094	26.116504281074704	24.356041189931357	28.803978494623657	3.786734349873094	28.84906139731828	8.776260697827519	25.711673469387755	33.96941176470589	24.266470588235293	3.930430094644783	4.265382671172579	2.72	30.16617886178862	16.041863636363637	16.84319036869827	13.789403177329325	27.425695271453595	7.746454338641534	7.312060457398457	10.420607036363116	29.79947368421053	20.41646559048428	19.351638418079094	9.504864864864864	18.88551724137931	20.665641025641023	6.883719862227325	36.02	10.843741231488698	26.07661971830986	0.0	0.0	36.86	42.53333333333333	40.88	37.28	45.95272727272727	18.05364705882353	44.99333333333333	16.528868360277137	38.929523809523815	0.0	28.296666666666663	22.335058823529412	20.29165786694826	18.784165232358003	44.27111111111112	27.246666666666663	20.8	28.841263157894737	39.02095238095238	11.42	18.35425023120624	17.10227660872217	42.33714285714286	36.120000000000005	36.82857142857143	20.083076923076923	0.0	0.0	23.776119402985078
16.498311111111114	34.665000000000006	0.0	3.2313166937560767	23.60857142857143	9.123882063882064	21.09358490566038	15.5937538209842	10.201541806681163	3.889421294272882	27.01152915291529	4.377559749620638	24.56621621621622	19.642448883110745	12.143444976076555	50.52	34.53142857142858	31.51063063063064	30.16617886178862	2.3600000000000003	34.24	45.56	32.720000000000006	5.216746240152782	33.542857142857144	33.03532608695652	34.411264367816095	4.795255660994116	18.908388396121005	23.52695652173913	33.48800000000001	23.077042801556424	17.90666666666667	18.590851549755303	33.82000000000001	0.0	40.45777777777778	28.310616418346484	0.0	30.313566433566432	26.59852820932134	34.12235294117647	13.68691899297825	30.29624462494028	35.729230769230774	25.659071207430337	45.42666666666667	39.20285714285715	30.462857142857143	32.3	0.0	44.98666666666667	59.24	27.26946516853933	0.0	34.93333333333334	0.0	24.251580771686584	0.0	47.53600000000001	42.36800000000001	28.506503726815744	38.03764705882354	27.392000000000003	0.0	0.0	34.53333333333334	34.291428571428575
14.429388458225668	16.82909090909091	10.554239268478536	11.84	28.840000000000003	19.255400140812014	11.06440741466815	17.641938066643117	10.748156424581005	15.902857142857144	17.253449477351918	36.56	27.62	18.7558119943839	19.491636363636367	2.9538199788415	12.461021486438888	27.335757575757576	16.041863636363637	34.24	0.0	9.968378269617704	5.391702716943405	7.906943396226415	23.653333333333336	18.19225806451613	11.723047892523844	6.409882123830835	15.596024779227628	5.627617432114711	29.52	28.097	14.299222903885482	6.022981441584458	23.78868105515588	24.84	25.986311605723376	30.453333333333337	0.0	32.64131147540984	27.400078740157483	31.1192	16.146759581881533	28.244	30.9774647887324	26.733333333333334	47.32000000000001	26.979144602851324	27.65647058823529	20.11885576008988	28.82439024390244	37.54545454545455	30.743589743589745	36.8	22.85434168453293	12.286118505013674	22.595291460215684	20.836469607502604	0.0	29.73501483679525	22.68348561759729	22.14236172415672	22.91127614169868	22.581688553662424	0.0	0.0	22.767869187531936	22.504259259259264
33.99	4.521085694595383	9.389248554913296	14.293333333333331	22.874166666666667	21.08712328767124	15.016453382084098	23.661587301587304	5.551203456312888	23.22	16.68589800443459	17.001278538812787	15.29321507760532	29.08923076923077	16.841812080536915	4.994111096944197	13.151041009463722	18.635424354243543	16.84319036869827	45.56	9.968378269617704	0.0	10.085245795601551	7.2184805384548145	12.51265341400173	16.764092756394934	8.475439379376631	10.350592723804334	20.74070588235294	12.723757575757578	16.9675	32.120000000000005	12.754117647058823	19.56041450777202	17.576666666666668	2.2865625	16.542153846153848	0.0	0.0	28.92	21.424	0.0	7.760000000000001	19.160000000000004	0.0	17.12	0.0	20.112	0.0	10.583027927486526	17.697142857142858	0.0	23.1	29.72	15.230307692307694	2.362221206581353	14.378296320848523	11.347667009249744	0.0	21.41555555555556	10.698407339449542	15.163326885880078	13.326755555555556	13.49417555373257	0.0	0.0	12.655625	15.364
16.513534558773657	10.71647749510763	6.727310710705817	20.03	29.472	20.91723137498705	13.3104711130067	19.27200712045717	20.71578947368421	20.176	25.093410071942447	39.85	20.972	20.222995314857464	23.27081081081081	3.4106455040608723	7.132690467427311	23.120689655172416	13.789403177329325	32.720000000000006	5.391702716943405	10.085245795601551	0.0	8.816483516483517	40.58	12.971533351288269	9.143686268518476	8.249715942028987	17.693129067965465	9.404447883443108	23.9	29.624776119402988	17.15196428571429	6.789262014550671	34.128	14.562727272727273	20.398637674130363	34.84	0.0	38.173913043478265	32.083000000000006	37.615172413793104	20.89818181818182	35.46588235294118	30.134666666666668	0.0	39.7	35.83404255319149	0.0	18.830987277028324	22.742097902097903	34.675294117647056	27.835200000000004	0.0	22.54238944265057	12.377171933583288	21.92247198944611	21.58480928689884	0.0	24.81631184407796	19.622080610914043	27.274642201834865	32.18212765957447	23.14098876404495	0.0	0.0	27.38285714285714	23.112923076923074
15.745055487053024	15.050519955240585	23.94736842105264	4.274357480718597	16.85424	12.181554571083366	8.713786915887852	15.8209252013809	5.0315585777382354	7.881816328131128	27.94505854800937	8.565928178734357	26.089494163424128	20.138531445505432	11.689277706303988	4.914807084729536	27.223169398907107	29.195602094240844	27.425695271453595	5.216746240152782	7.906943396226415	7.2184805384548145	8.816483516483517	0.0	23.07411420204978	25.40497728993187	17.458656291547378	4.487544977945638	16.758267957208353	13.4352337638712	28.01090909090909	23.425454545454546	14.609871448976351	16.770546984572228	22.42985324947589	22.01	25.385529411764708	24.9714619080302	0.0	27.783222748815167	22.03567513702043	27.519701492537315	9.889351708074535	25.68949175137477	31.851869918699187	22.19553571428572	41.92	27.118935516888435	21.383243243243243	18.86215262110153	30.154545454545456	41.540000000000006	32.760000000000005	23.35380457380457	20.839035173996532	10.12054214876033	21.110415465490927	19.192966710257643	26.72	34.64231404958677	31.570434782608697	21.141619700431583	24.70890971879625	21.46176756113197	43.1	36.64	24.110444104134764	24.816679536679537
0.0	4.452052582429423	26.582857142857144	0.0	34.56	32.16666666666667	30.880000000000003	21.88285714285714	21.09888735632184	31.762962962962963	4.408875501316763	30.78536585365854	3.5723521366380893	21.575	30.507368421052632	18.52888888888889	12.745405405405409	8.173978895096214	7.746454338641534	33.542857142857144	23.653333333333336	12.51265341400173	40.58	23.07411420204978	0.0	7.533160828025477	4.4964246861444535	26.3165	19.37	30.07	6.72751528627015	0.0	39.84	7.307531436135011	31.320000000000004	7.371463790446842	31.43692307692308	0.0	0.0	38.2	38.120000000000005	35.8	0.0	41.59	8.36302740321879	38.94500000000001	7.692706498667752	31.948571428571427	0.0	30.72000000000001	20.205714285714286	15.068923076923076	15.936489361702126	40.734545454545454	33.760000000000005	26.440000000000005	28.51333333333334	0.0	4.627449392712551	14.385625194240134	13.634170274170271	41.48	35.24	29.62	11.165301587301588	0.0	0.0	20.744329896907217
24.934169476286808	11.242352941176472	8.294740766631714	28.83317073170732	38.48	30.32459240991917	24.50138385502471	28.040411096390866	24.0270113085622	31.71532467532468	6.107919801879432	30.99905689390057	3.6423664977080894	28.773964771134278	32.87866666666667	20.881082706766914	8.139390925637025	5.9368966368522	7.312060457398457	33.03532608695652	18.19225806451613	16.764092756394934	12.971533351288269	25.40497728993187	7.533160828025477	0.0	7.265304663376128	24.272244897959187	23.973455451713395	21.93543450064851	4.091879604293833	31.657692307692308	23.80906882591093	10.49279857972886	34.41066666666667	10.31848195329087	21.355321637426904	47.73333333333333	0.0	42.34	38.75692307692308	39.94428571428572	30.15121951219512	42.98	17.008616004026173	41.89073170731707	15.536449254167886	37.644485981308414	36.9	29.19029126213592	19.015827941947897	19.562977407847804	18.606717850287907	44.32142857142857	29.76186046511628	20.331111111111117	30.37290640394089	32.94721088435374	10.777038560411311	17.58123871526882	16.471010057814386	39.844390243902446	35.00533333333333	32.970000000000006	19.61134146341464	0.0	34.0	22.3320701754386
27.152328767123286	5.818372690047314	5.294191434099744	28.27771428571429	34.702564102564104	28.22682066089189	20.93893457460564	27.87789970829282	19.49630385924356	32.263378378378384	8.209838084196218	31.414045534150613	5.176182811338441	30.370255152109912	28.94251082251082	7.3939025452242415	11.266562616262716	9.506123744050768	10.420607036363116	34.411264367816095	11.723047892523844	8.475439379376631	9.143686268518476	17.458656291547378	4.4964246861444535	7.265304663376128	0.0	14.739449607045032	26.27977686150861	21.532934865900383	3.4681408276714025	32.125128205128206	24.104554455445545	12.203420827040045	32.62914285714286	9.52346665307994	18.76342335712709	45.25714285714285	0.0	39.010000000000005	33.47503875968992	37.45965317919075	28.91428571428572	42.88242424242424	18.63276967930029	41.40857142857144	16.04743005855563	36.09805128205129	36.14	16.84625317590794	20.23609593757173	19.598736717827627	18.705888717156107	42.964	24.295211267605637	9.0778590078329	20.53556473594549	30.53716535433071	9.086666666666668	18.1288546348992	17.32009117188045	31.08198704103672	37.58760563380282	30.05862348178138	18.48635294117647	0.0	33.61333333333334	20.830446964643095
16.012101093926823	18.377591036414564	15.503733373187869	3.627847022065057	21.47325581395349	12.408107103012272	7.639339251875738	13.903205083198763	10.055630121868177	6.912900984546361	29.963224893917964	9.980118236585778	25.324413793103453	19.78613713622419	15.876278639203887	6.497578178275694	18.245701657458564	33.427	29.79947368421053	4.795255660994116	6.409882123830835	10.350592723804334	8.249715942028987	4.487544977945638	26.3165	24.272244897959187	14.739449607045032	0.0	17.82475660689532	8.917090715277743	31.264000000000003	26.40590717299578	14.053264853977844	14.3930862077191	23.510330062444247	23.78	28.342142857142857	29.48173529910185	33.4	31.02832402234637	24.360754533284656	29.35538888888889	13.580260447035958	30.72616424910023	34.371744680851066	27.746500000000005	45.02	27.511161647203444	23.477260273972604	19.51953297952995	31.47052631578948	42.88	33.27538461538462	28.155675951955025	22.18113110752555	11.965283422459894	23.639835916134917	20.83593690107622	43.64	34.921132075471704	30.65214814814815	22.811659273621025	23.98452790882912	22.280141089524665	45.226666666666674	34.440000000000005	23.53621736062103	25.06914760914761
4.526650856988683	26.65058823529412	29.469704510108865	18.71175101640264	6.314147217235188	12.587342537180778	15.549400842974208	7.490932613275571	15.741132752434648	18.0340509631488	12.04907338769459	18.02832878501012	20.841196358907677	5.323822760060242	7.812206869324912	16.378489702517165	16.84941851062266	19.54222222222222	20.41646559048428	18.908388396121005	15.596024779227628	20.74070588235294	17.693129067965465	16.758267957208353	19.37	23.973455451713395	26.27977686150861	17.82475660689532	0.0	7.58160847313286	21.4525	3.534221768794236	3.620470054299376	5.426871399228497	28.119148936170216	27.27555555555556	35.97966101694915	37.19703703703704	0.0	35.387368421052635	29.569219687875155	33.05166666666666	17.87413213885778	38.27238095238096	38.73538461538462	35.93333333333334	31.253333333333337	33.911186440677966	30.346666666666664	23.120857142857144	35.22666666666667	40.25333333333334	39.52	35.56363636363637	25.143654970760235	15.990163934426231	29.96486486486487	26.24445841190028	22.632	36.52542372881356	37.5746875	26.892275395837043	30.677953488372093	26.840618784530392	0.0	0.0	29.21354838709678	30.99016393442623
6.573699342657629	23.5425	14.088562126966902	22.96	22.982857142857146	15.652157443030484	4.990083855992888	12.919098319186014	10.854981308411215	21.498421052631578	24.588217636022517	20.12	26.568888888888885	12.493509296228115	18.77142857142857	14.080829493087558	14.600547959131806	24.19722772277228	19.351638418079094	23.52695652173913	5.627617432114711	12.723757575757578	9.404447883443108	13.4352337638712	30.07	21.93543450064851	21.532934865900383	8.917090715277743	7.58160847313286	0.0	26.61714285714286	23.10990291262136	8.678327762027674	5.718095149643596	24.574436090225564	20.6	27.24298795180723	0.0	0.0	32.13319148936171	25.480625	30.74302325581396	13.600732323232323	28.01043478260869	34.03414634146342	0.0	39.28	29.058536585365857	23.5344	20.951531227393296	31.379259259259264	35.06666666666667	33.526666666666664	0.0	23.35106652830624	12.915344827586209	23.206145303100417	21.88579682130585	0.0	32.48909090909091	28.95976878612717	22.8628997850509	25.572657172629384	23.655810588622163	45.30666666666667	0.0	24.69550321199144	25.58787878787879
30.24	12.470731707317071	22.424	0.0	41.040000000000006	28.70800000000001	33.36800000000001	26.386666666666667	26.08266666666667	31.413333333333338	2.638478118400932	31.405454545454543	3.253258584442887	23.997333333333334	35.52	23.68	13.142153846153846	7.454738878143134	9.504864864864864	33.48800000000001	29.52	16.9675	23.9	28.01090909090909	6.72751528627015	4.091879604293833	3.4681408276714025	31.264000000000003	21.4525	26.61714285714286	0.0	19.68	26.4	11.906136363636364	0.0	0.0	0.0	0.0	0.0	0.0	0.0	0.0	0.0	0.0	16.574020618556702	0.0	15.329626639757825	0.0	0.0	0.0	0.0	18.75568345323741	0.0	0.0	0.0	0.0	0.0	0.0	10.407674418604651	18.83514851485149	16.846299212598428	46.16	0.0	0.0	20.44	0.0	0.0	24.53333333333334
14.382857142857144	21.68	33.59413793103449	24.861818181818183	2.363967493227756	4.664300393353136	22.559742489270388	6.028708873379861	17.886829268292683	20.47792325056433	13.200602150537634	15.81573644895614	18.21333333333333	6.155439099283521	7.595921306416356	0.0	32.10057142857143	17.15826086956522	18.88551724137931	23.077042801556424	28.097	32.120000000000005	29.624776119402988	23.425454545454546	0.0	31.657692307692308	32.125128205128206	26.40590717299578	3.534221768794236	23.10990291262136	19.68	0.0	29.040000000000003	2.9483266496536644	0.0	0.0	49.02	36.08	0.0	0.0	36.64	0.0	22.520000000000003	42.720000000000006	0.0	0.0	0.0	44.440000000000005	0.0	31.56	0.0	0.0	0.0	0.0	32.08	0.0	0.0	32.88250000000001	0.0	0.0	40.510000000000005	35.117333333333335	39.2	37.653333333333336	0.0	0.0	0.0	0.0
7.460083916083917	27.24	20.10990291262136	16.153737373737375	27.65	19.975081967213114	14.237182276465909	18.00929577464789	13.637659352142112	16.944324324324327	16.223225806451616	20.225454545454543	25.845714285714287	21.038000000000004	20.877	14.67005076142132	16.637179487179488	23.55333333333333	20.665641025641023	17.90666666666667	14.299222903885482	12.754117647058823	17.15196428571429	14.609871448976351	39.84	23.80906882591093	24.104554455445545	14.053264853977844	3.620470054299376	8.678327762027674	26.4	29.040000000000003	0.0	4.245705810974788	27.33142857142857	0.0	31.022222222222226	32.84	0.0	33.92	26.638076923076927	29.1	14.975664335664336	32.4	32.0	0.0	0.0	31.117647058823536	0.0	20.921333333333333	0.0	0.0	0.0	0.0	23.36198675496689	13.956521739130434	23.449333333333332	23.247209302325583	0.0	33.120000000000005	36.14666666666667	24.153611111111115	27.76636363636364	23.966608695652177	0.0	0.0	27.793333333333333	27.945
10.717037219620408	13.517169811320755	18.72724111866969	17.894107142857145	2.366993006993007	12.646500286562809	16.524125357641893	6.25184539723405	13.763804116394606	17.389155668052794	4.237517299182311	17.064643414275203	6.333978618896273	8.749197920694247	6.730546365914788	13.72888888888889	5.58916660796055	9.7549063670412	6.883719862227325	18.590851549755303	6.022981441584458	19.56041450777202	6.789262014550671	16.770546984572228	7.307531436135011	10.49279857972886	12.203420827040045	14.3930862077191	5.426871399228497	5.718095149643596	11.906136363636364	2.9483266496536644	4.245705810974788	0.0	28.4	14.593333333333334	20.351937984496125	37.1725	0.0	38.08	29.021391941391943	36.4	15.770442477876108	35.825	21.622857142857143	0.0	18.09948717948718	34.72342857142858	39.88	18.667796610169493	25.92	23.381818181818183	22.017142857142854	34.776	23.22207792207793	12.902857142857144	21.40992700729927	26.314230271668823	15.339459459459462	22.86204724409449	20.16698412698413	27.94037533512064	29.540759493670883	25.415	22.360000000000003	0.0	26.826666666666664	27.57230769230769
28.76	27.506666666666668	37.68	0.0	0.0	32.260000000000005	25.748571428571427	30.840000000000003	14.281818181818185	33.16666666666667	0.0	31.920000000000005	0.0	32.540000000000006	0.0	23.77548387096774	38.8	41.4	36.02	33.82000000000001	23.78868105515588	17.576666666666668	34.128	22.42985324947589	31.320000000000004	34.41066666666667	32.62914285714286	23.510330062444247	28.119148936170216	24.574436090225564	0.0	0.0	27.33142857142857	28.4	0.0	24.21217391304348	21.45750873108265	15.870158730158732	0.0	16.902890173410405	6.962174866015244	10.966959609409676	12.89093690248566	13.217786525359577	18.97660277594184	15.355897435897438	24.64666666666667	4.006498707738858	18.592	16.64	20.65119848413075	25.693820395738204	20.963008017694225	14.655249406175772	13.378744451490173	21.21052631578948	17.482303578774168	13.25001820983331	23.92	23.33802057142857	24.571048012390293	14.347114815810702	3.4524304353614697	6.151939783219591	29.613333333333337	16.091428571428573	6.4126	11.316778462240476
31.96	2.28963906581741	10.539123809523812	0.0	0.0	0.0	36.48	33.6	19.28	0.0	11.232093023255814	35.28	10.327640449438205	28.176	0.0	27.360000000000003	12.673709677419357	12.385274725274726	10.843741231488698	0.0	24.84	2.2865625	14.562727272727273	22.01	7.371463790446842	10.31848195329087	9.52346665307994	23.78	27.27555555555556	20.6	0.0	0.0	0.0	14.593333333333334	24.21217391304348	0.0	12.568275862068964	20.880000000000003	29.040000000000003	30.123870967741937	24.908000000000005	29.54608695652174	14.279757333742896	34.167500000000004	9.218039215686275	28.35974842767296	5.788022133365645	27.49208633093526	23.290506024096384	10.254084507042254	9.286543288661989	11.094782168186423	8.329370994540708	35.45473684210526	16.6512	5.390720391506624	10.044279600570617	15.346168932471585	3.689816566904808	7.562197013101104	4.89520468028463	20.634794520547945	24.20923076923077	20.93732283464567	10.75263157894737	19.96	27.22	12.08405576679341
33.116	11.341971830985916	19.237414174327945	41.26666666666667	0.0	38.33428571428571	31.994000000000007	36.06660098522168	30.012	44.49777777777778	29.162758620689655	0.0	43.745000000000005	37.224634146341465	0.0	22.10575163398693	20.3482260559191	35.82000000000001	26.07661971830986	40.45777777777778	25.986311605723376	16.542153846153848	20.398637674130363	25.385529411764708	31.43692307692308	21.355321637426904	18.76342335712709	28.342142857142857	35.97966101694915	27.24298795180723	0.0	49.02	31.022222222222226	20.351937984496125	21.45750873108265	12.568275862068964	0.0	24.28424242424243	0.0	25.4816224648986	18.87815527852296	24.309323563743117	23.0568	21.669454737956592	33.54787492762016	33.307096774193546	38.0368253968254	23.208797042160462	27.14216216216216	12.343546798029555	10.063575578889292	18.866823529411768	13.99760736196319	36.68	12.140878661087866	14.455416666666668	8.61800367703386	18.381336526946107	43.13600000000001	7.888086431369866	6.275785983251842	17.048467884502067	29.80293843951324	16.152718770875083	43.42	34.502337662337666	27.8152	16.001063236870312
0.0	0.0	0.0	27.76054681290733	0.0	31.21491525423729	27.69163120567376	34.986666666666665	15.718429964084146	31.65215655371684	58.32000000000001	29.891606217616584	43.6	41.66117647058824	30.540000000000003	0.0	0.0	0.0	0.0	28.310616418346484	30.453333333333337	0.0	34.84	24.9714619080302	0.0	47.73333333333333	45.25714285714285	29.48173529910185	37.19703703703704	0.0	0.0	36.08	32.84	37.1725	15.870158730158732	20.880000000000003	24.28424242424243	0.0	20.84	12.79270592298394	20.0325	19.758167036215816	11.56107303877367	6.5410994747526825	28.201874229346487	8.50542983924711	37.10883720930233	23.17087301587302	15.175080558539204	0.0	28.380000000000003	35.766666666666666	35.585454545454546	3.1739358362652013	23.71	44.8	19.74	4.088209430623504	39.28	35.690133333333335	34.742315789473686	4.757526917109408	21.30993739529142	18.66117647058824	38.190000000000005	28.48	19.03202635914333	20.83114155251142
0.0	0.0	0.0	0.0	0.0	0.0	0.0	0.0	0.0	0.0	0.0	0.0	0.0	0.0	0.0	0.0	0.0	0.0	0.0	0.0	0.0	0.0	0.0	0.0	0.0	0.0	0.0	33.4	0.0	0.0	0.0	0.0	0.0	0.0	0.0	29.040000000000003	0.0	20.84	0.0	2.4732491886044	21.95636363636364	2.126993331400406	9.106129032258064	23.614545454545457	6.946666666666667	8.605538461538462	0.0	14.115555555555556	3.2241883836056315	0.0	0.0	0.0	0.0	22.76	33.36	25.226666666666667	31.540000000000003	15.768275862068966	0.0	34.88	30.5	21.74418604651163	5.300942408376963	24.666666666666664	0.0	2.3944086021505377	25.2	2.562207607994842
0.0	0.0	40.55	30.02944162436548	0.0	33.90526315789474	29.86077922077922	36.78	18.81876923076923	33.00934782608696	0.0	33.86	20.8	42.8	30.24	32.35692307692308	42.56	32.8	36.86	30.313566433566432	32.64131147540984	28.92	38.173913043478265	27.783222748815167	38.2	42.34	39.010000000000005	31.02832402234637	35.387368421052635	32.13319148936171	0.0	0.0	33.92	38.08	16.902890173410405	30.123870967741937	25.4816224648986	12.79270592298394	2.4732491886044	0.0	11.27531069827034	4.199984135537689	14.380042194092828	6.45406384472346	13.38184495452577	6.3407213844162005	26.890322580645165	9.995606350001566	2.8962642207053477	21.59218390804598	26.761847575057736	28.059636363636365	27.645454545454545	10.509926247288504	19.097797602453305	24.122222222222224	21.14458267360326	11.99627635186767	30.01	28.52871453900709	29.35587561374795	12.245495241488117	10.588121557375333	15.449376927822334	29.390967741935487	3.242011834319526	21.24891041162228	6.675980776220671
