0.0	21.17	19.148645003065603	14.96463448275862	0.0	14.991111111111111	5.215960373703441	5.083154802259887	11.147279792746115	14.336695107086893	19.789	15.040699300699302	30.52	3.660550002486449	17.84	0.0	20.116309868209576	26.424	24.921157796451915	14.697568058076223	13.703605706874187	18.46666666666667	16.285471141693584	12.70755470980019	0.0	21.93324455641533	24.85854227405248	14.073284301293432	3.7847842690225137	6.5237754420074126	0.0	12.70451612903226	5.148253968253969	12.332870848708488	25.586666666666662	0.0	30.386666666666667	0.0	0.0	0.0	23.78666666666667	30.933333333333337	14.894117647058826	0.0	35.986666666666665	0.0	0.0	26.880000000000003	24.7	22.254545454545458	36.46	0.0	37.36	0.0	23.75125	0.0	33.352	22.625833333333336	0.0	39.8	30.80297872340425	23.526689419795225	26.527407407407413	24.328125	0.0	0.0	25.24	26.140000000000004
21.17	0.0	7.281348314606741	0.0	0.0	26.040000000000003	27.28	22.58	12.705284348263715	0.0	7.315599999999999	19.844	6.72493689524611	21.96	22.42121405750799	8.990909090909092	9.65563766388558	9.293333333333331	8.846250000000001	34.92	15.671111111111111	4.931868487310018	9.318214783821478	13.968763592428513	3.637214814814815	7.543938091143595	5.163056695851873	16.16919786096257	19.42666666666667	19.71	9.376666666666669	30.6	0.0	8.585212121212122	24.706666666666667	2.127143631436314	12.362200452147702	0.0	0.0	0.0	25.408000000000005	29.72	17.42	36.8	15.345263157894738	0.0	12.656565656565656	27.617777777777786	34.84	12.12	12.90727272727273	16.312727272727273	12.102208588957057	0.0	18.28	3.1138461538461537	12.021971830985915	21.270000000000003	2.8644863731656187	10.853832236842106	9.18416132368149	0.0	24.0	20.386666666666667	16.931428571428572	0.0	0.0	13.4765
19.148645003065603	7.281348314606741	0.0	24.49506072874494	36.42	22.80928382388323	18.125318532018888	21.901490544377985	16.044666666666668	21.82167034584253	36.607263681592045	30.791304347826088	34.484	21.48132024759733	28.088888888888885	15.96439024390244	6.995635958539184	38.15069767441861	20.099627906976743	25.145777777777777	11.12118309938316	12.191898734177215	7.041640236727956	17.0359	0.0	5.120528666888175	6.144587425734223	16.04249192279016	20.99616	15.186654575682008	41.84666666666667	32.1065470852018	21.02716049382716	16.16555863808323	29.791111111111118	9.893072776280324	17.633822416882346	35.0	0.0	35.32000000000001	30.007457627118647	34.27368421052632	22.655757575757576	34.540000000000006	28.360000000000003	38.52	23.622178217821784	32.37684210526316	0.0	22.83591439688716	19.740041820813897	26.387906976744187	21.1930612244898	40.28	26.652817153067303	16.721686746987952	18.909419115945383	25.99745882352941	18.922758620689656	18.835791251477797	16.619354704749163	27.855415821501012	29.414117647058827	26.613507462686567	28.48	0.0	28.96	22.59593220338983
14.96463448275862	0.0	24.49506072874494	0.0	19.160000000000004	12.675394736842106	8.100524027204816	16.930962004850446	9.00740704778088	6.399770923339696	29.44372093023256	7.276917912725054	0.0	16.719893386640013	12.044064171122995	0.0	26.98	34.57333333333334	30.908571428571427	2.7600917521565984	18.100240963855423	10.44	18.916666666666668	4.403032116898468	0.0	28.628307692307697	25.00635514018692	3.6636238471961193	18.35621359223301	17.563076923076927	0.0	25.45684210526316	16.366738131699847	15.411353482260186	27.173333333333336	0.0	40.0	26.93263707571802	0.0	26.082222222222224	24.53682373472949	26.842116402116403	13.975134779750167	28.161951108064887	38.12421052631579	25.79366336633663	42.8	31.704881889763783	23.513333333333332	0.0	39.48	41.58222222222223	41.642105263157895	25.178348178137654	0.0	30.880000000000003	30.28	22.468683729433277	0.0	42.38	44.83111111111111	26.62864942528736	29.908456375838927	24.96933333333333	42.30666666666667	0.0	27.506666666666668	29.08956772334294
0.0	0.0	36.42	19.160000000000004	0.0	3.0991463017269467	19.41333333333333	2.0187604690117253	8.701086956521738	23.29	12.57	12.394594594594594	17.76	18.8	3.987334841090347	0.0	0.0	16.7	0.0	22.25	0.0	20.89714285714286	0.0	12.742857142857144	0.0	18.18	19.98	28.4	6.781052631578947	20.56	0.0	2.556135819888351	0.0	3.8661796139735207	0.0	0.0	0.0	0.0	0.0	0.0	0.0	0.0	0.0	0.0	0.0	0.0	0.0	0.0	0.0	0.0	0.0	0.0	0.0	0.0	0.0	0.0	0.0	0.0	0.0	0.0	0.0	32.720000000000006	0.0	0.0	0.0	0.0	0.0	0.0
14.991111111111111	26.040000000000003	22.80928382388323	12.675394736842106	3.0991463017269467	0.0	9.312552266177628	4.570212957775502	7.510811477938908	5.951338902181366	15.369728691476592	6.012664220550233	19.205473684210528	10.316352651599912	4.15851145270065	39.68	23.43167938931298	20.56430379746836	21.369825673534077	10.334486857142856	17.184409556313994	16.733333333333334	17.85892098092643	10.704856214053514	26.340000000000003	23.43056788266265	24.692921890067502	12.360372565622354	9.361248331970213	14.17123595505618	20.58923076923077	4.447046863214508	17.660769230769233	6.019270108990481	26.497142857142855	0.0	33.88	25.837142857142855	0.0	24.21333333333333	23.882937853107347	27.495454545454542	12.882080924855492	27.446797116374874	36.86666666666667	21.589662921348317	0.0	29.00777777777778	23.226666666666667	26.4	38.68	42.68	40.21333333333334	24.32031746031746	31.28	0.0	29.785714285714285	22.17008729388943	0.0	37.010000000000005	33.900800000000004	24.282122820318424	28.14550000000001	24.2476	0.0	0.0	25.552	27.095454545454544
5.215960373703441	27.28	18.125318532018888	8.100524027204816	19.41333333333333	9.312552266177628	0.0	8.550625268454317	7.735927327781984	5.365102764819826	24.96777947932619	10.769887640449438	29.045454545454543	8.148975731817263	13.8547838756678	16.615000000000002	19.11981120943953	29.678947368421056	26.597241379310343	7.959526226734349	12.359293653266857	14.622222222222224	13.123252906199468	7.338775099981156	0.0	22.893183298785903	19.73671129780345	6.866641468880327	13.090571218435892	4.689839133772109	31.840000000000003	20.26546666666667	13.341805070946734	12.213669449623088	23.380000000000003	25.110000000000003	30.81411764705883	25.159070598748883	0.0	23.927380952380958	21.29891657638137	26.070405405405403	11.060314454775996	26.230370139968898	34.26268656716418	25.531891891891892	42.68	26.7161581920904	21.65948717948718	25.658000000000005	35.56307692307693	39.43076923076923	37.282	23.834580446497306	24.21975308641976	24.585263157894737	28.2183950617284	20.376793863481893	0.0	37.0904	30.011941391941395	21.826658864833234	25.58056670602125	21.91896248263085	40.120000000000005	34.52	23.02342857142857	24.65676646706587
5.083154802259887	22.58	21.901490544377985	16.930962004850446	2.0187604690117253	4.570212957775502	8.550625268454317	0.0	11.933861720067451	10.258083904276392	14.30014184397163	13.567607276583056	17.392444444444447	3.8642238460167535	6.22213153934673	0.0	22.081334922526818	19.00375690607735	25.952683578104136	13.880958651567028	15.772730638691764	23.85333333333333	16.534099461094833	13.398576569372253	0.0	24.16686006524998	24.87225011842729	15.218290028869642	5.323094821686564	11.995172928589202	21.347500000000004	5.86744551724138	15.858236559139788	5.005342374627154	26.6775	25.53333333333334	33.20666666666666	27.17492537313433	0.0	23.088	24.05866666666667	31.7504761904762	14.183421052631578	27.710736842105263	37.1	26.32	0.0	29.445569620253167	25.333333333333336	25.826666666666664	40.06	40.74	38.936	25.710810810810813	27.01684210526316	0.0	32.114074074074075	23.56950354609929	0.0	40.30823529411765	32.276502732240445	25.14613901572806	28.724158415841583	26.03098591549296	0.0	0.0	26.9	27.68430107526882
11.147279792746115	12.705284348263715	16.044666666666668	9.00740704778088	8.701086956521738	7.510811477938908	7.735927327781984	11.933861720067451	0.0	11.866932466185968	24.16225	4.570093363010323	20.74964705882353	13.23996552997661	4.023635385509243	6.197220956719819	20.395208333333336	27.412	24.88888888888889	8.720600260490404	9.80055900621118	5.126122819317854	14.268800000000002	3.944901271844136	17.943132530120483	20.494539579967693	15.50142329106817	8.255737638338918	13.532243391182586	8.767062228654124	28.440000000000005	20.145806451612906	11.89492342151462	10.811891891891891	13.820000000000002	15.52	18.738666666666667	15.247632561613145	0.0	15.081159420289856	12.42728813559322	17.210285714285714	2.45010789121712	16.674433813733803	25.466666666666665	11.082769230769232	28.08	16.424775413711586	12.22608695652174	9.309209809264306	28.46666666666667	29.89333333333333	28.186666666666667	13.789710763394972	12.745469168900804	2.2702088772845954	17.880913242009136	9.93471367215462	0.0	29.1872	23.5824	12.523331451157537	14.2161154539988	12.271038759689924	0.0	0.0	13.429201520912548	14.2809705372617
14.336695107086893	0.0	21.82167034584253	6.399770923339696	23.29	5.951338902181366	5.365102764819826	10.258083904276392	11.866932466185968	0.0	26.291627457299388	4.299964144854787	30.49967741935484	15.932107553102744	13.291516853932588	18.28	25.304516129032255	31.148465116279077	29.211050583657588	4.2694036997333775	15.109956896551726	0.0	15.321664145234491	10.194550339004737	0.0	29.542364532019707	25.309952305246423	5.910594475549421	17.894629314690583	12.0411583011583	33.0	21.85709065354884	17.16686745518839	16.113559812768422	27.2	30.540000000000003	35.973333333333336	28.768473456946914	0.0	27.67526682134571	26.103335782512858	29.06694117647059	15.70654098828906	29.997938444727737	39.848461538461535	28.314046511627907	44.2	32.41597315436242	26.75368421052632	24.92	38.4	44.79733333333333	43.02555555555556	27.18458009618942	26.74	0.0	30.436666666666667	24.393908423981784	0.0	44.66933333333334	37.89913043478261	27.58920227920228	31.40896086369771	25.92888888888889	43.92	0.0	28.84369230769231	30.704211737629457
19.789	7.315599999999999	36.607263681592045	29.44372093023256	12.57	15.369728691476592	24.96777947932619	14.30014184397163	24.16225	26.291627457299388	0.0	23.931733424237255	3.2337125570054632	18.23160583941606	16.610919674039582	18.860000000000003	8.587855711422845	3.912785283633324	4.228507030159923	26.68089492608869	24.23822660098522	23.4	22.62712195121951	25.91592920353982	2.887964757709251	6.17809435539011	8.961765273755343	25.915161290322583	9.529124687388354	23.19589743589744	2.915293427230047	11.8808262454435	18.761550387596905	4.517472992718962	41.68	21.88923076923077	34.74	42.64	0.0	0.0	38.040000000000006	43.56	30.48	41.70399999999999	13.978978102189782	36.82000000000001	13.370148715637674	40.88666666666667	42.21333333333333	0.0	31.040000000000003	16.847091136079904	16.99340206185567	36.31	34.61	28.68800000000001	24.46	35.970000000000006	6.090795454545456	16.090552407932012	16.559145002888506	37.04139130434783	36.040000000000006	37.16	15.963578947368422	0.0	38.220000000000006	23.89
15.040699300699302	19.844	30.791304347826088	7.276917912725054	12.394594594594594	6.012664220550233	10.769887640449438	13.567607276583056	4.570093363010323	4.299964144854787	23.931733424237255	0.0	27.66291814946619	16.88915014900894	4.194156229400132	18.08	28.445	28.525943536404164	27.56281739130435	3.899384974200866	0.0	13.697894736842107	36.24	4.596585956416465	28.78	28.98892718176765	29.965250000000005	7.801961195595176	16.952848657510685	16.613333333333333	30.46	18.79914910858995	17.07393316195373	16.222062937062937	0.0	0.0	0.0	22.82272380952381	0.0	23.2896	24.05061224489796	24.47636363636364	10.43834239130435	24.44722962962963	35.34	21.40587570621469	0.0	30.08	25.68	27.12	0.0	0.0	40.1	21.56540792540793	25.76	0.0	33.56	18.99886977886978	0.0	37.85333333333334	41.68	24.19483870967742	28.936888888888888	22.705	0.0	0.0	30.58	29.384615384615387
30.52	6.72493689524611	34.484	0.0	17.76	19.205473684210528	29.045454545454543	17.392444444444447	20.74964705882353	30.49967741935484	3.2337125570054632	27.66291814946619	0.0	24.61466666666667	21.37752380952381	18.98	18.73777777777778	7.122653270921338	7.50104645917907	31.02716049382716	29.72	14.256897321428571	32.03333333333334	23.555942028985505	3.3459866533415004	3.12223935347051	3.596281904761905	28.65076923076923	14.814364640883976	24.74909090909091	2.7243986897519887	16.0951724137931	28.2	8.983545389563975	38.52	23.490666666666662	23.69	24.520000000000003	22.76	28.293333333333333	32.53142857142858	33.67	36.13688888888889	37.61333333333334	12.578402885110767	35.304	13.350311165344724	34.24	31.8	32.908	27.96	15.874540727902948	16.560000000000002	36.6	36.940000000000005	29.586666666666662	31.78666666666667	35.37723076923077	5.987899849500616	14.592758565224386	16.11704948646125	28.527272727272724	32.24	32.02	15.147660069848664	22.76	45.0	21.137777777777774
3.660550002486449	21.96	21.48132024759733	16.719893386640013	18.8	10.316352651599912	8.148975731817263	3.8642238460167535	13.23996552997661	15.932107553102744	18.23160583941606	16.88915014900894	24.61466666666667	0.0	9.257929527451518	0.0	21.56896757773597	24.001739130434785	26.40188811188811	16.743977897826788	15.511884883886594	22.44	17.2617510373444	16.180963855421687	0.0	23.867348403997287	25.812989493791783	15.67748871742612	3.854979189553001	10.419491480996069	24.32	5.518058321479375	14.22896	12.301949541284404	27.60142857142857	23.48	32.58872727272728	33.0475	0.0	29.78	27.24503703703704	30.234736842105264	16.879225806451615	33.11435294117648	38.91428571428572	31.666666666666668	34.2	30.9136	26.58	23.32190476190476	37.568000000000005	44.28	43.720000000000006	30.837333333333333	25.5325	0.0	33.39333333333334	25.702555647155812	30.72000000000001	41.62222222222223	32.85197604790419	26.333951549882784	29.78208791208792	26.13601518026565	0.0	42.56	28.291666666666668	28.716923076923077
17.84	22.42121405750799	28.088888888888885	12.044064171122995	3.987334841090347	4.15851145270065	13.8547838756678	6.22213153934673	4.023635385509243	13.291516853932588	16.610919674039582	4.194156229400132	21.37752380952381	9.257929527451518	0.0	20.552	30.675	21.143726235741447	20.570171821305845	11.47683094198378	25.24	15.71526785714286	19.148000000000003	7.681587219788715	27.836666666666662	21.577125925925927	24.26678445229682	12.124101123595503	9.510088152668798	16.561311475409838	22.284444444444443	10.731351909184728	19.495075987841947	9.597000589275194	21.622857142857143	0.0	38.56	20.938563535911605	0.0	18.84	19.958333333333336	24.953333333333337	7.862037735849057	22.33678048780488	30.5	15.74344827586207	0.0	25.03478260869565	17.026666666666667	26.26933333333333	0.0	0.0	34.720000000000006	18.85226277372263	26.98162162162162	17.880000000000003	25.603018867924533	18.576951672862457	0.0	38.120000000000005	26.160000000000004	20.31885853066181	23.72558139534884	21.15506493506493	0.0	0.0	23.6	23.546666666666667
0.0	8.990909090909092	15.96439024390244	0.0	0.0	39.68	16.615000000000002	0.0	6.197220956719819	18.28	18.860000000000003	18.08	18.98	0.0	20.552	0.0	17.724597701149428	41.120000000000005	20.12777777777778	0.0	3.116634861862717	4.4309694375610125	3.4006342603222626	5.149213161659514	17.043333333333333	20.49128205128205	6.053074090821007	6.506378037980912	14.362857142857145	11.93579831932773	0.0	0.0	12.792000000000002	12.17792207792208	21.312	0.0	20.10817777777778	0.0	0.0	32.720000000000006	25.6	23.99	15.915151515151516	27.433333333333337	26.136000000000003	23.96	33.32000000000001	22.438048780487808	20.92	16.135240919199408	25.6130612244898	29.6	27.456	0.0	18.36082271067319	8.94714820630511	16.98578651218228	17.564153461217682	0.0	26.891794871794872	17.067646966115053	18.276168012924074	18.710105263157896	18.57816936936937	0.0	0.0	19.112	18.746382978723407
20.116309868209576	9.65563766388558	6.995635958539184	26.98	0.0	23.43167938931298	19.11981120943953	22.081334922526818	20.395208333333336	25.304516129032255	8.587855711422845	28.445	18.73777777777778	21.56896757773597	30.675	17.724597701149428	0.0	9.729739130434783	2.982484350252659	33.730000000000004	13.17875507128782	15.336254980079682	5.037754749568221	22.51173708920188	21.5	5.35077578891279	11.176306627925984	18.775056922511936	17.049426759250913	12.475385061962712	14.813333333333333	32.589629629629634	17.00238959764475	6.5513519652780605	32.14181818181818	11.068968609865472	20.064828862164667	0.0	0.0	0.0	32.91555555555556	35.2	38.02	44.08	22.44	0.0	23.45037037037037	35.21263157894737	36.52	23.611111111111114	19.4379046720151	25.73090909090909	19.84735112936345	0.0	28.82	16.973333333333336	23.351666666666667	29.556363636363635	26.2	18.400068886337543	17.77133353770693	31.99414634146342	30.62933333333333	28.937600000000003	0.0	27.360000000000003	0.0	21.28161073825504
26.424	9.293333333333331	38.15069767441861	34.57333333333334	16.7	20.56430379746836	29.678947368421056	19.00375690607735	27.412	31.148465116279077	3.912785283633324	28.525943536404164	7.122653270921338	24.001739130434785	21.143726235741447	41.120000000000005	9.729739130434783	0.0	2.6123076923076924	31.30456140350877	23.313043478260877	20.48	24.55609756097561	31.038904109589044	7.9854157782516	6.109882684185829	8.889124965054515	31.34472727272728	15.385658031088084	20.28166666666667	7.518694885361553	16.68754716981132	23.793469387755103	10.154007541995204	38.18	23.75466666666667	31.56	45.74	0.0	32.52	42.24	40.6	37.08842105263158	40.15	15.794725274725277	36.720000000000006	14.970000000000002	41.78666666666668	35.4	30.0	26.440000000000005	18.19936693044565	18.48677966101695	37.58	0.0	29.82	42.36	38.82631578947369	10.123643410852711	17.36656311529206	17.14241721854305	40.90625	30.936	39.06	17.68754716981132	0.0	0.0	20.387272727272727
24.921157796451915	8.846250000000001	20.099627906976743	30.908571428571427	0.0	21.369825673534077	26.597241379310343	25.952683578104136	24.88888888888889	29.211050583657588	4.228507030159923	27.56281739130435	7.50104645917907	26.40188811188811	20.570171821305845	20.12777777777778	2.982484350252659	2.6123076923076924	0.0	29.24825	20.76392857142857	15.867200000000002	16.007193071828834	29.266446280991737	7.948943396226416	6.287865588617988	9.577361217058392	22.27664335664336	19.465961174242427	16.73569258266309	7.946998867497169	16.767857142857146	20.69984986171474	8.212594336206273	33.78666666666667	11.140198019801982	23.313043478260877	47.0	0.0	34.92	37.21	39.48	34.971428571428575	39.32000000000001	17.23047619047619	35.040000000000006	15.995820895522389	37.53333333333334	45.14	27.146666666666665	19.318692098092644	18.47561530506722	18.88709897610921	39.50666666666667	28.76	29.146666666666665	28.55733333333333	38.41888888888889	10.043541666666666	17.646762946754198	17.229061764518796	40.07407407407408	40.653333333333336	33.48800000000001	18.11833333333333	0.0	42.8	20.442597402597404
14.697568058076223	34.92	25.145777777777777	2.7600917521565984	22.25	10.334486857142856	7.959526226734349	13.880958651567028	8.720600260490404	4.2694036997333775	26.68089492608869	3.899384974200866	31.02716049382716	16.743977897826788	11.47683094198378	0.0	33.730000000000004	31.30456140350877	29.24825	0.0	19.31111111111111	0.0	19.62421052631579	4.277175463623395	0.0	32.051830985915494	32.26865671641791	4.311364230713352	17.603047367108644	20.982857142857146	32.53333333333334	22.613646055437105	16.59452725250278	16.747854806044554	22.746666666666663	0.0	33.8	25.793490112239443	0.0	24.5557180156658	22.675257025359837	26.191155778894476	12.744789172306092	26.958229423201555	36.27098039215687	24.6644776119403	0.0	29.41560655737705	22.160000000000004	0.0	40.14666666666667	40.94666666666667	39.46608695652174	24.01434494673193	28.186666666666667	54.88000000000001	26.84909090909091	21.42133551823024	0.0	42.11	37.73555555555557	24.30080744491584	27.87589743589744	22.26235294117647	0.0	32.160000000000004	24.025714285714287	26.66257289879931
13.703605706874187	15.671111111111111	11.12118309938316	18.100240963855423	0.0	17.184409556313994	12.359293653266857	15.772730638691764	9.80055900621118	15.109956896551726	24.23822660098522	0.0	29.72	15.511884883886594	25.24	3.116634861862717	13.17875507128782	23.313043478260877	20.76392857142857	19.31111111111111	0.0	8.435674498210675	5.246939422180802	4.7620000000000005	0.0	17.099300540233152	9.863018644682352	5.931242740998839	13.706159628565112	5.108133861875596	44.24	26.6406779661017	13.055334872979216	4.150739052062348	22.668888888888887	17.85	24.354200426439235	0.0	0.0	27.31333333333334	25.4256	26.162352941176472	18.08455696202532	28.040000000000003	27.53846153846154	0.0	0.0	24.83539267015707	25.04	18.38383940089991	27.296	33.980000000000004	29.62444444444445	0.0	21.06750543332639	11.74001848998459	19.49425395980301	19.710454385346956	0.0	29.62448669201521	21.722523584905662	21.173041955379578	21.214529914529912	20.71826770655	0.0	0.0	21.376296296296296	20.948571428571427
18.46666666666667	4.931868487310018	12.191898734177215	10.44	20.89714285714286	16.733333333333334	14.622222222222224	23.85333333333333	5.126122819317854	0.0	23.4	13.697894736842107	14.256897321428571	22.44	15.71526785714286	4.4309694375610125	15.336254980079682	20.48	15.867200000000002	0.0	8.435674498210675	0.0	8.38925948973242	6.127286398197692	11.031636363636364	14.451140684410646	7.020812919417317	6.783971326164876	14.164666666666667	10.044074074074077	0.0	0.0	10.828196721311476	10.396231884057972	13.382857142857144	3.738947368421053	11.597818181818182	0.0	0.0	0.0	37.120000000000005	17.96	5.303636363636364	0.0	18.48	0.0	21.04	15.16	16.12	9.28287329380946	19.32	21.92	21.862857142857145	0.0	12.903214556482183	2.3901801070907025	11.939904384646908	10.30701388888889	14.12	21.100952380952386	9.124220885729908	12.875389048991355	12.378313253012047	11.99708154506438	0.0	0.0	12.46909090909091	13.494285714285716
16.285471141693584	9.318214783821478	7.041640236727956	18.916666666666668	0.0	17.85892098092643	13.123252906199468	16.534099461094833	14.268800000000002	15.321664145234491	22.62712195121951	36.24	32.03333333333334	17.2617510373444	19.148000000000003	3.4006342603222626	5.037754749568221	24.55609756097561	16.007193071828834	19.62421052631579	5.246939422180802	8.38925948973242	0.0	11.323103605659515	26.28	11.439157781903797	10.039340603542788	7.827168389357469	16.441797180536607	9.574854954909569	0.0	28.091782945736437	17.046185185185188	6.499919523757027	26.25714285714286	11.617882352941177	18.163285276626414	43.440000000000005	0.0	33.480000000000004	28.703384615384618	31.26888888888889	17.563333333333333	30.65	25.524651162790697	34.626666666666665	26.840000000000003	30.46400000000001	24.76	17.03835633919646	24.464551724137934	30.335	27.590857142857143	0.0	20.3289004015024	12.004036175185451	19.940780146872623	21.047669345579795	0.0	25.22805970149254	18.484972472044596	24.173735498839907	27.379200000000004	19.579456662354467	29.6	0.0	30.840000000000003	20.648354430379747
12.70755470980019	13.968763592428513	17.0359	4.403032116898468	12.742857142857144	10.704856214053514	7.338775099981156	13.398576569372253	3.944901271844136	10.194550339004737	25.91592920353982	4.596585956416465	23.555942028985505	16.180963855421687	7.681587219788715	5.149213161659514	22.51173708920188	31.038904109589044	29.266446280991737	4.277175463623395	4.7620000000000005	6.127286398197692	11.323103605659515	0.0	19.83796875	23.284963144963147	14.76939321312577	4.181405675408001	15.150925243950647	11.281813935383418	31.920000000000005	22.12235294117647	13.550242171189982	12.520333854981743	20.831893687707645	22.28	23.34691275167785	21.42713850837139	0.0	21.69816425120773	19.668881820406167	24.897998398718972	9.153569184537632	23.162465679676984	32.33609348914858	20.325935483870968	36.56666666666667	23.96684032610857	19.93692307692308	16.570027820710973	28.297021276595743	37.23044776119404	35.48288461538461	20.42736733108983	18.346754591723837	8.94341836734694	18.67686151431934	17.67158964338056	0.0	33.67814432989691	30.11379537953796	18.92832924745561	22.41275402747751	19.26211806064157	38.57000000000001	29.98	21.08884816753927	22.842562510214087
0.0	3.637214814814815	0.0	0.0	0.0	26.340000000000003	0.0	0.0	17.943132530120483	0.0	2.887964757709251	28.78	3.3459866533415004	0.0	27.836666666666662	17.043333333333333	21.5	7.9854157782516	7.948943396226416	0.0	0.0	11.031636363636364	26.28	19.83796875	0.0	6.51121889191644	5.007677768363424	20.949473684210524	15.0	0.0	7.0613545816733065	0.0	25.96	10.786	0.0	10.97	18.72	0.0	0.0	0.0	0.0	0.0	28.840000000000003	0.0	8.635038759689923	0.0	6.701769436997319	0.0	0.0	0.0	0.0	10.586666666666668	10.976923076923075	0.0	0.0	24.28	0.0	27.22	3.2748768472906407	9.923524416135882	8.61303829787234	0.0	12.44	0.0	10.425999999999998	0.0	0.0	0.0
21.93324455641533	7.543938091143595	5.120528666888175	28.628307692307697	18.18	23.43056788266265	22.893183298785903	24.16686006524998	20.494539579967693	29.542364532019707	6.17809435539011	28.98892718176765	3.12223935347051	23.867348403997287	21.577125925925927	20.49128205128205	5.35077578891279	6.109882684185829	6.287865588617988	32.051830985915494	17.099300540233152	14.451140684410646	11.439157781903797	23.284963144963147	6.51121889191644	0.0	5.739015278907874	19.860464870575807	18.83603709220199	14.954106947981083	3.0603017521090203	20.22020066889632	19.81154499151104	10.616142896704512	32.478181818181824	10.290871196331803	19.459252971137524	42.92	21.96	31.885	34.47416666666667	35.016774193548386	35.45984251968504	38.0824	15.681338289962827	35.53942857142857	14.157565557729942	35.184761904761906	30.48	29.45096774193548	18.793991537376588	17.78212039816717	18.12234375	38.17866666666667	28.411764705882355	29.33694117647059	26.5896551724138	36.71367346938776	9.22590816741162	17.321565339207588	16.39325073789983	39.51191011235956	29.807096774193543	30.0772	17.55279373368146	24.85333333333333	0.0	20.69414868105516
24.85854227405248	5.163056695851873	6.144587425734223	25.00635514018692	19.98	24.692921890067502	19.73671129780345	24.87225011842729	15.50142329106817	25.309952305246423	8.961765273755343	29.965250000000005	3.596281904761905	25.812989493791783	24.26678445229682	6.053074090821007	11.176306627925984	8.889124965054515	9.577361217058392	32.26865671641791	9.863018644682352	7.020812919417317	10.039340603542788	14.76939321312577	5.007677768363424	5.739015278907874	0.0	13.00341300653676	21.0080201511335	20.257972116603295	6.017023498694518	21.255333333333333	25.45742738589212	11.0888066546227	30.978947368421057	8.818950590828385	16.56045294349657	38.93	24.84	31.190769230769227	30.738536585365857	34.112967032967035	29.21185185185185	36.53405405405406	15.167006651884702	38.0	15.536636613092906	33.44758169934641	35.29333333333334	16.834308558967837	18.939244888254876	16.43705685618729	17.68474427666829	37.37272727272728	24.76564705882353	11.189020920502092	18.71301936470189	27.989971509971515	8.168132561809575	16.223508087677374	15.974594037136072	29.01747572815534	30.505000000000003	28.95649484536083	16.255343915343918	24.133333333333336	33.08800000000001	19.81784472769409
14.073284301293432	16.16919786096257	16.04249192279016	3.6636238471961193	28.4	12.360372565622354	6.866641468880327	15.218290028869642	8.255737638338918	5.910594475549421	25.915161290322583	7.801961195595176	28.65076923076923	15.67748871742612	12.124101123595503	6.506378037980912	18.775056922511936	31.34472727272728	22.27664335664336	4.311364230713352	5.931242740998839	6.783971326164876	7.827168389357469	4.181405675408001	20.949473684210524	19.860464870575807	13.00341300653676	0.0	16.221068103870653	6.84334679977906	33.260000000000005	23.797283950617285	14.413896618259368	11.99609723127429	21.565840654347166	23.933333333333337	24.903394255874677	27.0051476793249	0.0	25.48929577464789	21.013787382667537	25.32058261700096	12.002302331170393	27.964667878053707	33.460029542097494	26.52497175141243	39.69333333333334	24.19386826725636	21.126132404181185	16.932532404499515	28.169696969696968	38.63140495867769	36.17214814814815	25.31867650158061	19.82623147284669	10.514901815487216	21.97479964381122	18.42593905604541	0.0	34.65991701244813	28.48820143884892	20.08882740726214	22.156328152389857	20.26930849036629	39.620000000000005	32.040000000000006	21.089323567427837	23.44006267806268
3.7847842690225137	19.42666666666667	20.99616	18.35621359223301	6.781052631578947	9.361248331970213	13.090571218435892	5.323094821686564	13.532243391182586	17.894629314690583	9.529124687388354	16.952848657510685	14.814364640883976	3.854979189553001	9.510088152668798	14.362857142857145	17.049426759250913	15.385658031088084	19.465961174242427	17.603047367108644	13.706159628565112	14.164666666666667	16.441797180536607	15.150925243950647	15.0	18.83603709220199	21.0080201511335	16.221068103870653	0.0	6.5001532926638514	15.177391304347823	2.402090447438922	3.914302798932627	5.8651535631344105	27.84072072072072	18.68	29.540000000000003	32.39191489361703	0.0	32.13166666666667	27.166445916114792	31.6109497206704	16.982979830839298	32.964606060606066	39.84912280701754	31.41090909090909	0.0	30.76404730617609	26.306666666666665	22.74340136054422	35.17	44.88444444444444	40.27384615384615	30.450857142857146	24.411742424242423	16.67448275862069	30.33054945054945	25.267222314461232	0.0	35.8	32.04913043478261	25.87278795506456	29.314576634512328	26.06562180579217	0.0	0.0	27.684266666666662	28.59762057877814
6.5237754420074126	19.71	15.186654575682008	17.563076923076927	20.56	14.17123595505618	4.689839133772109	11.995172928589202	8.767062228654124	12.0411583011583	23.19589743589744	16.613333333333333	24.74909090909091	10.419491480996069	16.561311475409838	11.93579831932773	12.475385061962712	20.28166666666667	16.73569258266309	20.982857142857146	5.108133861875596	10.044074074074077	9.574854954909569	11.281813935383418	0.0	14.954106947981083	20.257972116603295	6.84334679977906	6.5001532926638514	0.0	23.74	20.95176470588235	9.579599737532808	4.241779972643135	23.212985244040865	26.2	25.712901408450705	0.0	0.0	28.59259259259259	22.388373702422147	26.504615384615384	13.341311475409835	25.696470588235293	33.619574468085105	40.9	40.66	25.3361662817552	22.352	19.08537073035268	29.04981132075472	37.336	33.63555555555556	20.04	21.69653704461728	15.007554179566563	21.23402380952381	20.32486534093543	0.0	31.739000000000004	29.615454545454547	21.390413371871084	23.2322962095712	21.814665634296425	39.56	0.0	22.579595505617977	23.254988713318287
0.0	9.376666666666669	41.84666666666667	0.0	0.0	20.58923076923077	31.840000000000003	21.347500000000004	28.440000000000005	33.0	2.915293427230047	30.46	2.7243986897519887	24.32	22.284444444444443	0.0	14.813333333333333	7.518694885361553	7.946998867497169	32.53333333333334	44.24	0.0	0.0	31.920000000000005	7.0613545816733065	3.0603017521090203	6.017023498694518	33.260000000000005	15.177391304347823	23.74	0.0	17.504	0.0	10.74741935483871	0.0	24.64	0.0	0.0	0.0	0.0	0.0	0.0	37.29333333333334	31.520000000000003	15.290714285714287	0.0	14.681678004535147	0.0	0.0	33.980000000000004	0.0	18.133856209150327	19.04	37.96	39.56	31.376	0.0	37.9	9.288717948717949	17.15882352941177	18.17483483483484	40.0	20.44	38.08	17.50581560283688	0.0	0.0	0.0
12.70451612903226	30.6	32.1065470852018	25.45684210526316	2.556135819888351	4.447046863214508	20.26546666666667	5.86744551724138	20.145806451612906	21.85709065354884	11.8808262454435	18.79914910858995	16.0951724137931	5.518058321479375	10.731351909184728	0.0	32.589629629629634	16.68754716981132	16.767857142857146	22.613646055437105	26.6406779661017	0.0	28.091782945736437	22.12235294117647	0.0	20.22020066889632	21.255333333333333	23.797283950617285	2.402090447438922	20.95176470588235	17.504	0.0	17.64	3.6735456405381393	0.0	0.0	0.0	35.870000000000005	0.0	0.0	33.040000000000006	0.0	25.08	40.220000000000006	0.0	0.0	0.0	35.8	0.0	0.0	0.0	0.0	0.0	32.9	32.88	0.0	0.0	31.88820512820513	0.0	0.0	0.0	32.599344262295084	36.36	33.155	0.0	0.0	0.0	0.0
5.148253968253969	0.0	21.02716049382716	16.366738131699847	0.0	17.660769230769233	13.341805070946734	15.858236559139788	11.89492342151462	17.16686745518839	18.761550387596905	17.07393316195373	28.2	14.22896	19.495075987841947	12.792000000000002	17.00238959764475	23.793469387755103	20.69984986171474	16.59452725250278	13.055334872979216	10.828196721311476	17.046185185185188	13.550242171189982	25.96	19.81154499151104	25.45742738589212	14.413896618259368	3.914302798932627	9.579599737532808	0.0	17.64	0.0	6.0660399724328045	25.952222222222225	0.0	27.678620689655173	31.986666666666668	0.0	34.52	25.017142857142854	28.666938775510204	15.213443298969072	29.96	37.474	0.0	0.0	29.405688888888893	25.610000000000003	20.62562770562771	33.74666666666667	44.260000000000005	36.568000000000005	25.46	22.20395061728395	13.977142857142857	26.10105263157895	23.065144260282384	0.0	37.586	33.444	23.42705587989992	27.155797979797985	23.900150943396227	0.0	0.0	25.78315789473684	26.33935483870968
12.332870848708488	8.585212121212122	16.16555863808323	15.411353482260186	3.8661796139735207	6.019270108990481	12.213669449623088	5.005342374627154	10.811891891891891	16.113559812768422	4.517472992718962	16.222062937062937	8.983545389563975	12.301949541284404	9.597000589275194	12.17792207792208	6.5513519652780605	10.154007541995204	8.212594336206273	16.747854806044554	4.150739052062348	10.396231884057972	6.499919523757027	12.520333854981743	10.786	10.616142896704512	11.0888066546227	11.99609723127429	5.8651535631344105	4.241779972643135	10.74741935483871	3.6735456405381393	6.0660399724328045	0.0	25.27137254901961	11.47	18.834545454545456	30.726666666666667	0.0	29.93	25.351229946524064	28.89371428571429	13.809162393162396	32.112700729927006	36.64705882352941	31.15	21.296	28.316273291925462	26.554285714285715	18.59777777777778	19.003773584905662	24.96	23.44782608695652	28.917692307692317	20.92082474226804	11.645333333333332	22.19468531468532	23.072672298799468	12.583333333333332	19.652251308900524	18.15081712062257	24.35947931194793	26.559662921348316	23.5980316344464	41.16	0.0	24.876	26.826666666666664
25.586666666666662	24.706666666666667	29.791111111111118	27.173333333333336	0.0	26.497142857142855	23.380000000000003	26.6775	13.820000000000002	27.2	41.68	0.0	38.52	27.60142857142857	21.622857142857143	21.312	32.14181818181818	38.18	33.78666666666667	22.746666666666663	22.668888888888887	13.382857142857144	26.25714285714286	20.831893687707645	0.0	32.478181818181824	30.978947368421057	21.565840654347166	27.84072072072072	23.212985244040865	0.0	0.0	25.952222222222225	25.27137254901961	0.0	24.219259259259264	18.856808199121524	14.446367501180916	0.0	15.766753246753249	6.780213052858684	9.102950819672133	10.947340889276372	13.834949277956795	18.46736059479554	16.975238095238097	32.040000000000006	4.297388743766327	17.094883720930234	15.222222222222223	18.797270225646677	24.084061810154527	20.49688453159041	14.38140350877193	13.478086723290122	13.255348837209302	15.519900641689096	11.22035354273192	0.0	21.41959423009265	23.38211782252051	13.328034754773066	3.2126337209302327	4.743239238349263	28.160000000000004	0.0	10.116428571428573	9.171811903978954
0.0	2.127143631436314	9.893072776280324	0.0	0.0	0.0	25.110000000000003	25.53333333333334	15.52	30.540000000000003	21.88923076923077	0.0	23.490666666666662	23.48	0.0	0.0	11.068968609865472	23.75466666666667	11.140198019801982	0.0	17.85	3.738947368421053	11.617882352941177	22.28	10.97	10.290871196331803	8.818950590828385	23.933333333333337	18.68	26.2	24.64	0.0	0.0	11.47	24.219259259259264	0.0	7.031666666666666	33.620000000000005	0.0	22.43862068965517	24.21448275862069	26.81777777777778	11.807454996896338	32.08	13.194396135265702	21.111111111111114	8.821322851311512	26.19768115942029	20.35980198019802	10.793424657534247	9.789664233576644	13.59604938271605	10.2209324009324	32.42545454545454	16.461538461538463	4.244801073465281	10.859189189189191	12.70115424973767	4.668718828250952	8.136193954793288	4.931559003336047	15.744873949579835	20.86040816326531	19.59421686746988	13.244255319148936	15.28	18.344	11.360134453781514
30.386666666666667	12.362200452147702	17.633822416882346	40.0	0.0	33.88	30.81411764705883	33.20666666666666	18.738666666666667	35.973333333333336	34.74	0.0	23.69	32.58872727272728	38.56	20.10817777777778	20.064828862164667	31.56	23.313043478260877	33.8	24.354200426439235	11.597818181818182	18.163285276626414	23.34691275167785	18.72	19.459252971137524	16.56045294349657	24.903394255874677	29.540000000000003	25.712901408450705	0.0	0.0	27.678620689655173	18.834545454545456	18.856808199121524	7.031666666666666	0.0	23.43636766334441	0.0	22.17871536523929	16.630715096726753	20.73317121773516	16.116521739130437	19.65937935587998	34.03392	26.58	18.256	19.37060243367245	25.880000000000003	13.726896551724138	5.434693274651073	22.08235294117647	16.880444444444446	24.81849056603773	10.235689815205468	12.00290909090909	6.6780643410552205	17.773158584534734	0.0	4.653954659402911	6.0575724207527015	15.179218620116377	23.969250185597627	11.146224948875256	0.0	26.56	23.495384615384616	22.51652173913044
0.0	0.0	35.0	26.93263707571802	0.0	25.837142857142855	25.159070598748883	27.17492537313433	15.247632561613145	28.768473456946914	42.64	22.82272380952381	24.520000000000003	33.0475	20.938563535911605	0.0	0.0	45.74	47.0	25.793490112239443	0.0	0.0	43.440000000000005	21.42713850837139	0.0	42.92	38.93	27.0051476793249	32.39191489361703	0.0	0.0	35.870000000000005	31.986666666666668	30.726666666666667	14.446367501180916	33.620000000000005	23.43636766334441	0.0	16.19	11.816544730170229	9.015035750766089	15.99825332920409	10.446792089474854	5.613707377557347	26.61498327759197	7.856032766300936	31.032	17.40914011976048	13.360877091748415	0.0	28.640000000000004	31.62761904761905	29.66280373831776	3.0502717421157124	17.94376811594203	20.26	19.871417004048585	4.6170880956567615	0.0	29.824144144144142	29.61391304347826	3.65105472404116	17.35104349351105	15.65344827586207	32.053333333333335	24.346666666666668	17.16761904761905	16.13739186851211
0.0	0.0	0.0	0.0	0.0	0.0	0.0	0.0	0.0	0.0	0.0	0.0	22.76	0.0	0.0	0.0	0.0	0.0	0.0	0.0	0.0	0.0	0.0	0.0	0.0	21.96	24.84	0.0	0.0	0.0	0.0	0.0	0.0	0.0	0.0	0.0	0.0	16.19	0.0	2.3176748981295106	20.744000000000003	3.715823293172691	8.304285714285715	23.543333333333337	10.316577446248356	10.622941176470588	15.212173913043475	4.676666666666668	2.657287678619574	0.0	0.0	15.820000000000002	14.274545454545455	22.253333333333337	0.0	0.0	0.0	12.983333333333334	0.0	15.947878787878787	18.173333333333336	22.0	4.000334029227558	21.24	15.95090909090909	2.441174438687392	0.0	3.3864294645089843
0.0	0.0	35.32000000000001	26.082222222222224	0.0	24.21333333333333	23.927380952380958	23.088	15.081159420289856	27.67526682134571	0.0	23.2896	28.293333333333333	29.78	18.84	32.720000000000006	0.0	32.52	34.92	24.5557180156658	27.31333333333334	0.0	33.480000000000004	21.69816425120773	0.0	31.885	31.190769230769227	25.48929577464789	32.13166666666667	28.59259259259259	0.0	0.0	34.52	29.93	15.766753246753249	22.43862068965517	22.17871536523929	11.816544730170229	2.3176748981295106	0.0	9.09083955140521	5.476513386449739	7.261325420375866	5.971632069392999	15.482709644925714	4.639118748914563	21.767659574468087	9.696716073591327	3.552013892954009	38.4	23.81025641025641	22.90895591647332	21.574180929095355	7.849395122670006	18.179677005895925	16.610243902439027	19.3560745748822	9.57288866085172	26.51	24.98860465116279	25.311201353637905	11.699759679572765	9.64434610656833	16.231025641025646	22.751666666666665	2.7897994397759107	18.6005	6.955325663211943
