0.0	19.642000000000003	13.993620447284346	14.471599045346064	0.0	16.291063829787234	4.966184996177764	7.933180076628354	10.328103595161014	13.740502732240438	18.283950617283956	15.26666666666667	25.92	3.8370725494912894	16.28727272727273	18.846274509803926	17.265787328640236	25.183333333333337	19.169219730941705	15.148837209302323	11.963707228642647	11.839361344537815	14.051634631740091	12.149554873369148	28.4	21.77360448807854	22.34633772862612	11.633477523324853	4.566868332996475	5.515681022843129	24.160000000000004	13.808000000000002	8.157668161434978	9.029715242881071	22.25742782152231	22.314666666666668	28.018064516129037	0.0	0.0	27.2	21.74264501160093	25.2905	12.533746807734405	25.512	0.0	29.28	38.120000000000005	25.17296551724138	0.0	18.492977099236644	28.56	0.0	0.0	0.0	22.213985330073356	13.360231213872831	24.441941747572816	19.08592296148074	0.0	30.832	27.59478260869565	20.474225911223385	22.5694623655914	21.29156139464376	0.0	0.0	22.342222222222222	22.397313432835823
19.642000000000003	0.0	6.417239983812221	0.0	0.0	28.58	18.482025316455697	21.856	9.963467381590709	21.860000000000003	8.939788359788361	32.0	7.881506450270495	20.989302325581395	20.203076923076924	12.59974391805378	6.926255924170617	10.508955223880596	5.958187565858799	34.24	14.374347826086955	4.443789639550916	9.095020576131688	13.146464143426297	4.352580993740698	7.29053364579846	6.011377569371362	15.993657505285412	17.25904761904762	16.355795795795796	10.52	0.0	12.16	7.272412060301508	0.0	3.130874282067645	10.58696562032885	0.0	0.0	0.0	25.04	0.0	0.0	0.0	19.57333333333333	0.0	8.564	39.120000000000005	0.0	13.7	12.70019801980198	11.708571428571428	11.6212927756654	0.0	16.17714285714286	4.060305810397554	10.663225806451612	30.0	4.0886956521739135	10.840384454659423	9.622023239917976	0.0	0.0	21.483636363636368	17.96	0.0	0.0	12.956
13.993620447284346	6.417239983812221	0.0	22.085454545454542	0.0	23.20592592592593	15.370117545871562	17.542147210501643	15.428333333333333	19.531528046421663	13.468571428571428	25.520000000000003	14.992	16.68472902700332	23.192	13.358731501057084	5.659654983770379	11.437471264367815	7.52779054916986	21.47	9.737407696307852	10.196008869179602	5.449512066479917	17.75747688961392	11.626666666666669	6.16454181446522	6.686273470644129	15.1381761628729	14.559111111111111	13.6436082356956	16.5	25.1	12.510000000000002	7.008688888888889	28.004337349397595	9.165204008589836	16.058443752779013	0.0	0.0	0.0	25.80626086956521	28.816000000000003	18.13435897435897	34.24	0.0	0.0	0.0	30.962222222222227	0.0	22.969315068493152	17.666642468239566	0.0	20.02896551724138	29.32	23.31890410958904	10.01439809296782	15.901508313539193	24.9607100591716	13.2	16.558279426475494	15.088098720292509	26.63139689578714	28.22647887323944	26.42727272727273	0.0	0.0	28.50888888888889	17.088888888888892
14.471599045346064	0.0	22.085454545454542	0.0	19.21	10.80112359550562	6.875451647183847	16.24365358592693	9.96198465162222	5.653426030719483	28.665454545454548	6.304771810655912	0.0	17.423828125	12.940216086434576	0.0	23.186666666666667	32.84	34.56	2.674488980969408	16.344444444444445	15.866250000000004	18.06521739130435	4.90467638483965	0.0	26.675	28.85333333333333	3.2444867046271213	16.98514550973041	12.579310344827586	0.0	24.753333333333337	15.437933579335796	16.156875000000003	24.13714285714286	0.0	0.0	25.97159029649596	0.0	26.66086206896552	22.986149732620323	24.24571428571429	13.404956369982548	25.9418064976794	39.58	16.51034482758621	0.0	25.66967741935484	19.615	0.0	0.0	0.0	0.0	25.694162962962963	26.880000000000003	19.28	0.0	20.256007866273357	0.0	0.0	35.1	24.35868715083799	28.444255319148937	23.78	0.0	34.68	27.31	29.0048
0.0	0.0	0.0	19.21	0.0	2.8990667615658365	17.553333333333335	2.182569974554707	9.161481481481482	14.596595744680853	0.0	9.236258992805755	0.0	6.58	2.7095559671368195	0.0	0.0	0.0	0.0	17.37	0.0	0.0	0.0	12.36	0.0	0.0	0.0	17.42	3.27072463768116	0.0	0.0	2.441450990481091	0.0	2.5597930919405973	0.0	0.0	0.0	0.0	0.0	0.0	0.0	0.0	0.0	0.0	0.0	0.0	0.0	0.0	0.0	0.0	0.0	0.0	0.0	0.0	0.0	0.0	0.0	0.0	0.0	0.0	0.0	0.0	0.0	0.0	0.0	0.0	0.0	0.0
16.291063829787234	28.58	23.20592592592593	10.80112359550562	2.8990667615658365	0.0	7.024362596010103	4.015176844713148	6.777665078284547	4.90765916337553	15.060127064803051	5.7684078515954536	19.886808510638296	6.849537887683913	3.0839045084012646	14.56	28.4	20.155102040816328	19.653617021276595	8.630218713131864	17.241739130434784	18.629565217391303	19.16204379562044	11.710865954922896	18.81	23.543859649122805	21.604444444444447	6.242119584675976	7.274797595616789	18.186567164179102	22.92	3.2163825091483824	18.248	6.921250143233644	21.22086956521739	0.0	0.0	26.97090909090909	0.0	26.577777777777776	22.302068965517243	25.616000000000003	11.950394736842108	26.827226890756304	0.0	14.412727272727272	8.440000000000001	23.87058823529412	0.0	16.73714285714286	0.0	0.0	0.0	26.404761904761905	21.986666666666668	0.0	0.0	19.27451895043732	0.0	33.620000000000005	0.0	21.21638376383764	22.430188679245283	20.325647058823527	0.0	0.0	22.906666666666663	23.130000000000003
4.966184996177764	18.482025316455697	15.370117545871562	6.875451647183847	17.553333333333335	7.024362596010103	0.0	7.658477453017641	8.475504308716161	4.253484828533269	23.802314049586776	7.71718820861678	28.96181818181818	7.544879062569092	12.26845660538692	14.148025477707003	18.084685138539044	27.52	21.530116731517516	5.546292134831461	10.257212531752751	11.164146001671776	12.41700072402558	7.741854349791739	25.504	21.748972073677955	21.257157403479003	5.54718020073839	12.813766935748273	6.040481927710844	31.7	20.51368421052632	12.33373941250676	12.596821775761503	21.303515151515157	23.458823529411767	28.045454545454543	24.40070365358593	31.440000000000005	24.947397260273977	20.531578531965277	22.67391947411668	11.27040294881461	24.188533988533987	35.33777777777778	23.034226804123712	0.0	22.97707281903389	20.880000000000003	18.19264957264957	32.973333333333336	40.36	37.78666666666667	24.595178719867	22.093018372703416	13.487310704960835	24.670357142857146	18.06172373691692	0.0	32.45153846153846	27.377864077669905	20.32256478541432	23.091482849604223	20.216410256410256	41.0	32.0	22.48923076923077	22.78455775234131
7.933180076628354	21.856	17.542147210501643	16.24365358592693	2.182569974554707	4.015176844713148	7.658477453017641	0.0	12.082352571158989	10.598871536847858	11.594753550543023	13.904055912164088	16.301818181818184	3.810446125827325	7.16523076923077	22.018000000000004	19.965323992994747	16.117551020408165	19.510661157024792	14.288964258484857	14.249727928928374	14.870495867768597	16.233733788395906	14.32195393169182	15.16	23.480454115421004	23.77712952158693	13.955985159148604	5.941478266185731	10.912827876028718	19.24	4.4367033603708	14.322713567839196	3.975383588317107	25.4642962962963	24.880000000000003	30.333333333333336	26.733333333333334	0.0	26.556666666666665	23.74344827586207	26.26787878787879	15.188851499634236	26.927157894736844	34.96	21.944000000000003	10.426666666666668	27.13984732824428	0.0	21.30333333333333	0.0	28.440000000000005	24.0	27.043076923076928	25.44549019607843	16.40818181818182	27.404705882352943	21.903050847457628	0.0	31.39272727272728	29.66933333333333	23.825136406396997	26.43371900826446	24.322993762993768	0.0	34.32000000000001	26.508000000000003	25.90718446601942
10.328103595161014	9.963467381590709	15.428333333333333	9.96198465162222	9.161481481481482	6.777665078284547	8.475504308716161	12.082352571158989	0.0	11.51118377755841	23.74533333333333	3.943103818394917	20.65529411764706	11.601790207779135	3.6851695961044593	5.99442195730524	16.94304347826087	22.0	18.954736842105262	9.74354159228847	8.559377456374785	4.922371797757868	12.070809628008757	5.0860637423653525	16.723141361256545	19.617851239669424	15.428455467869222	8.879078275725567	9.32365917180311	8.408657344328912	22.64	20.973333333333336	8.746604847207589	8.171964461994076	12.029583333333331	10.66	22.05333333333333	14.446858832224686	0.0	15.557128205128208	10.994824038982134	13.230191570881228	2.1369136796249824	14.535446768060837	25.12	7.170148212728859	0.0	13.623537906137184	7.837844311377246	8.043055555555556	0.0	0.0	31.18	14.1644734389562	11.616842105263158	2.5160366972477064	13.49806451612903	8.317361230769231	33.480000000000004	22.026666666666664	22.68	12.2164631843927	13.21352657004831	10.6990675547098	0.0	0.0	12.847407407407408	13.753902439024392
13.740502732240438	21.860000000000003	19.531528046421663	5.653426030719483	14.596595744680853	4.90765916337553	4.253484828533269	10.598871536847858	11.51118377755841	0.0	25.08721202003339	4.473635304137344	30.596097560975608	14.73325150973434	14.03768406961178	19.28	23.25777777777778	29.742608695652176	28.83783783783784	3.5210133933432544	13.229567198177676	15.627789473684212	15.235726630007855	8.796020579746518	26.696	25.888795811518328	28.780719424460436	4.34900616978739	16.40189354820756	12.772805071315371	30.820000000000004	20.09981308411215	15.54861751152074	15.740546869060594	25.03	0.0	30.24	27.098230825778	36.906666666666666	27.323900414937764	23.56977303070761	25.04872807017544	14.897010746606336	27.134527318068468	39.49714285714286	21.772808683853462	33.440000000000005	24.981602787456445	20.80421052631579	23.506666666666668	0.0	41.040000000000006	37.4	27.08389472082763	25.565	18.21333333333333	34.21333333333334	21.776676217765043	0.0	37.544	32.96	25.48005817856344	28.41787234042553	24.0843537414966	0.0	40.10666666666667	26.39508771929824	28.035488721804512
18.283950617283956	8.939788359788361	13.468571428571428	28.665454545454548	0.0	15.060127064803051	23.802314049586776	11.594753550543023	23.74533333333333	25.08721202003339	0.0	24.054949083503057	3.7401299387609193	12.053833177132146	16.360000000000003	18.390204081632653	9.382040816326532	3.144326653873982	3.5877984041687023	25.96562814070352	14.794285714285715	16.72977777777778	15.118899082568808	26.00967032967033	4.687295586767606	4.290028253438022	7.0881822027922725	25.64307692307693	8.748976535197205	17.009777777777778	3.7797261402244415	10.34	16.693333333333335	4.2171176234444	32.760000000000005	9.591111111111111	20.833333333333336	0.0	0.0	40.64	32.392	0.0	27.340000000000003	0.0	12.295631220534313	0.0	13.833819241982509	38.56	0.0	23.308000000000003	0.0	14.894639515685196	15.574344827586208	0.0	26.42	16.64	23.110909090909093	33.468888888888884	7.703	14.59495998511074	15.014094616639476	33.8	43.4	33.152	15.852961672473873	0.0	0.0	25.5
15.26666666666667	32.0	25.520000000000003	6.304771810655912	9.236258992805755	5.7684078515954536	7.71718820861678	13.904055912164088	3.943103818394917	4.473635304137344	24.054949083503057	0.0	28.36628571428572	16.810276761885937	3.363708385117804	0.0	29.48	28.3648	28.144516129032255	3.456609195721628	20.34666666666667	19.973333333333336	0.0	5.6000129491744906	25.373793103448275	29.782916666666665	30.84818181818182	6.338111619588659	17.77475973671202	16.933333333333334	30.176	19.47933884297521	18.955	15.89955449364096	20.4	0.0	0.0	21.948444444444444	0.0	18.254237288135595	24.473700787401576	24.11058823529412	7.939955056179775	23.853739612188367	0.0	3.80255919395466	0.0	22.215	13.037333333333333	0.0	0.0	0.0	0.0	10.216947040498445	30.76	0.0	0.0	16.518240740740744	0.0	39.4	37.49333333333334	22.86674846625767	24.685714285714287	19.197142857142858	0.0	0.0	24.360000000000003	25.53333333333334
25.92	7.881506450270495	14.992	0.0	0.0	19.886808510638296	28.96181818181818	16.301818181818184	20.65529411764706	30.596097560975608	3.7401299387609193	28.36628571428572	0.0	17.682608695652174	0.0	0.0	15.248205128205129	6.362226533353232	6.929588556260138	31.450666666666667	25.12	14.65607843137255	19.360000000000003	25.8951724137931	4.1129249960478855	4.351168707158204	4.210017680820391	26.824	13.673584905660377	28.640000000000004	3.2626842907981706	16.240000000000002	0.0	8.622928745090707	0.0	10.9376	18.32246153846154	0.0	0.0	0.0	0.0	0.0	0.0	0.0	13.333901639344262	0.0	6.085192519251925	0.0	0.0	21.906666666666663	17.67	15.878222222222224	16.2656	0.0	30.440000000000005	14.735384615384614	20.4775	35.68	8.06122905027933	15.594670704012112	16.361669064748202	0.0	0.0	22.92	16.336774193548386	0.0	0.0	18.25
3.8370725494912894	20.989302325581395	16.68472902700332	17.423828125	6.58	6.849537887683913	7.544879062569092	3.810446125827325	11.601790207779135	14.73325150973434	12.053833177132146	16.810276761885937	17.682608695652174	0.0	14.491612903225809	19.84	19.226481944129	19.897872340425533	20.461236051502148	17.198262167625565	14.115295196606672	14.187435719249478	15.80527500351667	13.5290821171858	16.740952380952383	23.968879101519487	23.76183632734531	13.900898602087024	5.16919726764645	9.0247483611983	20.46181818181818	2.782567802271209	13.26752959747435	5.987999100141407	23.867769784172665	22.99764705882353	29.60732394366197	26.34782608695652	40.66	28.57333333333333	23.341444201312918	25.729166666666668	14.083977433004232	26.013600000000004	40.58	22.160000000000004	11.773333333333332	26.47611336032389	0.0	19.976382252559727	29.68	26.640000000000004	27.92	27.847500000000004	23.994125269978404	15.254720812182743	26.078956521739126	20.797435558493063	17.8	30.435789473684213	28.893451327433628	22.303231247225924	24.74471131639723	22.920287425149706	0.0	0.0	24.71111111111112	24.980115606936412
16.28727272727273	20.203076923076924	23.192	12.940216086434576	2.7095559671368195	3.0839045084012646	12.26845660538692	7.16523076923077	3.6851695961044593	14.03768406961178	16.360000000000003	3.363708385117804	0.0	14.491612903225809	0.0	0.0	0.0	0.0	0.0	11.25273673257024	17.32	12.4	14.24	6.81070398277718	0.0	0.0	25.368	12.62358452138493	17.79677419354839	14.087272727272728	0.0	5.389679487179487	16.65818181818182	14.443636363636363	24.14666666666667	0.0	0.0	0.0	0.0	0.0	26.06	28.32	13.150666666666666	26.56	0.0	11.52	0.0	28.83	0.0	21.24	0.0	0.0	0.0	0.0	23.96	18.08	0.0	22.433333333333337	0.0	32.480000000000004	0.0	23.10526315789474	27.112	23.355	0.0	0.0	21.92	0.0
18.846274509803926	12.59974391805378	13.358731501057084	0.0	0.0	14.56	14.148025477707003	22.018000000000004	5.99442195730524	19.28	18.390204081632653	0.0	0.0	19.84	0.0	0.0	16.217413249211358	23.417142857142856	17.694700399467376	0.0	5.294248194571262	5.785799488065367	3.244309285611802	4.206572100543878	20.520000000000003	19.733254786450665	5.447364421880779	3.767869259412495	16.88682170542636	11.553508687590138	0.0	0.0	15.74666666666667	9.73781140431814	20.325714285714287	14.47111111111111	22.1043137254902	0.0	0.0	0.0	21.581714285714284	22.253333333333337	9.645833333333334	0.0	0.0	0.0	0.0	23.94514285714285	0.0	17.092392978133663	28.96	0.0	0.0	0.0	18.74738024446647	8.772078609221467	17.369397810218977	18.115025906735752	0.0	28.368	18.056912751677853	17.99634920634921	18.98884353741497	18.965944721341188	0.0	0.0	18.43368421052632	17.224285714285713
17.265787328640236	6.926255924170617	5.659654983770379	23.186666666666667	0.0	28.4	18.084685138539044	19.965323992994747	16.94304347826087	23.25777777777778	9.382040816326532	29.48	15.248205128205129	19.226481944129	0.0	16.217413249211358	0.0	9.257391304347829	2.889161330031214	0.0	8.493989650546222	13.048900804289543	4.344631357482621	21.266524685382382	11.44	5.875385076865393	9.52764410595942	20.487545454545455	15.167821122740246	11.255097752360689	13.88	0.0	16.852	3.793724825898739	31.360000000000003	10.08482897384306	16.948315789473686	0.0	0.0	0.0	29.360000000000003	0.0	20.245	0.0	0.0	0.0	0.0	31.190000000000005	0.0	21.06909090909091	17.91522388059702	19.54	17.214117647058824	0.0	26.57052631578948	15.06439024390244	20.33807692307693	25.93	12.920000000000002	15.98843220338983	16.131705722070844	28.62736842105264	28.55333333333333	26.851764705882356	0.0	0.0	34.28	16.68
25.183333333333337	10.508955223880596	11.437471264367815	32.84	0.0	20.155102040816328	27.52	16.117551020408165	22.0	29.742608695652176	3.144326653873982	28.3648	6.362226533353232	19.897872340425533	0.0	23.417142857142856	9.257391304347829	0.0	3.695859216364594	30.30181818181818	20.15333333333333	16.53	16.929113924050633	30.611428571428576	6.695891803945496	6.346304549908299	8.550893304391384	26.20800000000001	13.78447949526814	21.51555555555556	8.291030110935024	13.993333333333334	0.0	8.531427422597506	0.0	10.626666666666669	28.24	0.0	0.0	0.0	0.0	30.440000000000005	0.0	0.0	14.324831223628692	0.0	15.213795986622074	0.0	0.0	0.0	33.08	16.859739607126542	17.23543624161074	0.0	0.0	19.880000000000003	21.96	37.16	9.951592775041052	16.36882008368201	16.482940907008704	0.0	0.0	0.0	17.817365269461078	0.0	0.0	19.65333333333333
19.169219730941705	5.958187565858799	7.52779054916986	34.56	0.0	19.653617021276595	21.530116731517516	19.510661157024792	18.954736842105262	28.83783783783784	3.5877984041687023	28.144516129032255	6.929588556260138	20.461236051502148	0.0	17.694700399467376	2.889161330031214	3.695859216364594	0.0	29.737435897435898	13.657743612932402	14.74082191780822	12.182853932584267	22.592	6.8111744000000005	5.722841454057165	7.752510317831766	19.51722448979592	14.647373572593802	14.123221737020865	8.926229508196723	17.276363636363637	17.44	6.731455239711498	35.3	8.624761904761906	17.056	0.0	0.0	0.0	0.0	0.0	25.92	0.0	15.069808917197452	0.0	15.427920927062033	0.0	0.0	22.152	15.727719298245614	17.229545979858017	16.289128305582764	0.0	26.20888888888889	14.973333333333333	21.535238095238096	28.56	10.2282131661442	16.344257612880646	15.807133492252683	30.784	25.48	31.93	18.496815286624205	0.0	0.0	16.560000000000002
15.148837209302323	34.24	21.47	2.674488980969408	17.37	8.630218713131864	5.546292134831461	14.288964258484857	9.74354159228847	3.5210133933432544	25.96562814070352	3.456609195721628	31.450666666666667	17.198262167625565	11.25273673257024	0.0	0.0	30.30181818181818	29.737435897435898	0.0	14.77	16.991111111111113	19.337142857142855	4.132789754810477	28.8	32.6821052631579	33.26173913043478	3.906977392569247	18.26240699867571	14.17379310344828	0.0	22.14486055776893	16.48319248826291	17.520384490765743	26.68	0.0	0.0	25.818790697674416	0.0	26.56088888888889	23.27560117302053	24.356424581005587	12.912193711601011	26.07887939870174	0.0	16.85896907216495	0.0	24.648965517241383	18.59	0.0	0.0	0.0	0.0	25.618703888334995	0.0	0.0	0.0	20.40105982905983	33.64	0.0	39.4	24.87364724660814	28.9448275862069	24.45777777777778	0.0	0.0	27.46	28.454400000000003
11.963707228642647	14.374347826086955	9.737407696307852	16.344444444444445	0.0	17.241739130434784	10.257212531752751	14.249727928928374	8.559377456374785	13.229567198177676	14.794285714285715	20.34666666666667	25.12	14.115295196606672	17.32	5.294248194571262	8.493989650546222	20.15333333333333	13.657743612932402	14.77	0.0	8.353162222775978	6.1810394505815385	10.53582335456476	21.522105263157897	15.96393777345649	13.555887890920896	5.941074599640548	11.225834633385336	5.667370687617837	24.08	31.360000000000003	11.055	5.440262556470901	21.838755555555554	15.857000000000005	22.569756097560976	0.0	0.0	0.0	21.16957055214724	25.498461538461537	12.17424148606811	29.512	30.76	0.0	0.0	24.61766990291262	0.0	18.009916074887023	25.38285714285714	0.0	26.146666666666665	0.0	20.05451799200356	10.804216191971294	20.2088717948718	18.430411449016106	0.0	27.406315789473684	20.83738562091504	19.870988242770892	20.67037037037037	20.21751567530927	0.0	0.0	20.25230769230769	21.062222222222225
11.839361344537815	4.443789639550916	10.196008869179602	15.866250000000004	0.0	18.629565217391303	11.164146001671776	14.870495867768597	4.922371797757868	15.627789473684212	16.72977777777778	19.973333333333336	14.65607843137255	14.187435719249478	12.4	5.785799488065367	13.048900804289543	16.53	14.74082191780822	16.991111111111113	8.353162222775978	0.0	8.356352855508167	6.779813919026198	11.523393541324577	14.196076993583867	6.612210072895958	8.96673911611671	8.191928943811547	8.914417360764286	0.0	25.85333333333333	7.4298961937716275	6.392191287258435	15.6	3.335116279069768	12.74	29.72	0.0	0.0	24.48	0.0	11.0	27.08	0.0	0.0	0.0	18.48	0.0	9.978995929443691	12.52	18.2	19.072000000000003	0.0	11.121468926553671	2.175271008713632	10.191512605042018	11.661333333333337	12.67	15.764444444444443	9.378682170542636	11.214432989690724	15.206666666666669	11.50451127819549	0.0	0.0	11.04	11.97090909090909
14.051634631740091	9.095020576131688	5.449512066479917	18.06521739130435	0.0	19.16204379562044	12.41700072402558	16.233733788395906	12.070809628008757	15.235726630007855	15.118899082568808	0.0	19.360000000000003	15.80527500351667	14.24	3.244309285611802	4.344631357482621	16.929113924050633	12.182853932584267	19.337142857142855	6.1810394505815385	8.356352855508167	0.0	14.058794282162836	17.021818181818183	13.0844608815924	9.612492320903655	9.540280149968757	14.94981949458484	9.739400610530538	0.0	30.840000000000003	15.044444444444444	6.384576345881753	22.425826771653544	10.932650334075726	17.53659617321249	0.0	0.0	29.186666666666667	23.4867638483965	26.499130434782607	13.022666666666666	29.380000000000003	0.0	0.0	0.0	25.4721875	0.0	17.514037558685448	22.56	0.0	25.78	0.0	20.253899480069325	10.799970008247731	18.06392495384462	19.149451476793253	0.0	23.19858823529412	17.218574966505624	21.067580803134184	22.043147540983604	21.37181151832461	0.0	0.0	23.083333333333336	19.04497175141243
12.149554873369148	13.146464143426297	17.75747688961392	4.90467638483965	12.36	11.710865954922896	7.741854349791739	14.32195393169182	5.0860637423653525	8.796020579746518	26.00967032967033	5.6000129491744906	25.8951724137931	13.5290821171858	6.81070398277718	4.206572100543878	21.266524685382382	30.611428571428576	22.592	4.132789754810477	10.53582335456476	6.779813919026198	14.058794282162836	0.0	20.533076923076926	23.600640854472637	13.299389706141744	4.100112743396954	12.368118388599616	10.28637803080764	0.0	22.80258064516129	11.962740487175672	11.140154574239896	19.44986193293886	18.928695652173914	24.304	21.73324618736384	0.0	22.199283154121865	18.981758241758243	20.702577639751556	9.125296682965509	21.690848675348	33.21411764705883	15.159333333333333	39.4	21.9296138996139	11.88	15.537190675433354	28.92	38.06	30.880000000000003	21.83991498405951	18.968554057626225	9.504731236066387	21.348923766816142	16.48174825699078	0.0	29.08923076923077	26.6912	17.743577201637454	20.27312419974392	18.535169467388208	39.28	31.120000000000005	19.86441558441559	20.216696696696697
28.4	4.352580993740698	11.626666666666669	0.0	0.0	18.81	25.504	15.16	16.723141361256545	26.696	4.687295586767606	25.373793103448275	4.1129249960478855	16.740952380952383	0.0	20.520000000000003	11.44	6.695891803945496	6.8111744000000005	28.8	21.522105263157897	11.523393541324577	17.021818181818183	20.533076923076926	0.0	6.3722612854798735	4.6821805359661495	24.292857142857144	11.814117647058826	23.792941176470592	8.05639245283019	13.453333333333331	0.0	7.45806884970613	23.6	4.921806167400882	14.237231833910036	0.0	0.0	0.0	0.0	0.0	0.0	27.28	7.309401459854016	26.1	8.273920888272034	21.4	0.0	19.53333333333333	13.63878787878788	10.559158050221566	11.342323651452284	28.96	21.04	11.121690140845072	17.942	0.0	4.808065573770492	10.573881704473184	10.913647386205524	0.0	0.0	21.51	11.55638795986622	0.0	0.0	11.937142857142858
21.77360448807854	7.29053364579846	6.16454181446522	26.675	0.0	23.543859649122805	21.748972073677955	23.480454115421004	19.617851239669424	25.888795811518328	4.290028253438022	29.782916666666665	4.351168707158204	23.968879101519487	0.0	19.733254786450665	5.875385076865393	6.346304549908299	5.722841454057165	32.6821052631579	15.96393777345649	14.196076993583867	13.0844608815924	23.600640854472637	6.3722612854798735	0.0	5.428727494576479	21.53880971443822	17.874842670759787	20.003416708354177	3.6195251350908793	15.768	23.8	8.496941272099168	32.42	8.954294833433075	16.41419496166484	0.0	0.0	0.0	31.681666666666665	32.760000000000005	22.27866666666667	43.36	14.375538404998164	39.68	14.531239848402816	35.50769230769231	0.0	26.710344827586205	16.82026805015132	16.42683164803974	15.369621791741276	0.0	25.197142857142858	17.73449275362319	21.17185185185185	29.12121212121212	9.058812110006931	15.344759993431976	14.503963104426518	30.97452229299363	32.04695652173913	28.879480519480524	17.760557491289198	45.32000000000001	30.75	15.701157024793387
22.34633772862612	6.011377569371362	6.686273470644129	28.85333333333333	0.0	21.604444444444447	21.257157403479003	23.77712952158693	15.428455467869222	28.780719424460436	7.0881822027922725	30.84818181818182	4.210017680820391	23.76183632734531	25.368	5.447364421880779	9.52764410595942	8.550893304391384	7.752510317831766	33.26173913043478	13.555887890920896	6.612210072895958	9.612492320903655	13.299389706141744	4.6821805359661495	5.428727494576479	0.0	12.053824812298894	19.35690507152146	18.394906997342783	4.832419700214134	16.020000000000003	22.11692307692308	8.866261043003496	30.237894736842104	8.587729397848252	15.312466282076784	0.0	0.0	0.0	24.98926406926407	30.77142857142858	20.69052631578948	0.0	14.53696048632219	0.0	15.46371991247265	31.01677419354839	0.0	15.842314578005116	16.711732829237555	16.721257739468253	15.485134232054383	0.0	19.543932107496467	8.756445392339822	16.02595820049593	27.681290322580644	8.78635470285447	15.520362569580264	14.754682767214044	27.7152	31.00769230769231	25.44586206896552	17.725148514851487	0.0	0.0	16.375689655172415
11.633477523324853	15.993657505285412	15.1381761628729	3.2444867046271213	17.42	6.242119584675976	5.54718020073839	13.955985159148604	8.879078275725567	4.34900616978739	25.64307692307693	6.338111619588659	26.824	13.900898602087024	12.62358452138493	3.767869259412495	20.487545454545455	26.20800000000001	19.51722448979592	3.906977392569247	5.941074599640548	8.96673911611671	9.540280149968757	4.100112743396954	24.292857142857144	21.53880971443822	12.053824812298894	0.0	13.707747724089636	8.34998149475998	0.0	22.69	12.64173767578023	10.508294570115153	20.363437366395896	21.69578947368421	25.910555555555558	25.58357235984355	0.0	25.672606635071087	20.297606291472107	23.147091412742384	11.396742796569336	25.478469945355197	34.656	22.10762589928057	0.0	23.00744923229322	19.0	16.859296908089796	27.016	0.0	29.82	25.547677725118483	19.869364257610272	10.85380770096825	22.47281921618205	17.696240563019835	0.0	30.9	26.13855670103093	19.14509929664874	20.42714466043929	19.35755064350436	41.36	29.880000000000003	20.34490566037736	21.086071428571422
4.566868332996475	17.25904761904762	14.559111111111111	16.98514550973041	3.27072463768116	7.274797595616789	12.813766935748273	5.941478266185731	9.32365917180311	16.40189354820756	8.748976535197205	17.77475973671202	13.673584905660377	5.16919726764645	17.79677419354839	16.88682170542636	15.167821122740246	13.78447949526814	14.647373572593802	18.26240699867571	11.225834633385336	8.191928943811547	14.94981949458484	12.368118388599616	11.814117647058826	17.874842670759787	19.35690507152146	13.707747724089636	0.0	5.125950827897642	15.502857142857144	2.468993482983345	2.8736508487821824	3.5689600531885426	21.511174533479696	21.992	24.426666666666662	31.217142857142857	0.0	32.5	21.84725	25.4705325443787	12.041286633309507	29.10511627906977	37.28	27.548571428571428	11.05	24.533023255813955	0.0	17.03114219114219	28.78	26.24	23.520000000000003	29.173333333333336	19.898076740881105	10.540803347280336	22.394216867469883	18.817358046484262	0.0	28.84190476190476	26.82470588235294	19.157761596548006	21.40950605778192	19.76220931879337	0.0	34.120000000000005	21.273978494623652	21.660149253731344
5.515681022843129	16.355795795795796	13.6436082356956	12.579310344827586	0.0	18.186567164179102	6.040481927710844	10.912827876028718	8.408657344328912	12.772805071315371	17.009777777777778	16.933333333333334	28.640000000000004	9.0247483611983	14.087272727272728	11.553508687590138	11.255097752360689	21.51555555555556	14.123221737020865	14.17379310344828	5.667370687617837	8.914417360764286	9.739400610530538	10.28637803080764	23.792941176470592	20.003416708354177	18.394906997342783	8.34998149475998	5.125950827897642	0.0	0.0	19.2	8.126028602860288	4.649592978395062	20.453340611353717	21.322857142857146	24.331023622047248	24.79428571428572	32.36	25.506666666666668	19.949211136890952	23.722818791946317	11.06280769622315	23.755000000000003	33.626666666666665	24.26	39.48	23.125974222896136	0.0	17.235717407137656	28.58	0.0	33.49333333333334	24.856	20.057401960784315	11.063243781094528	21.96478371501272	17.353723131357807	0.0	30.26	25.23827956989248	18.91765588842329	20.213650276782808	19.573045729076792	39.720000000000006	0.0	20.25683397683398	20.99271137026239
24.160000000000004	10.52	16.5	0.0	0.0	22.92	31.7	19.24	22.64	30.820000000000004	3.7797261402244415	30.176	3.2626842907981706	20.46181818181818	0.0	0.0	13.88	8.291030110935024	8.926229508196723	0.0	24.08	0.0	0.0	0.0	8.05639245283019	3.6195251350908793	4.832419700214134	0.0	15.502857142857144	0.0	0.0	0.0	0.0	11.44812834224599	0.0	0.0	0.0	0.0	0.0	0.0	0.0	0.0	0.0	0.0	16.43	0.0	17.328	0.0	0.0	0.0	0.0	18.978181818181817	20.84	0.0	0.0	0.0	0.0	0.0	10.64	18.124848484848485	18.732000000000003	0.0	0.0	0.0	0.0	0.0	0.0	0.0
13.808000000000002	0.0	25.1	24.753333333333337	2.441450990481091	3.2163825091483824	20.51368421052632	4.4367033603708	20.973333333333336	20.09981308411215	10.34	19.47933884297521	16.240000000000002	2.782567802271209	5.389679487179487	0.0	0.0	13.993333333333334	17.276363636363637	22.14486055776893	31.360000000000003	25.85333333333333	30.840000000000003	22.80258064516129	13.453333333333331	15.768	16.020000000000003	22.69	2.468993482983345	19.2	0.0	0.0	0.0	2.7269319725091568	0.0	0.0	0.0	0.0	0.0	0.0	29.24	0.0	21.360000000000003	0.0	0.0	0.0	11.04	0.0	0.0	0.0	0.0	0.0	0.0	0.0	0.0	0.0	0.0	28.860000000000003	0.0	0.0	0.0	30.140000000000004	33.88	0.0	0.0	0.0	32.0	0.0
8.157668161434978	12.16	12.510000000000002	15.437933579335796	0.0	18.248	12.33373941250676	14.322713567839196	8.746604847207589	15.54861751152074	16.693333333333335	18.955	0.0	13.26752959747435	16.65818181818182	15.74666666666667	16.852	0.0	17.44	16.48319248826291	11.055	7.4298961937716275	15.044444444444444	11.962740487175672	0.0	23.8	22.11692307692308	12.64173767578023	2.8736508487821824	8.126028602860288	0.0	0.0	0.0	2.666596352450011	21.254634146341463	0.0	21.68	26.72	0.0	26.68	21.276	26.130000000000003	12.040813559322036	26.03	0.0	0.0	0.0	23.858888888888888	0.0	16.636666666666667	0.0	0.0	0.0	28.840000000000003	19.184000000000005	9.900363636363636	22.1	18.51909604519774	0.0	28.76	26.92	18.897252747252747	21.00918032786885	19.445275779376495	0.0	0.0	20.53333333333334	19.054736842105264
9.029715242881071	7.272412060301508	7.008688888888889	16.156875000000003	2.5597930919405973	6.921250143233644	12.596821775761503	3.975383588317107	8.171964461994076	15.740546869060594	4.2171176234444	15.89955449364096	8.622928745090707	5.987999100141407	14.443636363636363	9.73781140431814	3.793724825898739	8.531427422597506	6.731455239711498	17.520384490765743	5.440262556470901	6.392191287258435	6.384576345881753	11.140154574239896	7.45806884970613	8.496941272099168	8.866261043003496	10.508294570115153	3.5689600531885426	4.649592978395062	11.44812834224599	2.7269319725091568	2.666596352450011	0.0	19.86618181818182	9.545858585858586	15.783076923076925	28.89333333333333	0.0	38.48	23.033297297297302	25.947096774193547	13.19264367816092	27.90421052631579	17.68	20.58	5.119250585480094	23.742978723404256	0.0	15.405096525096528	15.016470588235295	19.7376	16.151056910569103	29.196	16.857629063097516	8.097978723404257	17.36359249329759	18.76226898444648	11.635000000000002	16.65837133550489	15.846985446985448	17.829080206033847	18.60708860759494	17.190664605873263	0.0	0.0	18.592727272727277	22.537333333333333
22.25742782152231	0.0	28.004337349397595	24.13714285714286	0.0	21.22086956521739	21.303515151515157	25.4642962962963	12.029583333333331	25.03	32.760000000000005	20.4	0.0	23.867769784172665	24.14666666666667	20.325714285714287	31.360000000000003	0.0	35.3	26.68	21.838755555555554	15.6	22.425826771653544	19.44986193293886	23.6	32.42	30.237894736842104	20.363437366395896	21.511174533479696	20.453340611353717	0.0	0.0	21.254634146341463	19.86618181818182	0.0	19.252052401746727	15.684064171122998	13.927105263157896	14.299047619047618	12.651428571428571	6.324993816852463	5.9592858660998935	9.898368376787216	12.724465822784811	18.24404761904762	13.32012383900929	24.160000000000004	3.358119255243931	17.216	11.371155682903536	20.789	23.84	22.76894117647059	12.91172027972028	14.24416	13.598553127354936	15.11612456747405	11.171512029916038	22.860000000000003	22.35052631578948	20.542062780269056	12.031227788195377	4.298527879693799	5.237380894735426	24.47428571428572	13.63625	9.078228782287823	10.971362530413623
22.314666666666668	3.130874282067645	9.165204008589836	0.0	0.0	0.0	23.458823529411767	24.880000000000003	10.66	0.0	9.591111111111111	0.0	10.9376	22.99764705882353	0.0	14.47111111111111	10.08482897384306	10.626666666666669	8.624761904761906	0.0	15.857000000000005	3.335116279069768	10.932650334075726	18.928695652173914	4.921806167400882	8.954294833433075	8.587729397848252	21.69578947368421	21.992	21.322857142857146	0.0	0.0	0.0	9.545858585858586	19.252052401746727	0.0	6.342198143789689	20.01333333333333	0.0	25.37538461538461	17.688634064080947	22.218947368421052	12.633533333333332	21.871428571428574	10.299310344827584	22.57714285714286	5.330684039087949	22.305454545454545	20.38857142857143	11.376277056277058	7.645441028294437	8.89910447761194	7.06951768488746	21.733333333333334	13.162583537082316	4.70816454887122	8.338654701813423	13.567898989898987	4.033281300289668	5.871491800448817	4.381681284492598	16.20700787401575	19.34727272727273	15.85166169778754	10.68	0.0	19.32	7.474607430103409
28.018064516129037	10.58696562032885	16.058443752779013	0.0	0.0	0.0	28.045454545454543	30.333333333333336	22.05333333333333	30.24	20.833333333333336	0.0	18.32246153846154	29.60732394366197	0.0	22.1043137254902	16.948315789473686	28.24	17.056	0.0	22.569756097560976	12.74	17.53659617321249	24.304	14.237231833910036	16.41419496166484	15.312466282076784	25.910555555555558	24.426666666666662	24.331023622047248	0.0	0.0	21.68	15.783076923076925	15.684064171122998	6.342198143789689	0.0	0.0	0.0	23.860000000000003	14.218818770226536	19.4664406779661	13.76	19.986666666666668	16.433333333333334	0.0	15.035555555555558	18.723578274760385	0.0	12.789147286821706	7.202542138712351	13.866315789473685	8.97913202375514	0.0	10.016158415841584	7.047814207650274	5.219014728527265	16.72825396825397	14.311111111111112	6.492579360476357	6.664741875781921	12.120577427821525	21.69	14.77715242881072	14.670526315789472	0.0	0.0	8.108171779141106
0.0	0.0	0.0	25.97159029649596	0.0	26.97090909090909	24.40070365358593	26.733333333333334	14.446858832224686	27.098230825778	0.0	21.948444444444444	0.0	26.34782608695652	0.0	0.0	0.0	0.0	0.0	25.818790697674416	0.0	29.72	0.0	21.73324618736384	0.0	0.0	0.0	25.58357235984355	31.217142857142857	24.79428571428572	0.0	0.0	26.72	28.89333333333333	13.927105263157896	20.01333333333333	0.0	0.0	21.81142857142857	9.81343691401018	7.385401207937877	15.427865168539329	11.123491005996003	4.7608824298186	27.311200000000003	6.114425436829189	32.20666666666666	17.13510301868711	13.989435215946845	14.68	0.0	34.120000000000005	27.68	2.7291824987773223	17.70666666666667	14.648	19.57333333333333	4.811316377444114	0.0	34.34	26.293333333333333	2.88919260883182	17.10804925832634	15.373076923076926	33.96	23.006153846153847	16.50315789473684	17.016372335798174
0.0	0.0	0.0	0.0	0.0	0.0	31.440000000000005	0.0	0.0	36.906666666666666	0.0	0.0	0.0	40.66	0.0	0.0	0.0	0.0	0.0	0.0	0.0	0.0	0.0	0.0	0.0	0.0	0.0	0.0	0.0	32.36	0.0	0.0	0.0	0.0	14.299047619047618	0.0	0.0	21.81142857142857	0.0	2.7401613220539054	20.11095238095238	4.924040894125802	8.712530712530713	21.57159090909091	10.041739130434784	12.049377990430624	14.133333333333336	9.677242192103712	2.9347584929202037	0.0	0.0	0.0	0.0	20.736666666666668	29.72	18.0	0.0	13.137639751552792	0.0	17.160000000000004	19.08	20.86193548387097	6.5752	19.935	17.520000000000003	2.4644870485914163	21.2	2.794650615022246
27.2	0.0	0.0	26.66086206896552	0.0	26.577777777777776	24.947397260273977	26.556666666666665	15.557128205128208	27.323900414937764	40.64	18.254237288135595	0.0	28.57333333333333	0.0	0.0	0.0	0.0	0.0	26.56088888888889	0.0	0.0	29.186666666666667	22.199283154121865	0.0	0.0	0.0	25.672606635071087	32.5	25.506666666666668	0.0	0.0	26.68	38.48	12.651428571428571	25.37538461538461	23.860000000000003	9.81343691401018	2.7401613220539054	0.0	9.124910564824043	4.231451979345955	9.718222666001	5.803132301096723	15.777097505668936	5.707781530789857	20.49680672268908	9.029546648871836	3.152554230550824	17.637735849056604	32.08	26.484	20.70769230769231	7.694043351666129	19.884545454545457	19.47742857142857	20.7	10.417047534032582	24.0	23.512727272727275	24.199285714285715	9.618709978967049	9.922436629719966	18.998375634517767	23.712820512820517	4.351939959376184	18.751589743589744	8.315996772722489
21.74264501160093	25.04	25.80626086956521	22.986149732620323	0.0	22.302068965517243	20.531578531965277	23.74344827586207	10.994824038982134	23.56977303070761	32.392	24.473700787401576	0.0	23.341444201312918	26.06	21.581714285714284	29.360000000000003	0.0	0.0	23.27560117302053	21.16957055214724	24.48	23.4867638483965	18.981758241758243	0.0	31.681666666666665	24.98926406926407	20.297606291472107	21.84725	19.949211136890952	0.0	29.24	21.276	23.033297297297302	6.324993816852463	17.688634064080947	14.218818770226536	7.385401207937877	20.11095238095238	9.124910564824043	0.0	7.645954916614063	7.948883013027216	4.698937214636342	23.22426373626374	12.464864864864865	28.74769230769231	7.848529565928764	13.063574879227051	8.893995359628772	19.893960784313727	26.426	22.707906976744187	7.488352941176471	11.018426759545246	12.95715268589574	12.192842592401298	7.315292911613952	25.44	20.860766910814306	17.79325119780972	5.897422047522303	12.146136656585409	5.006113639128848	29.815555555555555	20.226666666666667	12.406941982945996	12.51529480020306
25.2905	0.0	28.816000000000003	24.24571428571429	0.0	25.616000000000003	22.67391947411668	26.26787878787879	13.230191570881228	25.04872807017544	0.0	24.11058823529412	0.0	25.729166666666668	28.32	22.253333333333337	0.0	30.440000000000005	0.0	24.356424581005587	25.498461538461537	0.0	26.499130434782607	20.702577639751556	0.0	32.760000000000005	30.77142857142858	23.147091412742384	25.4705325443787	23.722818791946317	0.0	0.0	26.130000000000003	25.947096774193547	5.9592858660998935	22.218947368421052	19.4664406779661	15.427865168539329	4.924040894125802	4.231451979345955	7.645954916614063	0.0	11.19596001025378	10.954674597468244	12.64710217755444	12.748017132425222	17.4046875	4.308713920072984	6.3607009609949134	15.567850467289722	25.712	16.787636363636363	18.731851851851854	12.826785135512711	15.349005347593584	17.16521739130435	16.68701086956522	11.40268876611418	15.071111111111112	23.48837209302325	21.872700729927008	10.373570852212776	5.329548768980013	10.756245446903897	19.320833333333333	3.158349051370243	15.598870056497177	4.155583669070287
12.533746807734405	0.0	18.13435897435897	13.404956369982548	0.0	11.950394736842108	11.27040294881461	15.188851499634236	2.1369136796249824	14.897010746606336	27.340000000000003	7.939955056179775	0.0	14.083977433004232	13.150666666666666	9.645833333333334	20.245	0.0	25.92	12.912193711601011	12.17424148606811	11.0	13.022666666666666	9.125296682965509	0.0	22.27866666666667	20.69052631578948	11.396742796569336	12.041286633309507	11.06280769622315	0.0	21.360000000000003	12.040813559322036	13.19264367816092	9.898368376787216	12.633533333333332	13.76	11.123491005996003	8.712530712530713	9.718222666001	7.948883013027216	11.19596001025378	0.0	11.346537500547935	23.646274509803924	3.285919884490059	29.6	11.701220300323133	3.847075241100396	4.486165228113441	19.42727272727273	0.0	25.110000000000003	11.015417706932976	7.952534540257266	5.59363850456285	11.503661202185793	4.276947981492336	17.50909090909091	19.86212765957447	11.961777777777778	7.916385013038109	9.234460038568674	8.1368992915574	32.84	18.72	9.49262804366079	9.246917931147006
