0.0	24.7	14.989409513395298	13.04275612695862	13.653333333333332	14.836113360323887	6.7997723150957965	5.946676002100473	11.37364263322884	13.82875514492128	18.27414634146341	13.601789883268484	15.38792452830189	3.085761033522032	16.581538461538464	22.0	14.904575163398691	0.0	20.7083870967742	13.969831953850012	11.21602191030469	15.93	12.903261061646162	10.76712513144059	24.520000000000003	18.2906103286385	19.49898550724638	11.759543553524445	2.9237674206530144	4.638174464069031	0.0	16.75	9.300645161290324	8.044592592592593	25.064	24.78	28.022222222222226	27.42153846153846	0.0	27.6	22.473893129770996	27.69913043478261	13.393333333333334	26.8304761904762	0.0	0.0	0.0	26.70122448979592	0.0	21.048	0.0	0.0	0.0	27.386666666666667	24.42	15.175384615384615	27.54823529411765	20.855748273215656	27.640000000000004	34.84666666666667	28.648000000000003	21.908535754824065	25.36457142857143	23.011162790697675	0.0	0.0	24.076666666666664	24.475
24.7	0.0	6.518413307741524	19.627826086956524	0.0	24.896	23.714285714285715	23.605925925925927	12.656664355062414	30.385454545454547	8.277124688968758	23.164137931034485	8.094261946217838	23.2	20.8672	8.974323353293414	8.976157510320737	12.022718138551031	7.794026951560033	31.2	14.71844155844156	5.137947656064361	12.081600000000002	14.925539838337183	4.322128536855001	7.164911847854022	7.191957450372728	14.92237654320988	21.446315789473683	18.948235294117648	12.515	21.24	22.8	7.179630796938317	0.0	3.1826330532212888	9.515121951219513	0.0	0.0	0.0	27.12	0.0	0.0	0.0	10.22	0.0	7.765263157894736	31.340000000000003	0.0	17.4	11.165911330049262	11.96	11.105454545454544	0.0	0.0	10.24	12.573793103448278	0.0	5.583384615384615	9.068512110726644	7.200063897763579	33.120000000000005	0.0	23.2	0.0	0.0	0.0	10.768
14.989409513395298	6.518413307741524	2.8400000000000003	18.8840522875817	27.61636363636364	22.030695443645087	15.304438574843834	18.302513860804904	17.342027090144793	19.29421985815603	30.662051282051284	20.96875	27.240427046263346	17.22978025993006	22.59378486055777	10.48376980817348	3.759580299587256	17.41846153846154	8.213738396624473	22.606666666666666	7.837504330989503	8.858688915375447	4.561896643580181	16.75911887857273	14.055466666666666	3.4997560948195443	3.922553974134696	14.374993483709272	16.56126925730053	11.370645741089826	0.0	29.152	18.026666666666667	6.319283138690059	31.28	8.994146896944391	15.90271952131638	34.74666666666667	0.0	0.0	28.6422641509434	35.75555555555556	19.12818181818182	34.42285714285715	18.42	0.0	15.580000000000002	33.525333333333336	0.0	21.331818181818186	17.923344262295082	0.0	17.973333333333336	0.0	25.39714285714286	12.367848101265825	17.761946972694897	27.14628571428572	13.102	16.34072363356428	13.531292848442666	28.33327586206897	33.496	26.37032258064516	0.0	0.0	32.120000000000005	15.94812030075188
13.04275612695862	19.627826086956524	18.8840522875817	0.0	24.19333333333333	11.543626232318903	7.094795160846853	13.842616376892876	9.51656518161514	4.393288447327367	27.059830985915493	7.661998640380693	23.26984709480123	15.922748121787269	12.60450879007239	17.11294117647059	20.074285714285715	32.57454545454546	31.12444444444445	2.550400394060939	14.545023696682469	11.883013698630135	15.548628428927682	3.880637866500313	30.11428571428572	32.028192771084335	27.35091891891892	3.101054548971565	15.989112943389964	11.907063599458729	0.0	24.676666666666662	13.34332801701223	16.064534757243155	24.134545454545457	0.0	32.440000000000005	23.680869080779942	0.0	24.73	22.806960110041267	27.13793103448276	12.09011751538892	24.329444250262146	0.0	6.873548387096774	0.0	24.868	0.0	0.0	0.0	0.0	0.0	23.99808861859253	24.28	23.28	0.0	18.89701423027167	0.0	36.64	33.84	22.80259847148736	24.711428571428577	22.26	0.0	0.0	23.982222222222223	25.5625
13.653333333333332	0.0	27.61636363636364	24.19333333333333	0.0	3.3641174083592587	18.895454545454548	6.217026604068858	8.986666666666668	21.786456692913383	10.881350482315112	17.68605263157895	12.176470588235295	4.73938503900872	3.500141224430371	24.880000000000003	27.040000000000003	15.94	15.19	22.185217391304352	26.37333333333333	0.0	25.37777777777778	17.49142857142857	14.52	16.342608695652178	18.3624778761062	23.606666666666666	4.241776239907727	19.673333333333336	17.9	2.499845047811824	0.0	4.431748381128585	0.0	0.0	0.0	0.0	0.0	0.0	31.68	0.0	0.0	0.0	0.0	0.0	0.0	39.24	0.0	0.0	0.0	0.0	0.0	0.0	0.0	0.0	0.0	0.0	0.0	0.0	0.0	30.96	0.0	0.0	0.0	0.0	0.0	0.0
14.836113360323887	24.896	22.030695443645087	11.543626232318903	3.3641174083592587	0.0	8.375087832740599	4.414790047587678	9.232412451361869	5.558468560979973	14.218917063448124	6.276091038310926	9.82203051025776	7.659891529127161	3.2558771706903853	18.64	22.570731707317076	19.49107981220657	19.49041666666667	8.170441037289418	18.297411764705885	11.56	19.035466666666668	12.172273291925467	20.04	19.996152125279643	22.125672371638142	10.540429483459084	8.971547580903557	14.793661202185794	20.422857142857143	2.949309533959488	18.312	8.910277428002763	26.68	27.3	35.52	27.6	0.0	0.0	23.77317073170732	0.0	14.883478260869566	27.317746478873243	0.0	14.84	0.0	26.952	0.0	25.68800000000001	32.0	0.0	0.0	28.8	27.4	17.848000000000003	28.173333333333336	22.02396396396397	27.160000000000004	0.0	0.0	22.98298157453936	25.833333333333336	24.286153846153848	0.0	0.0	24.965714285714284	25.85333333333333
6.7997723150957965	23.714285714285715	15.304438574843834	7.094795160846853	18.895454545454548	8.375087832740599	0.0	7.299160545902664	8.772969891323715	4.207073874546033	23.00553581044696	11.464575163398694	18.8603232607168	6.221546530348045	13.424804733727813	18.50974358974359	14.856873977086744	28.369333333333334	25.495308641975303	8.13065442020666	10.341685655929323	13.107719298245613	10.931620346837208	8.109154537444935	28.384000000000004	20.845276967930037	18.09095831077423	6.557834310853788	10.348252340223748	5.952006828922987	0.0	21.009000000000004	11.351007721243318	11.540580684458684	22.561666666666667	22.63304347826087	26.634362416107383	23.085090909090912	0.0	25.860000000000003	20.667275494672754	25.124444444444443	12.064704618689582	23.236296296296292	0.0	17.0	0.0	24.434586466165417	0.0	20.86947368421053	32.82000000000001	0.0	0.0	23.403116883116883	23.7525	17.17576923076923	27.50988326848249	18.778038147138965	0.0	33.5	25.22820809248555	20.185065710872163	23.234358974358976	21.647664670658685	0.0	0.0	22.66787878787879	23.3487323943662
5.946676002100473	23.605925925925927	18.302513860804904	13.842616376892876	6.217026604068858	4.414790047587678	7.299160545902664	0.0	11.442852007189934	9.78727249854848	12.289105741751104	12.318511610381048	9.936203807390818	4.460416776975153	3.761744485216584	24.24	18.603463556851317	17.034835680751176	17.46926380368098	12.35538578501363	14.371130929300762	21.649230769230773	15.970978549230654	10.874613053440758	19.138271604938275	18.96381293791755	20.682832935042367	11.528256304021715	7.199224027112306	10.849857239360505	19.130909090909093	3.8768112350268487	15.504428904428906	7.53889268743684	25.705	25.724444444444448	30.779259259259263	25.627710843373496	0.0	29.3	23.185073529411767	27.496363636363636	16.2126164874552	25.4430626450116	25.360000000000003	0.0	0.0	26.85676470588235	0.0	23.872	36.760000000000005	0.0	38.7	27.130666666666663	26.89454545454545	21.11428571428572	31.306666666666665	21.381558441558443	0.0	37.57333333333334	29.833207547169813	23.969309878213803	25.923783783783783	25.6075	0.0	33.96	25.86823529411765	26.185
11.37364263322884	12.656664355062414	17.342027090144793	9.51656518161514	8.986666666666668	9.232412451361869	8.772969891323715	11.442852007189934	0.0	11.473522846587596	23.706448087431696	4.06860729137434	21.548295165394403	13.170405883955326	4.31177798530188	11.281801801801803	20.62459587955626	23.717628458498027	21.78338514680484	9.263246249081943	11.087898089171976	4.675817406043604	14.360441767068275	4.4925716670337446	18.896860015467905	20.13328122091941	18.692465066284488	8.00871469920989	11.881340656597178	9.149425138031829	0.0	19.44	11.186292993630572	11.217675911070364	13.15	22.8	20.47	12.988136905683756	0.0	16.15076923076923	11.824604758250192	15.14909090909091	2.216394948335247	13.516266410502723	0.0	6.990440251572328	26.28	14.9343661971831	0.0	8.857241379310347	26.140000000000004	0.0	24.520000000000003	13.324888547271332	12.123428571428573	2.541714285714286	18.104000000000003	7.882843783209353	20.8	26.36888888888889	25.1	12.049493194323777	13.24093023255814	11.62848167539267	0.0	0.0	12.993523809523811	12.96
13.82875514492128	30.385454545454547	19.29421985815603	4.393288447327367	21.786456692913383	5.558468560979973	4.207073874546033	9.78727249854848	11.473522846587596	0.0	24.98566528977344	4.541443714895974	20.62214642262895	14.98601417532116	15.285310043668124	25.03714285714286	19.401333333333334	30.589066666666668	29.475	3.4738125674568856	14.601505882352942	14.306666666666668	15.77012048192771	9.07402098195552	29.30823529411765	30.910355400696865	32.50070635721494	4.393083535990335	16.74583965559256	12.29646437994723	32.730000000000004	23.295882352941177	14.513593073593077	17.21779807672163	25.631111111111117	0.0	31.60333333333333	26.13874340527578	0.0	28.24875	23.937938994229185	27.762564102564102	14.238891402714932	26.146766874645493	0.0	19.47826086956522	0.0	26.949121338912136	0.0	24.56	37.84	43.86	44.56	26.45402247191011	24.64	26.06	30.18857142857143	20.61122512324265	0.0	37.16	34.16363636363637	24.38933869199854	26.080454545454547	23.68	0.0	0.0	25.22421052631579	25.69508196721312
18.27414634146341	8.277124688968758	30.662051282051284	27.059830985915493	10.881350482315112	14.218917063448124	23.00553581044696	12.289105741751104	23.706448087431696	24.98566528977344	0.0	22.55273354231975	3.1400395502849223	10.958361316319678	13.748076923076926	22.983333333333334	23.224969696969698	3.011746016059296	3.5932554565016908	25.17072688172043	27.56246153846154	14.644552845528455	28.69321585903084	24.647652173913045	4.091407213876189	3.901098362793124	7.2040739582029785	25.86722154222766	9.503861766319256	23.316352583586628	3.0084171558517108	10.55436499466382	31.99	3.497871712760796	38.053333333333335	11.232558139534884	24.96	44.46	0.0	0.0	35.050212765957454	0.0	25.9	39.648	12.787220447284344	0.0	11.620700808625337	39.78	0.0	30.5	18.764000000000003	15.88048780487805	15.83698113207547	39.92	35.68	25.8	35.25333333333334	33.64181818181818	10.203870967741937	15.57968253968254	12.943631436314362	33.93529010238908	39.69333333333334	34.92	15.550588235294118	0.0	36.620000000000005	37.39
13.601789883268484	23.164137931034485	20.96875	7.661998640380693	17.68605263157895	6.276091038310926	11.464575163398694	12.318511610381048	4.06860729137434	4.541443714895974	22.55273354231975	0.0	18.2899512195122	15.232096275817204	3.0716192687173534	0.0	28.666666666666668	27.536693766937667	26.40575949367089	3.132946892117171	16.493333333333332	14.882352941176473	20.0	3.935735475896169	27.55294117647059	27.977147836189367	29.838617332035057	9.108494983277591	16.04635578385514	13.915897435897438	29.392000000000003	19.58533333333333	15.832000000000004	16.743893024936757	0.0	28.880000000000003	0.0	19.2475	0.0	10.413333333333332	17.578181818181818	18.64666666666667	7.605714285714287	19.65556886227545	0.0	4.081237113402063	31.48	18.04	0.0	0.0	0.0	0.0	0.0	13.285245901639346	0.0	0.0	0.0	13.450714285714287	0.0	42.48	0.0	20.33083333333333	0.0	0.0	0.0	19.9	0.0	0.0
15.38792452830189	8.094261946217838	27.240427046263346	23.26984709480123	12.176470588235295	9.82203051025776	18.8603232607168	9.936203807390818	21.548295165394403	20.62214642262895	3.1400395502849223	18.2899512195122	0.0	9.402386666666668	4.265176848874598	23.235000000000003	20.37212121212121	6.406932694865655	9.295054387237128	21.025839373731515	23.581538461538464	16.352615384615387	25.00445945945946	23.53754646840149	3.378615784476989	2.7177236112962504	5.813867779755694	22.194459833795012	10.68860853432282	20.75945205479452	2.459651347068146	7.812962025316456	0.0	4.914562527947533	0.0	11.7265306122449	18.8	0.0	0.0	0.0	29.610000000000003	0.0	21.27294117647059	39.96	14.038523985239852	0.0	10.776568047337278	34.38	0.0	27.113333333333337	23.24571428571429	14.393199999999998	17.788235294117648	38.2	27.24	21.181538461538462	28.1	29.784210526315785	8.435092024539879	13.910967741935483	12.149454545454546	29.55884393063584	31.435	30.4	13.69714285714286	0.0	31.96	2.964186046511628
3.085761033522032	23.2	17.22978025993006	15.922748121787269	4.73938503900872	7.659891529127161	6.221546530348045	4.460416776975153	13.170405883955326	14.98601417532116	10.958361316319678	15.232096275817204	9.402386666666668	0.0	4.17991452991453	26.28727272727273	17.443563714902808	15.956942675159237	16.84973544973545	16.496632653061226	13.878810491907837	22.46	15.288191175709926	12.682805676855896	18.14	18.936870699669377	20.218258515034915	13.259378779549204	3.108030596457822	9.3117386274583	17.54666666666667	2.290830131952564	16.007225806451615	6.40500093658293	26.135	25.15555555555556	29.935172413793104	30.770000000000003	0.0	27.160000000000004	25.32395348837209	30.236	16.49625	30.493617021276595	0.0	0.0	20.520000000000003	28.350163934426227	0.0	23.07333333333333	36.510000000000005	0.0	0.0	35.02285714285715	26.248421052631578	16.961111111111112	31.320000000000004	23.58919708029197	0.0	37.7	29.20058823529412	24.814071015689517	27.438260869565216	26.846666666666664	26.840000000000003	0.0	26.896363636363635	26.978461538461534
16.581538461538464	20.8672	22.59378486055777	12.60450879007239	3.500141224430371	3.2558771706903853	13.424804733727813	3.761744485216584	4.31177798530188	15.285310043668124	13.748076923076926	3.0716192687173534	4.265176848874598	4.17991452991453	0.0	16.902857142857144	26.709411764705884	23.493333333333336	29.615384615384613	10.965755395683454	17.875999999999998	14.419948186528496	18.53896551724138	6.39011671529804	28.22	26.512153846153847	25.429189189189188	13.046277128547578	15.391727659574467	15.11349593495935	0.0	4.475117026158789	17.86058823529412	11.04029598308668	0.0	0.0	0.0	0.0	0.0	0.0	24.92	0.0	16.693333333333335	0.0	0.0	0.0	0.0	29.92	0.0	22.346666666666668	0.0	0.0	0.0	0.0	25.2	17.0	0.0	23.377333333333333	0.0	0.0	0.0	24.59868131868132	24.6	25.92	0.0	0.0	0.0	26.140000000000004
22.0	8.974323353293414	10.48376980817348	17.11294117647059	24.880000000000003	18.64	18.50974358974359	24.24	11.281801801801803	25.03714285714286	22.983333333333334	0.0	23.235000000000003	26.28727272727273	16.902857142857144	0.0	14.988980716253442	21.82	19.64357142857143	23.44	2.6020896335649093	5.926742687159148	2.716533275525689	5.22134460968309	18.76333333333333	16.68519362186788	6.295241703844039	5.217320098248178	22.73090909090909	11.264944649446496	0.0	20.96	0.0	10.507584282724949	22.64	13.50666666666667	20.728354430379746	28.4	0.0	0.0	23.39555555555556	26.040000000000003	12.592000000000002	0.0	0.0	0.0	0.0	24.83368421052632	0.0	16.390463054187194	25.2352	0.0	30.03	0.0	18.222675938803896	9.094605650181272	16.67516118598383	19.263050847457627	30.866666666666667	26.92526315789474	16.882590837282784	19.22806282722513	18.3	19.398172983479107	0.0	0.0	22.160000000000004	19.685405405405408
14.904575163398691	8.976157510320737	3.759580299587256	20.074285714285715	27.040000000000003	22.570731707317076	14.856873977086744	18.603463556851317	20.62459587955626	19.401333333333334	23.224969696969698	28.666666666666668	20.37212121212121	17.443563714902808	26.709411764705884	14.988980716253442	0.0	7.967407407407409	2.931219231918366	0.0	7.422161016949152	13.021461333333336	3.3651020492651624	20.11356466876972	11.22079491255962	4.517228477060682	7.953548738269939	17.228020784128486	12.471341623036649	9.505348546681102	0.0	29.52	19.48	4.720823798627003	34.306666666666665	10.975384615384616	18.465553235908143	0.0	0.0	0.0	30.53454545454546	38.760000000000005	19.597894736842107	0.0	20.49473684210526	0.0	16.489284164859004	38.45333333333333	0.0	22.96	18.954510638297872	23.453333333333337	18.499782608695654	0.0	23.4	15.74	20.512580645161293	25.511304347826087	14.281512859304083	17.891390728476825	14.505926489226871	28.030857142857144	0.0	27.418181818181814	0.0	0.0	0.0	17.79294117647059
0.0	12.022718138551031	17.41846153846154	32.57454545454546	15.94	19.49107981220657	28.369333333333334	17.034835680751176	23.717628458498027	30.589066666666668	3.011746016059296	27.536693766937667	6.406932694865655	15.956942675159237	23.493333333333336	21.82	7.967407407407409	0.0	2.337073882047959	30.05	25.582857142857144	15.93824154589372	21.124347826086957	26.478861788617888	7.494570078740158	4.521583313048851	8.263690727876774	30.654285714285717	14.63056179775281	25.01	7.026086956521739	15.78529411764706	0.0	9.005851318944845	0.0	14.516444444444446	21.706666666666667	0.0	0.0	0.0	36.16	0.0	30.360000000000003	0.0	15.684444444444445	0.0	13.902201834862383	0.0	0.0	0.0	23.18285714285714	18.04385964912281	18.67555555555556	0.0	0.0	0.0	23.6	37.760000000000005	12.65607142857143	17.444387096774197	14.886852886405958	40.260000000000005	0.0	40.84	17.512222222222224	0.0	0.0	21.68
20.7083870967742	7.794026951560033	8.213738396624473	31.12444444444445	15.19	19.49041666666667	25.495308641975303	17.46926380368098	21.78338514680484	29.475	3.5932554565016908	26.40575949367089	9.295054387237128	16.84973544973545	29.615384615384613	19.64357142857143	2.931219231918366	2.337073882047959	0.0	29.47176470588235	16.966197183098593	14.75701724137931	10.704957264957269	24.07304761904762	6.740671763594193	4.070094419956644	6.790342893161046	23.604705882352945	14.931877300613497	15.466898954703831	10.106666666666666	15.3192	0.0	6.701073008849558	0.0	10.651975308641976	21.53161290322581	0.0	0.0	47.36	34.38666666666667	0.0	29.746666666666663	0.0	15.27578947368421	0.0	12.979069767441862	0.0	0.0	0.0	17.099607843137257	16.720533333333332	16.088301158301157	0.0	0.0	22.6	24.63272727272728	36.668000000000006	10.799082278481013	15.720223463687152	12.830347171643604	36.16	0.0	30.18857142857143	17.134545454545457	0.0	0.0	16.942857142857143
13.969831953850012	31.2	22.606666666666666	2.550400394060939	22.185217391304352	8.170441037289418	8.13065442020666	12.35538578501363	9.263246249081943	3.4738125674568856	25.17072688172043	3.132946892117171	21.025839373731515	16.496632653061226	10.965755395683454	23.44	0.0	30.05	29.47176470588235	0.0	17.580000000000002	21.78666666666667	22.472	4.171701296029624	31.267368421052637	30.64856396866841	32.87195171026157	3.409997645951036	17.317692451171094	15.268571428571429	32.14	22.68	16.15794871794872	18.020394470046085	0.0	0.0	33.32000000000001	24.095466666666667	0.0	16.915	23.153580901856763	28.1	12.085466666666669	24.36276660988075	0.0	3.5556989247311828	0.0	27.032941176470597	11.2	0.0	0.0	0.0	0.0	21.848444444444446	26.440000000000005	0.0	26.9	18.692847571189283	0.0	0.0	31.08	23.89747460087083	24.34	24.53777777777778	0.0	0.0	25.826666666666664	28.234285714285715
11.21602191030469	14.71844155844156	7.837504330989503	14.545023696682469	26.37333333333333	18.297411764705885	10.341685655929323	14.371130929300762	11.087898089171976	14.601505882352942	27.56246153846154	16.493333333333332	23.581538461538464	13.878810491907837	17.875999999999998	2.6020896335649093	7.422161016949152	25.582857142857144	16.966197183098593	17.580000000000002	0.0	7.873548007299701	4.226970972910534	12.347020010816658	18.793333333333333	13.97608040201005	10.29377564811402	4.104125641381224	11.129203821656052	4.844530500416925	0.0	18.826666666666668	11.213333333333331	6.049114914296626	22.112	16.580000000000002	22.24463022508039	0.0	0.0	0.0	23.787368421052637	26.008000000000003	11.331129032258064	28.46	0.0	0.0	0.0	24.630243902439027	0.0	17.457219145007812	26.367619047619048	0.0	31.67272727272728	0.0	19.252887459807077	10.50972099367586	18.395722089450324	18.609592169657425	0.0	28.069647058823527	18.713524355300866	19.35048433048433	21.335	19.833696563285837	0.0	0.0	19.73818181818182	20.6088
15.93	5.137947656064361	8.858688915375447	11.883013698630135	0.0	11.56	13.107719298245613	21.649230769230773	4.675817406043604	14.306666666666668	14.644552845528455	14.882352941176473	16.352615384615387	22.46	14.419948186528496	5.926742687159148	13.021461333333336	15.93824154589372	14.75701724137931	21.78666666666667	7.873548007299701	0.0	7.367808266759292	6.5243502457434674	11.067761431411531	12.896030534351146	7.129687837884971	7.734699049630412	14.770461538461538	8.918779888845807	17.18	24.96	15.278095238095238	10.56744019138756	18.84	4.471666666666667	12.15605633802817	0.0	0.0	0.0	20.248	0.0	3.5520000000000005	24.520000000000003	0.0	0.0	16.74666666666667	18.666666666666668	0.0	8.423859649122807	17.952	0.0	22.12	0.0	10.677363344051448	2.1118409117339225	9.563014492753624	11.768	13.133333333333336	20.08363636363637	8.039423868312758	13.64183908045977	10.8	10.98008097165992	0.0	0.0	27.040000000000003	18.895000000000003
12.903261061646162	12.081600000000002	4.561896643580181	15.548628428927682	25.37777777777778	19.035466666666668	10.931620346837208	15.970978549230654	14.360441767068275	15.77012048192771	28.69321585903084	20.0	25.00445945945946	15.288191175709926	18.53896551724138	2.716533275525689	3.3651020492651624	21.124347826086957	10.704957264957269	22.472	4.226970972910534	7.367808266759292	0.0	12.110406539040657	16.402758620689657	9.31683348875764	7.740480446623835	5.588543991580979	11.95750847707504	6.063764624038144	0.0	27.612	16.05777777777778	6.125574335726209	24.04	11.427100271002711	16.54812400441123	0.0	0.0	35.2	26.53090909090909	30.02	16.49835294117647	27.293333333333333	0.0	0.0	18.360000000000003	30.022222222222226	0.0	15.489424928918648	21.33925925925926	0.0	20.704	0.0	19.39975951903808	9.413950544440272	16.664590863172073	23.114679334916865	18.97714285714286	20.367777777777786	15.090763052208835	22.568396349413295	29.01	21.353164556962025	0.0	0.0	27.140000000000004	18.3424
10.76712513144059	14.925539838337183	16.75911887857273	3.880637866500313	17.49142857142857	12.172273291925467	8.109154537444935	10.874613053440758	4.4925716670337446	9.07402098195552	24.647652173913045	3.935735475896169	23.53754646840149	12.682805676855896	6.39011671529804	5.22134460968309	20.11356466876972	26.478861788617888	24.07304761904762	4.171701296029624	12.347020010816658	6.5243502457434674	12.110406539040657	0.0	21.3960623461854	21.22206056772357	15.180753870924056	4.92857302106874	11.416988692232056	10.108494395567456	0.0	21.428000000000004	11.868332316701231	11.708965776784664	20.562702702702705	19.94222222222222	23.098666666666663	19.344349070100144	30.28	21.874285714285715	18.11438554930412	24.1839175257732	8.956423686890734	19.70537859007833	0.0	13.355862068965516	36.940000000000005	22.81890795631825	0.0	16.868804841149775	29.211428571428577	31.0	31.44666666666667	19.73427094105481	18.666254048218786	10.246375395228512	18.96070680628272	16.14801864214637	24.84	28.401935483870965	24.46395833333333	17.555698108180124	19.84848484848485	19.22996816066618	0.0	29.2	20.360919540229887	19.883366619115552
24.520000000000003	4.322128536855001	14.055466666666666	30.11428571428572	14.52	20.04	28.384000000000004	19.138271604938275	18.896860015467905	29.30823529411765	4.091407213876189	27.55294117647059	3.378615784476989	18.14	28.22	18.76333333333333	11.22079491255962	7.494570078740158	6.740671763594193	31.267368421052637	18.793333333333333	11.067761431411531	16.402758620689657	21.3960623461854	0.0	6.463272240354842	7.839056386651324	24.268571428571427	15.794000000000002	24.662222222222223	7.920266075388026	15.405714285714287	0.0	9.888	0.0	8.977089201877934	17.249411764705883	34.8	0.0	0.0	0.0	0.0	0.0	0.0	7.468085106382979	0.0	6.562312138728323	0.0	0.0	0.0	18.512727272727272	10.873563218390805	12.2225	0.0	0.0	0.0	18.84666666666667	0.0	5.8259375	12.370447761194033	8.776545454545454	0.0	0.0	0.0	11.921600000000002	0.0	0.0	2.4370000000000003
18.2906103286385	7.164911847854022	3.4997560948195443	32.028192771084335	16.342608695652178	19.996152125279643	20.845276967930037	18.96381293791755	20.13328122091941	30.910355400696865	3.901098362793124	27.977147836189367	2.7177236112962504	18.936870699669377	26.512153846153847	16.68519362186788	4.517228477060682	4.521583313048851	4.070094419956644	30.64856396866841	13.97608040201005	12.896030534351146	9.31683348875764	21.22206056772357	6.463272240354842	4.5200000000000005	4.283066734650086	21.168030447193157	15.305784120236831	13.542585386943363	2.48455	15.879866220735789	25.462857142857143	6.248112944266601	32.84307692307693	9.043230301947473	19.038655462184877	44.92	0.0	0.0	33.02074074074074	36.6	25.403809523809525	0.0	14.835095785440611	0.0	14.0266950053135	37.84888888888889	0.0	22.04	16.879869138495092	17.017391304347825	16.113196125907994	0.0	25.28	16.19	23.082162162162163	36.40869565217392	11.497837338262478	15.62884136610278	12.564171064604189	36.7056	0.0	30.3408	16.64888888888889	0.0	0.0	16.53142857142857
19.49898550724638	7.191957450372728	3.922553974134696	27.35091891891892	18.3624778761062	22.125672371638142	18.09095831077423	20.682832935042367	18.692465066284488	32.50070635721494	7.2040739582029785	29.838617332035057	5.813867779755694	20.218258515034915	25.429189189189188	6.295241703844039	7.953548738269939	8.263690727876774	6.790342893161046	32.87195171026157	10.29377564811402	7.129687837884971	7.740480446623835	15.180753870924056	7.839056386651324	4.283066734650086	0.0	11.96766499772417	17.551882352941178	16.3142600896861	5.045850340136054	17.93581699346405	27.125	7.538427892509257	26.5	8.266574981711779	15.203374181635052	30.76	0.0	0.0	28.499016393442623	31.76	23.13170731707317	34.120000000000005	15.688767123287672	0.0	13.94986111111111	31.53333333333334	0.0	16.027929471032746	17.40075816993464	17.192244897959185	16.40477777777778	0.0	19.1712	8.514244376624845	16.633214763817172	26.441548387096777	11.30508172362556	16.105917602996257	13.597323746535306	25.919418604651167	46.28	25.74888888888889	16.891764705882355	0.0	0.0	16.652589641434265
11.759543553524445	14.92237654320988	14.374993483709272	3.101054548971565	23.606666666666666	10.540429483459084	6.557834310853788	11.528256304021715	8.00871469920989	4.393083535990335	25.86722154222766	9.108494983277591	22.194459833795012	13.259378779549204	13.046277128547578	5.217320098248178	17.228020784128486	30.654285714285717	23.604705882352945	3.409997645951036	4.104125641381224	7.734699049630412	5.588543991580979	4.92857302106874	24.268571428571427	21.168030447193157	11.96766499772417	0.0	13.46219552238806	7.749636319227422	36.56	22.460833333333333	11.457462320364533	9.37759874776824	21.019661016949154	18.077333333333332	22.64387096774194	24.73805202661827	0.0	26.73777777777778	19.476300500834725	24.77860465116279	9.834245806033552	24.62291093410572	0.0	17.073846153846155	0.0	23.45686274509804	0.0	15.989573268921095	28.89189189189189	31.24	31.60571428571429	25.140232558139537	18.984023380418897	10.47820360313766	19.601233859397414	16.997321624588366	30.380000000000003	29.03189873417722	22.02708240534521	18.04623590042785	20.39760598503741	19.117867376176832	0.0	0.0	20.375971731448765	20.453922651933706
2.9237674206530144	21.446315789473683	16.56126925730053	15.989112943389964	4.241776239907727	8.971547580903557	10.348252340223748	7.199224027112306	11.881340656597178	16.74583965559256	9.503861766319256	16.04635578385514	10.68860853432282	3.108030596457822	15.391727659574467	22.73090909090909	12.471341623036649	14.63056179775281	14.931877300613497	17.317692451171094	11.129203821656052	14.770461538461538	11.95750847707504	11.416988692232056	15.794000000000002	15.305784120236831	17.551882352941178	13.46219552238806	0.0	5.061696763202726	18.06	3.361833926086285	2.7768056013783498	3.7155420420756102	26.386000000000003	26.940000000000005	31.037037037037045	30.772121212121213	0.0	31.520000000000003	23.559588377723973	29.135670103092785	14.210613171839515	29.352207792207796	0.0	0.0	23.653333333333336	28.19588785046729	0.0	20.045333333333332	34.36	27.5	45.24	31.222857142857144	24.80761904761905	14.622666666666666	27.565405405405404	21.62423246999368	38.56	37.55578947368421	34.1221052631579	22.669175938803896	26.1094623655914	23.71835946924005	0.0	0.0	26.042641509433963	26.62957575757576
4.638174464069031	18.948235294117648	11.370645741089826	11.907063599458729	19.673333333333336	14.793661202185794	5.952006828922987	10.849857239360505	9.149425138031829	12.29646437994723	23.316352583586628	13.915897435897438	20.75945205479452	9.3117386274583	15.11349593495935	11.264944649446496	9.505348546681102	25.01	15.466898954703831	15.268571428571429	4.844530500416925	8.918779888845807	6.063764624038144	10.108494395567456	24.662222222222223	13.542585386943363	16.3142600896861	7.749636319227422	5.061696763202726	0.0	33.92	19.3575	6.364081632653062	4.753878033363565	22.501538461538463	20.272	22.69092682926829	23.12	0.0	31.120000000000005	20.32006329113924	26.864615384615387	11.800352956670618	25.08	0.0	0.0	0.0	24.69203539823009	0.0	16.511257344300823	27.888421052631585	0.0	30.584000000000003	25.04	19.205683257918555	10.764423153692617	18.626177451634423	18.87810785241249	0.0	28.40181818181818	23.49987878787879	19.57118853396356	21.80881355932204	20.122299212598428	0.0	0.0	22.13194805194805	21.545454545454547
0.0	12.515	0.0	0.0	17.9	20.422857142857143	0.0	19.130909090909093	0.0	32.730000000000004	3.0084171558517108	29.392000000000003	2.459651347068146	17.54666666666667	0.0	0.0	0.0	7.026086956521739	10.106666666666666	32.14	0.0	17.18	0.0	0.0	7.920266075388026	2.48455	5.045850340136054	36.56	18.06	33.92	0.0	18.2	0.0	10.459705882352942	0.0	0.0	0.0	0.0	0.0	0.0	0.0	0.0	0.0	0.0	16.451428571428572	0.0	12.853333333333332	0.0	0.0	0.0	0.0	0.0	18.84	0.0	0.0	0.0	0.0	0.0	14.88	16.0	16.813333333333333	0.0	0.0	0.0	0.0	0.0	0.0	0.0
16.75	21.24	29.152	24.676666666666662	2.499845047811824	2.949309533959488	21.009000000000004	3.8768112350268487	19.44	23.295882352941177	10.55436499466382	19.58533333333333	7.812962025316456	2.290830131952564	4.475117026158789	20.96	29.52	15.78529411764706	15.3192	22.68	18.826666666666668	24.96	27.612	21.428000000000004	15.405714285714287	15.879866220735789	17.93581699346405	22.460833333333333	3.361833926086285	19.3575	18.2	0.0	0.0	3.5197679769273145	0.0	0.0	0.0	0.0	0.0	0.0	0.0	0.0	21.82	0.0	0.0	0.0	0.0	0.0	0.0	0.0	0.0	0.0	0.0	0.0	0.0	0.0	0.0	34.980000000000004	0.0	0.0	0.0	30.005714285714287	0.0	31.040000000000003	0.0	0.0	0.0	0.0
9.300645161290324	22.8	18.026666666666667	13.34332801701223	0.0	18.312	11.351007721243318	15.504428904428906	11.186292993630572	14.513593073593077	31.99	15.832000000000004	0.0	16.007225806451615	17.86058823529412	0.0	19.48	0.0	0.0	16.15794871794872	11.213333333333331	15.278095238095238	16.05777777777778	11.868332316701231	0.0	25.462857142857143	27.125	11.457462320364533	2.7768056013783498	6.364081632653062	0.0	0.0	0.0	2.79866694969221	25.0	0.0	27.81333333333334	0.0	0.0	0.0	22.41346153846154	28.98	13.458870967741936	0.0	0.0	0.0	0.0	28.083809523809528	0.0	19.684444444444445	0.0	0.0	0.0	0.0	22.254545454545458	13.232000000000005	29.05	20.96476964769648	0.0	0.0	35.2	21.592650822669103	24.156	22.676326530612247	0.0	0.0	24.40888888888889	24.808888888888887
8.044592592592593	7.179630796938317	6.319283138690059	16.064534757243155	4.431748381128585	8.910277428002763	11.540580684458684	7.53889268743684	11.217675911070364	17.21779807672163	3.497871712760796	16.743893024936757	4.914562527947533	6.40500093658293	11.04029598308668	10.507584282724949	4.720823798627003	9.005851318944845	6.701073008849558	18.020394470046085	6.049114914296626	10.56744019138756	6.125574335726209	11.708965776784664	9.888	6.248112944266601	7.538427892509257	9.37759874776824	3.7155420420756102	4.753878033363565	10.459705882352942	3.5197679769273145	2.79866694969221	0.0	24.97052631578948	9.77868263473054	16.778998272884284	31.011111111111116	0.0	35.34	22.768683989941326	29.08410256410256	12.890530274539302	30.94139534883721	18.685	0.0	14.589032258064517	27.730126582278483	0.0	16.195314285714286	18.031235955056182	17.92	16.49658536585366	29.76	20.02850299401198	10.342944444444443	18.196925207756237	20.83174521354934	12.4675	17.87591111111111	14.455083207261726	22.06691492522532	25.14254545454546	22.45112519809826	0.0	0.0	24.012307692307694	22.4112
25.064	0.0	31.28	24.134545454545457	0.0	26.68	22.561666666666667	25.705	13.15	25.631111111111117	38.053333333333335	0.0	0.0	26.135	0.0	22.64	34.306666666666665	0.0	0.0	0.0	22.112	18.84	24.04	20.562702702702705	0.0	32.84307692307693	26.5	21.019661016949154	26.386000000000003	22.501538461538463	0.0	0.0	25.0	24.97052631578948	0.0	22.552	15.988077474892396	13.223551847437426	11.835151515151516	10.889429657794675	6.342300092881872	7.424106337526704	11.082508623392917	11.642815468113977	16.276111111111113	15.560000000000002	26.89818181818182	4.64979406607763	16.79	11.906666666666668	19.1296713494007	24.774	22.975181891673408	12.951081967213115	13.11281679942071	11.47873015873016	15.518993649242791	10.577694979475847	25.58144578313253	22.095353591933907	23.37836496350365	11.825253150563784	3.1954057038031016	6.569778528528529	26.96222222222222	12.733636363636364	6.875776397515528	12.313129119813883
24.78	3.1826330532212888	8.994146896944391	0.0	0.0	27.3	22.63304347826087	25.724444444444448	22.8	0.0	11.232558139534884	28.880000000000003	11.7265306122449	25.15555555555556	0.0	13.50666666666667	10.975384615384616	14.516444444444446	10.651975308641976	0.0	16.580000000000002	4.471666666666667	11.427100271002711	19.94222222222222	8.977089201877934	9.043230301947473	8.266574981711779	18.077333333333332	26.940000000000005	20.272	0.0	0.0	0.0	9.77868263473054	22.552	0.0	6.733360887535349	0.0	0.0	0.0	20.964800000000004	29.75714285714286	11.077393503209493	0.0	8.325330347144456	18.06962962962963	5.828345406461998	24.71777777777778	19.74666666666667	9.609473684210526	7.974230803933954	10.098613861386138	7.983972286374135	0.0	11.089032258064517	4.049570729940228	8.456450502547158	11.251998408699112	3.3487776286985387	6.983439686060398	2.800557843944921	19.0176	22.273333333333333	17.01666666666667	10.293333333333331	0.0	21.71333333333333	7.270259067357513
28.022222222222226	9.515121951219513	15.90271952131638	32.440000000000005	0.0	35.52	26.634362416107383	30.779259259259263	20.47	31.60333333333333	24.96	0.0	18.8	29.935172413793104	0.0	20.728354430379746	18.465553235908143	21.706666666666667	21.53161290322581	33.32000000000001	22.24463022508039	12.15605633802817	16.54812400441123	23.098666666666663	17.249411764705883	19.038655462184877	15.203374181635052	22.64387096774194	31.037037037037045	22.69092682926829	0.0	0.0	27.81333333333334	16.778998272884284	15.988077474892396	6.733360887535349	0.0	21.922933333333336	28.56363636363637	23.26837988826816	15.886829668975713	21.54186287192756	16.723951807228918	19.654233576642337	30.28	19.85846153846154	16.4152380952381	20.23488019660045	21.253333333333337	10.940468384074942	7.473376999238385	13.808432432432436	11.710357858574293	23.71333333333333	10.332824184566428	6.985019735314604	6.456331213683868	15.43197816043679	14.343636363636364	6.841158563272612	6.245973018296499	12.95720514295256	24.29640362225097	8.13595009596929	15.868	29.8528	19.84888888888889	11.16185747126437
27.42153846153846	0.0	34.74666666666667	23.680869080779942	0.0	27.6	23.085090909090912	25.627710843373496	12.988136905683756	26.13874340527578	44.46	19.2475	0.0	30.770000000000003	0.0	28.4	0.0	0.0	0.0	24.095466666666667	0.0	0.0	0.0	19.344349070100144	34.8	44.92	30.76	24.73805202661827	30.772121212121213	23.12	0.0	0.0	0.0	31.011111111111116	13.223551847437426	0.0	21.922933333333336	0.0	21.312	10.534813397129188	7.807463451811822	15.514884944115716	10.255442451291737	5.580169942971061	25.690000000000005	6.142216094623032	34.24	16.057365977205574	12.198823529411763	0.0	25.630099009900995	0.0	29.154666666666667	2.4957500307641824	16.998661087866108	16.70666666666667	19.380680272108844	4.2283223316746215	29.48	27.551145038167935	29.203544303797468	2.84245665532313	15.32558911332532	13.398131487889271	0.0	22.989473684210527	14.084040995607614	14.72701838630189
0.0	0.0	0.0	0.0	0.0	0.0	0.0	0.0	0.0	0.0	0.0	0.0	0.0	0.0	0.0	0.0	0.0	0.0	0.0	0.0	0.0	0.0	0.0	30.28	0.0	0.0	0.0	0.0	0.0	0.0	0.0	0.0	0.0	0.0	11.835151515151516	0.0	28.56363636363637	21.312	0.0	4.377812121960252	16.39009404388715	2.645361967440249	20.04	16.24099644128114	8.84	15.233602811950792	0.0	9.059095607235143	2.4798688524590164	0.0	30.28	18.7	27.840000000000003	18.18068965517241	23.664	0.0	26.02888888888889	18.92	0.0	34.53714285714286	26.755000000000003	18.77583333333333	5.595000000000001	18.08428571428572	0.0	2.7683775887814064	0.0	2.985098775440543
27.6	0.0	0.0	24.73	0.0	0.0	25.860000000000003	29.3	16.15076923076923	28.24875	0.0	10.413333333333332	0.0	27.160000000000004	0.0	0.0	0.0	0.0	47.36	16.915	0.0	0.0	35.2	21.874285714285715	0.0	0.0	0.0	26.73777777777778	31.520000000000003	31.120000000000005	0.0	0.0	0.0	35.34	10.889429657794675	0.0	23.26837988826816	10.534813397129188	4.377812121960252	0.0	7.037904371913766	5.248837898201481	13.955616438356165	6.641305093247685	13.01289617486339	6.403349196037032	16.997894736842106	8.164308424083114	3.235392266013508	16.160000000000004	27.945346534653464	20.278666666666663	24.61917808219178	8.617763637774502	18.21860724233984	18.92	20.509526315789472	10.531610793131644	21.773333333333333	28.013237410071945	25.74493023255814	8.627505949008498	5.580305469919844	15.268126801152738	22.35111111111112	4.518829254068634	15.458484848484847	5.118239502565832
22.473893129770996	27.12	28.6422641509434	22.806960110041267	31.68	23.77317073170732	20.667275494672754	23.185073529411767	11.824604758250192	23.937938994229185	35.050212765957454	17.578181818181818	29.610000000000003	25.32395348837209	24.92	23.39555555555556	30.53454545454546	36.16	34.38666666666667	23.153580901856763	23.787368421052637	20.248	26.53090909090909	18.11438554930412	0.0	33.02074074074074	28.499016393442623	19.476300500834725	23.559588377723973	20.32006329113924	0.0	0.0	22.41346153846154	22.768683989941326	6.342300092881872	20.964800000000004	15.886829668975713	7.807463451811822	16.39009404388715	7.037904371913766	0.0	9.26872144754316	8.639453836150846	4.739243642341608	22.21038961038961	9.406586345381529	26.33	8.802953484256523	13.97764705882353	12.557009345794391	19.46461084470675	24.656823529411763	22.986771860618013	8.585652173913044	11.631443952214642	12.372203389830508	13.288923444545176	6.493016555036017	25.262666666666668	21.939293542025517	23.15643583670057	6.310782600750265	11.859101692656273	5.724529322291702	28.01090909090909	18.047957746478875	11.004312316236526	12.198803218797012
27.69913043478261	0.0	35.75555555555556	27.13793103448276	0.0	0.0	25.124444444444443	27.496363636363636	15.14909090909091	27.762564102564102	0.0	18.64666666666667	0.0	30.236	0.0	26.040000000000003	38.760000000000005	0.0	0.0	28.1	26.008000000000003	0.0	30.02	24.1839175257732	0.0	36.6	31.76	24.77860465116279	29.135670103092785	26.864615384615387	0.0	0.0	28.98	29.08410256410256	7.424106337526704	29.75714285714286	21.54186287192756	15.514884944115716	2.645361967440249	5.248837898201481	9.26872144754316	0.0	14.172366412213742	11.133190811697713	10.275114503816797	14.058042650636898	19.34823529411765	5.99028175042057	6.39662669245648	17.989767441860465	25.25033277870217	22.591532846715328	28.32094175960347	13.745572154318191	17.577045155633492	16.2910843373494	19.64321478382148	13.611207517619423	30.64428571428572	27.173910645339213	28.003359462486003	13.932029539994662	5.948758702665988	12.165081087747428	24.32	4.715763723150358	15.415769230769232	4.625982606275656
