 0.00000000e+00 0.00000000e+00 1.52000000e-03 0.00000000e+00 0.00000000e+00 1.20000000e-04 2.28266667e-02 2.93333333e-03 8.00000000e-05 1.46666667e-04 1.20000000e-04 0.00000000e+00 1.33333333e-04 8.89333333e-02 0.00000000e+00 0.00000000e+00 2.58666667e-03 2.93333333e-04 5.86666667e-04 0.00000000e+00 2.26666667e-04 0.00000000e+00 3.18666667e-03 3.46666667e-04 0.00000000e+00 7.06666667e-04 8.00000000e-05 3.33333333e-04 6.49200000e-02 1.78666667e-02 0.00000000e+00 0.00000000e+00 0.00000000e+00 2.66666667e-04 0.00000000e+00 0.00000000e+00 0.00000000e+00 0.00000000e+00 0.00000000e+00 0.00000000e+00 0.00000000e+00 0.00000000e+00 0.00000000e+00 0.00000000e+00 0.00000000e+00 0.00000000e+00 0.00000000e+00 0.00000000e+00 0.00000000e+00 0.00000000e+00 0.00000000e+00 0.00000000e+00 0.00000000e+00 0.00000000e+00 0.00000000e+00 0.00000000e+00 0.00000000e+00 0.00000000e+00 0.00000000e+00 0.00000000e+00 0.00000000e+00 0.00000000e+00 0.00000000e+00 0.00000000e+00 0.00000000e+00 0.00000000e+00 0.00000000e+00 0.00000000e+00
 0.00000000e+00 0.00000000e+00 7.20000000e-04 0.00000000e+00 5.20000000e-04 0.00000000e+00 1.46666667e-04 8.00000000e-05 2.74666667e-03 0.00000000e+00 0.00000000e+00 0.00000000e+00 5.24000000e-03 1.33333333e-04 1.33333333e-04 2.66666667e-04 5.37333333e-03 1.20000000e-04 8.22666667e-03 0.00000000e+00 0.00000000e+00 4.37333333e-03 0.00000000e+00 6.42666667e-03 2.55866667e-02 1.42133333e-02 4.54533333e-02 2.26666667e-04 1.86666667e-04 9.33333333e-05 0.00000000e+00 0.00000000e+00 0.00000000e+00 9.60000000e-04 0.00000000e+00 1.06666667e-04 8.00000000e-05 0.00000000e+00 0.00000000e+00 0.00000000e+00 0.00000000e+00 0.00000000e+00 0.00000000e+00 0.00000000e+00 9.33333333e-05 0.00000000e+00 2.53333333e-04 0.00000000e+00 0.00000000e+00 0.00000000e+00 7.46666667e-04 1.06666667e-04 8.80000000e-04 0.00000000e+00 0.00000000e+00 0.00000000e+00 2.80000000e-04 0.00000000e+00 0.00000000e+00 2.54666667e-03 3.64000000e-03 0.00000000e+00 0.00000000e+00 0.00000000e+00 8.00000000e-05 0.00000000e+00 0.00000000e+00 6.66666667e-05
 1.52000000e-03 7.20000000e-04 0.00000000e+00 6.66666667e-05 0.00000000e+00 3.46666667e-04 2.91600000e-02 5.96000000e-03 0.00000000e+00 4.26666667e-04 3.20000000e-04 0.00000000e+00 1.33333333e-04 1.33866667e-02 0.00000000e+00 3.46666667e-04 1.23533333e-01 5.86666667e-04 2.61333333e-03 9.33333333e-05 1.27333333e-02 5.06666667e-04 8.94933333e-02 1.38666667e-03 0.00000000e+00 8.91200000e-02 6.30933333e-02 1.30533333e-02 4.18666667e-03 8.69333333e-03 6.66666667e-05 0.00000000e+00 0.00000000e+00 7.62666667e-03 0.00000000e+00 5.86666667e-04 6.97333333e-03 0.00000000e+00 0.00000000e+00 0.00000000e+00 0.00000000e+00 0.00000000e+00 0.00000000e+00 0.00000000e+00 0.00000000e+00 0.00000000e+00 0.00000000e+00 0.00000000e+00 0.00000000e+00 2.80000000e-04 9.96000000e-03 0.00000000e+00 1.09333333e-03 0.00000000e+00 8.00000000e-05 3.86666667e-04 1.77333333e-02 3.73333333e-04 0.00000000e+00 7.60000000e-04 1.90800000e-02 3.73333333e-04 0.00000000e+00 0.00000000e+00 0.00000000e+00 0.00000000e+00 0.00000000e+00 1.09333333e-03
 0.00000000e+00 0.00000000e+00 6.66666667e-05 0.00000000e+00 2.80000000e-04 7.62666667e-03 1.37333333e-02 1.30666667e-03 8.52000000e-03 1.32760000e-01 0.00000000e+00 5.29333333e-03 0.00000000e+00 1.48000000e-03 5.06666667e-04 0.00000000e+00 0.00000000e+00 0.00000000e+00 0.00000000e+00 7.94266667e-02 0.00000000e+00 0.00000000e+00 0.00000000e+00 3.75466667e-02 0.00000000e+00 1.33333333e-04 8.00000000e-05 2.02893333e-01 2.96000000e-03 0.00000000e+00 0.00000000e+00 0.00000000e+00 0.00000000e+00 4.66666667e-04 0.00000000e+00 0.00000000e+00 0.00000000e+00 4.89333333e-03 2.26666667e-04 9.20000000e-04 2.00000000e-04 1.13333333e-03 7.46666667e-04 6.18666667e-03 0.00000000e+00 8.00000000e-04 0.00000000e+00 2.40000000e-04 0.00000000e+00 0.00000000e+00 0.00000000e+00 0.00000000e+00 0.00000000e+00 1.86666667e-03 0.00000000e+00 0.00000000e+00 0.00000000e+00 5.60000000e-04 0.00000000e+00 0.00000000e+00 6.66666667e-05 6.26666667e-03 2.13333333e-04 0.00000000e+00 0.00000000e+00 0.00000000e+00 0.00000000e+00 1.73333333e-04
 0.00000000e+00 5.20000000e-04 0.00000000e+00 2.80000000e-04 0.00000000e+00 3.33333333e-04 8.80000000e-04 3.86666667e-04 1.46666667e-03 1.25333333e-03 0.00000000e+00 1.73333333e-04 3.73333333e-04 2.26666667e-04 1.57866667e-02 0.00000000e+00 0.00000000e+00 0.00000000e+00 0.00000000e+00 6.53333333e-04 0.00000000e+00 9.73333333e-04 0.00000000e+00 8.66666667e-04 4.40000000e-04 3.86666667e-04 2.25333333e-03 1.13333333e-03 5.46666667e-04 0.00000000e+00 0.00000000e+00 0.00000000e+00 0.00000000e+00 1.46666667e-04 0.00000000e+00 0.00000000e+00 0.00000000e+00 0.00000000e+00 0.00000000e+00 0.00000000e+00 0.00000000e+00 0.00000000e+00 0.00000000e+00 6.66666667e-05 0.00000000e+00 0.00000000e+00 0.00000000e+00 0.00000000e+00 0.00000000e+00 0.00000000e+00 0.00000000e+00 0.00000000e+00 0.00000000e+00 0.00000000e+00 0.00000000e+00 0.00000000e+00 0.00000000e+00 0.00000000e+00 0.00000000e+00 0.00000000e+00 0.00000000e+00 6.66666667e-05 0.00000000e+00 0.00000000e+00 0.00000000e+00 0.00000000e+00 0.00000000e+00 0.00000000e+00
 1.20000000e-04 0.00000000e+00 3.46666667e-04 7.62666667e-03 3.33333333e-04 0.00000000e+00 5.28666667e-02 7.75733333e-02 1.57333333e-03 2.41986667e-01 5.86666667e-04 6.97066667e-02 1.30666667e-03 3.40000000e-03 5.94666667e-03 0.00000000e+00 3.86666667e-04 2.00000000e-04 2.26666667e-04 2.88133333e-02 8.00000000e-05 0.00000000e+00 1.29333333e-03 1.41333333e-03 0.00000000e+00 7.33333333e-04 4.00000000e-04 2.21866667e-02 2.42666667e-03 2.40000000e-04 0.00000000e+00 1.94000000e-02 0.00000000e+00 1.57333333e-03 0.00000000e+00 0.00000000e+00 0.00000000e+00 4.80000000e-04 0.00000000e+00 3.06666667e-04 0.00000000e+00 9.33333333e-04 9.33333333e-05 9.46666667e-04 0.00000000e+00 6.66666667e-05 0.00000000e+00 3.33333333e-04 0.00000000e+00 0.00000000e+00 0.00000000e+00 0.00000000e+00 0.00000000e+00 2.66666667e-04 0.00000000e+00 0.00000000e+00 0.00000000e+00 2.93333333e-04 0.00000000e+00 0.00000000e+00 0.00000000e+00 1.68000000e-03 2.66666667e-04 0.00000000e+00 0.00000000e+00 0.00000000e+00 0.00000000e+00 1.60000000e-04
 2.28266667e-02 1.46666667e-04 2.91600000e-02 1.37333333e-02 8.80000000e-04 5.28666667e-02 0.00000000e+00 9.88800000e-02 2.56000000e-03 1.81840000e-01 2.80000000e-04 2.13333333e-04 1.60000000e-04 1.56426667e-01 1.41333333e-03 3.06666667e-04 8.66666667e-03 3.33333333e-04 1.24000000e-03 1.10666667e-03 1.85866667e-02 0.00000000e+00 6.94000000e-02 2.90000000e-02 0.00000000e+00 1.04133333e-02 5.01333333e-03 4.11960000e-01 2.22666667e-02 5.66533333e-02 0.00000000e+00 2.93333333e-04 0.00000000e+00 1.96000000e-03 0.00000000e+00 0.00000000e+00 0.00000000e+00 6.13333333e-04 0.00000000e+00 3.20000000e-04 8.00000000e-05 4.00000000e-04 1.20000000e-04 6.93333333e-04 0.00000000e+00 0.00000000e+00 0.00000000e+00 8.00000000e-05 0.00000000e+00 0.00000000e+00 0.00000000e+00 0.00000000e+00 0.00000000e+00 2.53333333e-04 0.00000000e+00 0.00000000e+00 0.00000000e+00 2.13333333e-04 0.00000000e+00 0.00000000e+00 1.20000000e-04 1.13333333e-03 2.00000000e-04 0.00000000e+00 0.00000000e+00 0.00000000e+00 0.00000000e+00 1.20000000e-04
 2.93333333e-03 8.00000000e-05 5.96000000e-03 1.30666667e-03 3.86666667e-04 7.75733333e-02 9.88800000e-02 0.00000000e+00 4.56000000e-03 4.00133333e-02 2.77333333e-03 3.57333333e-03 3.44000000e-03 1.20653333e-01 1.08000000e-03 0.00000000e+00 5.40000000e-03 1.16000000e-03 1.73333333e-03 3.21333333e-03 6.66666667e-04 0.00000000e+00 1.27866667e-02 2.97333333e-03 0.00000000e+00 3.89333333e-03 7.86666667e-04 8.46666667e-03 1.26800000e-02 6.94666667e-03 8.00000000e-05 3.67200000e-02 0.00000000e+00 2.88000000e-03 0.00000000e+00 0.00000000e+00 0.00000000e+00 6.66666667e-05 0.00000000e+00 9.33333333e-05 6.66666667e-05 1.32000000e-03 3.33333333e-04 2.93333333e-04 0.00000000e+00 0.00000000e+00 0.00000000e+00 3.86666667e-04 0.00000000e+00 0.00000000e+00 0.00000000e+00 0.00000000e+00 0.00000000e+00 8.00000000e-05 0.00000000e+00 0.00000000e+00 0.00000000e+00 1.22666667e-03 0.00000000e+00 0.00000000e+00 0.00000000e+00 2.60000000e-03 9.60000000e-04 3.06666667e-04 0.00000000e+00 0.00000000e+00 0.00000000e+00 4.13333333e-04
 8.00000000e-05 2.74666667e-03 0.00000000e+00 8.52000000e-03 1.46666667e-03 1.57333333e-03 2.56000000e-03 4.56000000e-03 0.00000000e+00 8.54666667e-03 9.33333333e-05 2.13333333e-04 1.97333333e-03 1.60000000e-03 1.41333333e-03 0.00000000e+00 0.00000000e+00 0.00000000e+00 0.00000000e+00 5.20000000e-04 0.00000000e+00 1.11866667e-02 0.00000000e+00 3.73866667e-02 2.52000000e-03 9.20000000e-04 7.66666667e-03 1.52533333e-02 5.29333333e-03 3.46666667e-04 0.00000000e+00 0.00000000e+00 2.26666667e-04 4.26666667e-04 0.00000000e+00 0.00000000e+00 0.00000000e+00 7.33333333e-04 0.00000000e+00 1.33333333e-04 1.06666667e-04 5.33333333e-04 0.00000000e+00 1.78666667e-03 0.00000000e+00 0.00000000e+00 0.00000000e+00 2.93333333e-04 0.00000000e+00 0.00000000e+00 0.00000000e+00 0.00000000e+00 0.00000000e+00 2.00000000e-04 0.00000000e+00 0.00000000e+00 0.00000000e+00 9.86666667e-04 0.00000000e+00 0.00000000e+00 0.00000000e+00 2.36000000e-03 8.53333333e-04 4.53333333e-04 0.00000000e+00 0.00000000e+00 0.00000000e+00 0.00000000e+00
 1.46666667e-04 0.00000000e+00 4.26666667e-04 1.32760000e-01 1.25333333e-03 2.41986667e-01 1.81840000e-01 4.00133333e-02 8.54666667e-03 0.00000000e+00 4.80000000e-04 4.07333333e-02 5.86666667e-04 1.47066667e-02 1.14666667e-03 0.00000000e+00 2.26666667e-04 2.13333333e-04 5.33333333e-04 1.18693333e-01 0.00000000e+00 0.00000000e+00 3.33333333e-04 5.52000000e-03 0.00000000e+00 1.06666667e-03 8.00000000e-04 2.72666667e-01 1.75600000e-02 9.33333333e-05 0.00000000e+00 4.53333333e-04 0.00000000e+00 6.41333333e-03 0.00000000e+00 0.00000000e+00 0.00000000e+00 3.45333333e-03 6.66666667e-05 1.80000000e-03 3.86666667e-04 3.28000000e-03 5.33333333e-04 5.80000000e-03 6.66666667e-05 5.06666667e-04 0.00000000e+00 6.00000000e-04 0.00000000e+00 0.00000000e+00 0.00000000e+00 9.33333333e-05 0.00000000e+00 1.36000000e-03 0.00000000e+00 0.00000000e+00 0.00000000e+00 9.06666667e-04 0.00000000e+00 0.00000000e+00 9.33333333e-05 8.05333333e-03 9.46666667e-04 0.00000000e+00 0.00000000e+00 8.00000000e-05 0.00000000e+00 7.06666667e-04
 1.20000000e-04 0.00000000e+00 3.20000000e-04 0.00000000e+00 0.00000000e+00 5.86666667e-04 2.80000000e-04 2.77333333e-03 9.33333333e-05 4.80000000e-04 0.00000000e+00 5.20000000e-04 1.57866667e-02 3.89333333e-03 0.00000000e+00 0.00000000e+00 3.34666667e-03 6.73600000e-02 1.51466667e-02 1.86666667e-04 0.00000000e+00 0.00000000e+00 2.26666667e-04 1.60000000e-04 2.61333333e-03 6.04400000e-02 8.57333333e-03 1.46666667e-04 6.84000000e-03 3.33333333e-04 3.65333333e-03 5.88000000e-03 0.00000000e+00 2.50133333e-02 0.00000000e+00 0.00000000e+00 0.00000000e+00 0.00000000e+00 0.00000000e+00 0.00000000e+00 0.00000000e+00 1.46666667e-04 0.00000000e+00 0.00000000e+00 1.30666667e-03 0.00000000e+00 8.22666667e-03 2.13333333e-04 0.00000000e+00 0.00000000e+00 0.00000000e+00 8.00000000e-05 8.00000000e-05 0.00000000e+00 0.00000000e+00 0.00000000e+00 0.00000000e+00 0.00000000e+00 0.00000000e+00 1.06666667e-03 8.66666667e-04 8.00000000e-05 3.33333333e-04 0.00000000e+00 1.06666667e-03 5.20000000e-04 0.00000000e+00 5.46666667e-04
 0.00000000e+00 0.00000000e+00 0.00000000e+00 5.29333333e-03 1.73333333e-04 6.97066667e-02 2.13333333e-04 3.57333333e-03 2.13333333e-04 4.07333333e-02 5.20000000e-04 0.00000000e+00 4.53333333e-04 3.72000000e-03 0.00000000e+00 0.00000000e+00 0.00000000e+00 1.73333333e-04 2.13333333e-04 3.52800000e-02 0.00000000e+00 0.00000000e+00 0.00000000e+00 1.06666667e-04 0.00000000e+00 5.33333333e-04 4.26666667e-04 1.76933333e-02 2.38666667e-03 0.00000000e+00 0.00000000e+00 3.73333333e-04 0.00000000e+00 1.24000000e-03 0.00000000e+00 0.00000000e+00 0.00000000e+00 4.80000000e-04 0.00000000e+00 1.06666667e-04 0.00000000e+00 1.73333333e-04 0.00000000e+00 8.00000000e-04 0.00000000e+00 2.93333333e-04 0.00000000e+00 1.06666667e-04 0.00000000e+00 0.00000000e+00 0.00000000e+00 0.00000000e+00 0.00000000e+00 1.73333333e-04 0.00000000e+00 0.00000000e+00 0.00000000e+00 9.33333333e-05 0.00000000e+00 0.00000000e+00 0.00000000e+00 7.73333333e-04 0.00000000e+00 0.00000000e+00 0.00000000e+00 0.00000000e+00 0.00000000e+00 0.00000000e+00
 1.33333333e-04 5.24000000e-03 1.33333333e-04 0.00000000e+00 3.73333333e-04 1.30666667e-03 1.60000000e-04 3.44000000e-03 1.97333333e-03 5.86666667e-04 1.57866667e-02 4.53333333e-04 0.00000000e+00 1.48000000e-03 1.20000000e-04 0.00000000e+00 9.33333333e-05 1.06666667e-04 1.20000000e-04 2.26666667e-04 0.00000000e+00 2.48000000e-03 6.66666667e-05 2.16000000e-03 4.42666667e-02 5.73333333e-03 4.31333333e-02 1.60000000e-04 2.81333333e-03 0.00000000e+00 1.11600000e-02 5.73333333e-03 0.00000000e+00 7.14666667e-03 0.00000000e+00 0.00000000e+00 0.00000000e+00 8.00000000e-05 0.00000000e+00 0.00000000e+00 0.00000000e+00 3.73333333e-04 0.00000000e+00 6.66666667e-05 3.77333333e-03 6.66666667e-05 1.57066667e-02 4.13333333e-04 0.00000000e+00 0.00000000e+00 0.00000000e+00 1.33333333e-04 0.00000000e+00 0.00000000e+00 0.00000000e+00 0.00000000e+00 0.00000000e+00 0.00000000e+00 1.60000000e-04 2.53333333e-03 1.50666667e-03 1.73333333e-04 1.01333333e-03 0.00000000e+00 2.56000000e-03 1.05333333e-03 0.00000000e+00 1.32000000e-03
 8.89333333e-02 1.33333333e-04 1.33866667e-02 1.48000000e-03 2.26666667e-04 3.40000000e-03 1.56426667e-01 1.20653333e-01 1.60000000e-03 1.47066667e-02 3.89333333e-03 3.72000000e-03 1.48000000e-03 0.00000000e+00 2.66666667e-04 0.00000000e+00 1.40666667e-02 2.10666667e-03 5.14666667e-03 3.36000000e-03 1.68000000e-03 0.00000000e+00 2.74133333e-02 3.53333333e-03 6.66666667e-05 7.16000000e-03 2.00000000e-03 1.07066667e-02 1.05146667e-01 3.18266667e-02 1.06666667e-04 1.52266667e-02 0.00000000e+00 3.78666667e-03 0.00000000e+00 0.00000000e+00 0.00000000e+00 0.00000000e+00 0.00000000e+00 0.00000000e+00 0.00000000e+00 3.20000000e-04 1.20000000e-04 9.33333333e-05 0.00000000e+00 0.00000000e+00 0.00000000e+00 1.20000000e-04 0.00000000e+00 0.00000000e+00 0.00000000e+00 0.00000000e+00 0.00000000e+00 0.00000000e+00 1.06666667e-04 0.00000000e+00 0.00000000e+00 3.20000000e-04 0.00000000e+00 0.00000000e+00 0.00000000e+00 9.86666667e-04 4.53333333e-04 1.46666667e-04 0.00000000e+00 9.33333333e-05 0.00000000e+00 1.60000000e-04
 0.00000000e+00 1.33333333e-04 0.00000000e+00 5.06666667e-04 1.57866667e-02 5.94666667e-03 1.41333333e-03 1.08000000e-03 1.41333333e-03 1.14666667e-03 0.00000000e+00 0.00000000e+00 1.20000000e-04 2.66666667e-04 0.00000000e+00 0.00000000e+00 0.00000000e+00 0.00000000e+00 0.00000000e+00 1.46666667e-04 0.00000000e+00 4.93333333e-04 0.00000000e+00 7.20000000e-04 1.73333333e-04 1.46666667e-04 7.20000000e-04 1.53333333e-03 8.53333333e-04 0.00000000e+00 0.00000000e+00 1.73333333e-04 0.00000000e+00 1.20000000e-04 0.00000000e+00 0.00000000e+00 0.00000000e+00 1.06666667e-04 0.00000000e+00 0.00000000e+00 0.00000000e+00 0.00000000e+00 0.00000000e+00 1.46666667e-04 0.00000000e+00 0.00000000e+00 0.00000000e+00 0.00000000e+00 0.00000000e+00 0.00000000e+00 0.00000000e+00 0.00000000e+00 0.00000000e+00 0.00000000e+00 0.00000000e+00 0.00000000e+00 0.00000000e+00 0.00000000e+00 0.00000000e+00 0.00000000e+00 0.00000000e+00 1.06666667e-04 0.00000000e+00 0.00000000e+00 0.00000000e+00 0.00000000e+00 0.00000000e+00 0.00000000e+00
 0.00000000e+00 2.66666667e-04 3.46666667e-04 0.00000000e+00 0.00000000e+00 0.00000000e+00 3.06666667e-04 0.00000000e+00 0.00000000e+00 0.00000000e+00 0.00000000e+00 0.00000000e+00 0.00000000e+00 0.00000000e+00 0.00000000e+00 0.00000000e+00 1.73333333e-04 0.00000000e+00 0.00000000e+00 0.00000000e+00 6.50266667e-02 3.61466667e-02 2.35493333e-01 1.87333333e-02 0.00000000e+00 5.06666667e-04 1.88933333e-02 1.54533333e-02 9.33333333e-05 6.00000000e-03 0.00000000e+00 0.00000000e+00 0.00000000e+00 4.00000000e-04 0.00000000e+00 0.00000000e+00 6.66666667e-05 0.00000000e+00 0.00000000e+00 0.00000000e+00 0.00000000e+00 0.00000000e+00 0.00000000e+00 0.00000000e+00 0.00000000e+00 0.00000000e+00 0.00000000e+00 0.00000000e+00 0.00000000e+00 2.22000000e-02 1.20000000e-04 0.00000000e+00 0.00000000e+00 0.00000000e+00 6.60000000e-03 6.13333333e-03 1.59600000e-02 2.66666667e-04 0.00000000e+00 6.66666667e-05 1.36000000e-03 3.06666667e-04 1.20000000e-04 2.06666667e-03 0.00000000e+00 0.00000000e+00 0.00000000e+00 8.00000000e-05
 2.58666667e-03 5.37333333e-03 1.23533333e-01 0.00000000e+00 0.00000000e+00 3.86666667e-04 8.66666667e-03 5.40000000e-03 0.00000000e+00 2.26666667e-04 3.34666667e-03 0.00000000e+00 9.33333333e-05 1.40666667e-02 0.00000000e+00 1.73333333e-04 0.00000000e+00 9.37333333e-03 4.90533333e-02 0.00000000e+00 7.65333333e-03 4.13333333e-04 5.51733333e-02 1.00000000e-03 1.06666667e-04 4.31600000e-02 5.91066667e-02 2.14666667e-03 1.79466667e-02 4.42266667e-02 0.00000000e+00 8.00000000e-05 2.00000000e-04 7.88000000e-03 0.00000000e+00 7.46666667e-04 1.54666667e-03 0.00000000e+00 0.00000000e+00 0.00000000e+00 0.00000000e+00 0.00000000e+00 0.00000000e+00 0.00000000e+00 0.00000000e+00 0.00000000e+00 0.00000000e+00 0.00000000e+00 0.00000000e+00 1.06666667e-04 3.06666667e-03 0.00000000e+00 1.37333333e-03 0.00000000e+00 0.00000000e+00 8.00000000e-05 1.18666667e-03 3.33333333e-04 0.00000000e+00 3.18666667e-03 6.86666667e-03 1.73333333e-04 0.00000000e+00 0.00000000e+00 0.00000000e+00 0.00000000e+00 0.00000000e+00 1.33333333e-04
 2.93333333e-04 1.20000000e-04 5.86666667e-04 0.00000000e+00 0.00000000e+00 2.00000000e-04 3.33333333e-04 1.16000000e-03 0.00000000e+00 2.13333333e-04 6.73600000e-02 1.73333333e-04 1.06666667e-04 2.10666667e-03 0.00000000e+00 0.00000000e+00 9.37333333e-03 0.00000000e+00 2.68266667e-02 1.20000000e-04 0.00000000e+00 0.00000000e+00 7.20000000e-04 0.00000000e+00 3.20000000e-04 1.70266667e-02 3.41333333e-03 1.06666667e-04 3.69333333e-03 2.12000000e-03 8.00000000e-05 4.26666667e-04 9.33333333e-05 3.42666667e-03 0.00000000e+00 1.06666667e-04 0.00000000e+00 0.00000000e+00 0.00000000e+00 0.00000000e+00 0.00000000e+00 0.00000000e+00 0.00000000e+00 0.00000000e+00 1.20000000e-04 0.00000000e+00 2.40000000e-04 0.00000000e+00 0.00000000e+00 0.00000000e+00 0.00000000e+00 2.80000000e-04 0.00000000e+00 0.00000000e+00 0.00000000e+00 0.00000000e+00 0.00000000e+00 0.00000000e+00 9.33333333e-05 1.88000000e-03 1.14666667e-03 0.00000000e+00 0.00000000e+00 0.00000000e+00 3.73333333e-04 0.00000000e+00 0.00000000e+00 0.00000000e+00
 5.86666667e-04 8.22666667e-03 2.61333333e-03 0.00000000e+00 0.00000000e+00 2.26666667e-04 1.24000000e-03 1.73333333e-03 0.00000000e+00 5.33333333e-04 1.51466667e-02 2.13333333e-04 1.20000000e-04 5.14666667e-03 0.00000000e+00 0.00000000e+00 4.90533333e-02 2.68266667e-02 0.00000000e+00 2.80000000e-04 1.06666667e-04 0.00000000e+00 1.56000000e-03 2.80000000e-04 2.74666667e-03 4.93333333e-02 1.93066667e-02 2.66666667e-04 7.64000000e-03 5.20000000e-03 0.00000000e+00 5.46666667e-04 9.33333333e-05 3.23466667e-02 0.00000000e+00 2.32000000e-03 2.66666667e-04 0.00000000e+00 0.00000000e+00 0.00000000e+00 0.00000000e+00 0.00000000e+00 0.00000000e+00 0.00000000e+00 0.00000000e+00 0.00000000e+00 1.33333333e-04 0.00000000e+00 0.00000000e+00 0.00000000e+00 6.53333333e-04 5.46666667e-04 2.13333333e-03 0.00000000e+00 0.00000000e+00 0.00000000e+00 0.00000000e+00 1.86666667e-04 0.00000000e+00 1.13466667e-02 8.93333333e-03 0.00000000e+00 0.00000000e+00 0.00000000e+00 8.00000000e-05 0.00000000e+00 0.00000000e+00 8.00000000e-05
 0.00000000e+00 0.00000000e+00 9.33333333e-05 7.94266667e-02 6.53333333e-04 2.88133333e-02 1.10666667e-03 3.21333333e-03 5.20000000e-04 1.18693333e-01 1.86666667e-04 3.52800000e-02 2.26666667e-04 3.36000000e-03 1.46666667e-04 0.00000000e+00 0.00000000e+00 1.20000000e-04 2.80000000e-04 0.00000000e+00 0.00000000e+00 0.00000000e+00 0.00000000e+00 7.73333333e-04 0.00000000e+00 2.66666667e-04 1.46666667e-04 5.82133333e-02 2.28000000e-03 0.00000000e+00 0.00000000e+00 1.86666667e-04 0.00000000e+00 8.80000000e-04 0.00000000e+00 0.00000000e+00 0.00000000e+00 1.70666667e-03 1.33333333e-04 4.93333333e-04 1.86666667e-04 5.46666667e-04 0.00000000e+00 3.01333333e-03 0.00000000e+00 6.26666667e-04 0.00000000e+00 9.33333333e-05 0.00000000e+00 0.00000000e+00 0.00000000e+00 0.00000000e+00 0.00000000e+00 8.40000000e-04 0.00000000e+00 0.00000000e+00 0.00000000e+00 2.00000000e-04 0.00000000e+00 0.00000000e+00 0.00000000e+00 2.84000000e-03 1.86666667e-04 0.00000000e+00 0.00000000e+00 0.00000000e+00 0.00000000e+00 0.00000000e+00
 2.26666667e-04 0.00000000e+00 1.27333333e-02 0.00000000e+00 0.00000000e+00 8.00000000e-05 1.85866667e-02 6.66666667e-04 0.00000000e+00 0.00000000e+00 0.00000000e+00 0.00000000e+00 0.00000000e+00 1.68000000e-03 0.00000000e+00 6.50266667e-02 7.65333333e-03 0.00000000e+00 1.06666667e-04 0.00000000e+00 0.00000000e+00 1.76000000e-03 2.35026667e-01 2.64000000e-03 0.00000000e+00 1.09333333e-03 2.84000000e-03 3.76800000e-02 1.62666667e-03 1.01400000e-01 0.00000000e+00 0.00000000e+00 0.00000000e+00 1.47733333e-02 0.00000000e+00 0.00000000e+00 0.00000000e+00 0.00000000e+00 0.00000000e+00 0.00000000e+00 0.00000000e+00 0.00000000e+00 0.00000000e+00 0.00000000e+00 0.00000000e+00 0.00000000e+00 0.00000000e+00 0.00000000e+00 0.00000000e+00 2.57333333e-03 0.00000000e+00 0.00000000e+00 0.00000000e+00 0.00000000e+00 4.45333333e-03 4.66666667e-04 1.26666667e-03 4.93333333e-04 0.00000000e+00 0.00000000e+00 6.66666667e-05 8.13333333e-04 6.40000000e-04 3.26666667e-03 0.00000000e+00 0.00000000e+00 0.00000000e+00 1.73333333e-04
 0.00000000e+00 4.37333333e-03 5.06666667e-04 0.00000000e+00 9.73333333e-04 0.00000000e+00 0.00000000e+00 0.00000000e+00 1.11866667e-02 0.00000000e+00 0.00000000e+00 0.00000000e+00 2.48000000e-03 0.00000000e+00 4.93333333e-04 3.61466667e-02 4.13333333e-04 0.00000000e+00 0.00000000e+00 0.00000000e+00 1.76000000e-03 0.00000000e+00 8.46666667e-03 2.12133333e-02 3.94666667e-03 1.26666667e-03 2.52800000e-02 4.66666667e-03 4.66666667e-04 2.46666667e-03 0.00000000e+00 0.00000000e+00 0.00000000e+00 1.06666667e-04 0.00000000e+00 0.00000000e+00 0.00000000e+00 8.00000000e-05 0.00000000e+00 0.00000000e+00 0.00000000e+00 0.00000000e+00 0.00000000e+00 0.00000000e+00 0.00000000e+00 0.00000000e+00 0.00000000e+00 0.00000000e+00 0.00000000e+00 1.80000000e-03 0.00000000e+00 0.00000000e+00 0.00000000e+00 0.00000000e+00 1.10666667e-03 0.00000000e+00 8.40000000e-04 2.40000000e-04 0.00000000e+00 0.00000000e+00 1.20000000e-04 1.86666667e-04 1.60000000e-04 7.60000000e-04 0.00000000e+00 0.00000000e+00 0.00000000e+00 0.00000000e+00
 3.18666667e-03 0.00000000e+00 8.94933333e-02 0.00000000e+00 0.00000000e+00 1.29333333e-03 6.94000000e-02 1.27866667e-02 0.00000000e+00 3.33333333e-04 2.26666667e-04 0.00000000e+00 6.66666667e-05 2.74133333e-02 0.00000000e+00 2.35493333e-01 5.51733333e-02 7.20000000e-04 1.56000000e-03 0.00000000e+00 2.35026667e-01 8.46666667e-03 0.00000000e+00 5.41333333e-03 0.00000000e+00 1.42266667e-02 1.51360000e-01 7.11466667e-02 6.73333333e-03 8.35066667e-02 0.00000000e+00 0.00000000e+00 0.00000000e+00 2.61333333e-02 0.00000000e+00 9.33333333e-05 6.57333333e-03 0.00000000e+00 0.00000000e+00 0.00000000e+00 0.00000000e+00 0.00000000e+00 0.00000000e+00 0.00000000e+00 0.00000000e+00 0.00000000e+00 0.00000000e+00 0.00000000e+00 0.00000000e+00 1.60800000e-02 1.92000000e-03 0.00000000e+00 1.86666667e-04 0.00000000e+00 2.08000000e-03 2.38666667e-03 4.66800000e-02 1.33333333e-04 0.00000000e+00 1.60000000e-04 2.21066667e-02 1.73333333e-04 0.00000000e+00 2.00000000e-04 0.00000000e+00 0.00000000e+00 0.00000000e+00 4.40000000e-04
 3.46666667e-04 6.42666667e-03 1.38666667e-03 3.75466667e-02 8.66666667e-04 1.41333333e-03 2.90000000e-02 2.97333333e-03 3.73866667e-02 5.52000000e-03 1.60000000e-04 1.06666667e-04 2.16000000e-03 3.53333333e-03 7.20000000e-04 1.87333333e-02 1.00000000e-03 0.00000000e+00 2.80000000e-04 7.73333333e-04 2.64000000e-03 2.12133333e-02 5.41333333e-03 0.00000000e+00 3.24000000e-03 6.89333333e-03 5.48933333e-02 8.49466667e-02 1.63600000e-02 6.49333333e-03 8.00000000e-05 6.66666667e-05 6.80000000e-04 1.88000000e-03 2.40000000e-04 9.33333333e-05 1.73333333e-04 1.60000000e-03 0.00000000e+00 1.22666667e-03 1.46666667e-04 3.10666667e-03 1.77333333e-03 2.04000000e-03 8.00000000e-05 0.00000000e+00 1.60000000e-04 1.04000000e-03 0.00000000e+00 1.73333333e-04 4.13333333e-04 1.46666667e-04 2.00000000e-04 3.33333333e-04 4.00000000e-04 6.66666667e-05 1.20000000e-04 3.40000000e-03 0.00000000e+00 4.13333333e-04 6.93333333e-04 9.78666667e-03 3.73333333e-03 1.64000000e-03 8.00000000e-05 9.33333333e-05 2.53333333e-04 1.28000000e-03
 0.00000000e+00 2.55866667e-02 0.00000000e+00 0.00000000e+00 4.40000000e-04 0.00000000e+00 0.00000000e+00 0.00000000e+00 2.52000000e-03 0.00000000e+00 2.61333333e-03 0.00000000e+00 4.42666667e-02 6.66666667e-05 1.73333333e-04 0.00000000e+00 1.06666667e-04 3.20000000e-04 2.74666667e-03 0.00000000e+00 0.00000000e+00 3.94666667e-03 0.00000000e+00 3.24000000e-03 0.00000000e+00 1.76666667e-02 1.99200000e-02 0.00000000e+00 1.06666667e-04 0.00000000e+00 1.53333333e-03 1.33333333e-04 0.00000000e+00 2.93333333e-04 0.00000000e+00 0.00000000e+00 0.00000000e+00 0.00000000e+00 0.00000000e+00 0.00000000e+00 0.00000000e+00 0.00000000e+00 0.00000000e+00 0.00000000e+00 7.46666667e-04 0.00000000e+00 2.13333333e-03 0.00000000e+00 0.00000000e+00 0.00000000e+00 0.00000000e+00 4.00000000e-04 0.00000000e+00 0.00000000e+00 0.00000000e+00 0.00000000e+00 0.00000000e+00 0.00000000e+00 1.86666667e-04 2.66666667e-03 1.82666667e-03 0.00000000e+00 0.00000000e+00 0.00000000e+00 1.60000000e-03 0.00000000e+00 0.00000000e+00 1.33333333e-04
 7.06666667e-04 1.42133333e-02 8.91200000e-02 1.33333333e-04 3.86666667e-04 7.33333333e-04 1.04133333e-02 3.89333333e-03 9.20000000e-04 1.06666667e-03 6.04400000e-02 5.33333333e-04 5.73333333e-03 7.16000000e-03 1.46666667e-04 5.06666667e-04 4.31600000e-02 1.70266667e-02 4.93333333e-02 2.66666667e-04 1.09333333e-03 1.26666667e-03 1.42266667e-02 6.89333333e-03 1.76666667e-02 0.00000000e+00 1.36333333e-01 4.46666667e-03 6.01333333e-03 2.90666667e-03 4.01333333e-03 9.86666667e-04 0.00000000e+00 1.27600000e-02 0.00000000e+00 5.26666667e-03 1.62666667e-03 6.66666667e-05 0.00000000e+00 0.00000000e+00 0.00000000e+00 1.06666667e-04 0.00000000e+00 0.00000000e+00 1.77333333e-03 0.00000000e+00 1.45200000e-02 1.60000000e-04 0.00000000e+00 6.66666667e-05 3.30666667e-03 7.10666667e-03 9.92000000e-03 0.00000000e+00 0.00000000e+00 1.06666667e-04 1.73333333e-04 1.12000000e-03 1.89333333e-03 5.50266667e-02 5.35866667e-02 3.46666667e-04 0.00000000e+00 6.66666667e-05 7.56000000e-03 1.20000000e-04 0.00000000e+00 6.53333333e-04
 8.00000000e-05 4.54533333e-02 6.30933333e-02 8.00000000e-05 2.25333333e-03 4.00000000e-04 5.01333333e-03 7.86666667e-04 7.66666667e-03 8.00000000e-04 8.57333333e-03 4.26666667e-04 4.31333333e-02 2.00000000e-03 7.20000000e-04 1.88933333e-02 5.91066667e-02 3.41333333e-03 1.93066667e-02 1.46666667e-04 2.84000000e-03 2.52800000e-02 1.51360000e-01 5.48933333e-02 1.99200000e-02 1.36333333e-01 0.00000000e+00 4.26666667e-02 2.02666667e-03 2.00000000e-04 5.36000000e-03 4.93333333e-04 0.00000000e+00 1.92800000e-02 0.00000000e+00 5.86666667e-03 6.13333333e-03 1.33333333e-04 0.00000000e+00 0.00000000e+00 1.60000000e-04 0.00000000e+00 0.00000000e+00 0.00000000e+00 1.66666667e-03 0.00000000e+00 6.00000000e-03 1.06666667e-04 0.00000000e+00 3.80000000e-03 1.43600000e-02 4.60000000e-03 5.93333333e-03 0.00000000e+00 4.53333333e-04 1.20000000e-03 1.73066667e-02 1.01333333e-03 6.00000000e-04 3.46933333e-02 5.08133333e-02 8.26666667e-04 8.00000000e-05 0.00000000e+00 4.40000000e-03 0.00000000e+00 0.00000000e+00 1.54666667e-03
 3.33333333e-04 2.26666667e-04 1.30533333e-02 2.02893333e-01 1.13333333e-03 2.21866667e-02 4.11960000e-01 8.46666667e-03 1.52533333e-02 2.72666667e-01 1.46666667e-04 1.76933333e-02 1.60000000e-04 1.07066667e-02 1.53333333e-03 1.54533333e-02 2.14666667e-03 1.06666667e-04 2.66666667e-04 5.82133333e-02 3.76800000e-02 4.66666667e-03 7.11466667e-02 8.49466667e-02 0.00000000e+00 4.46666667e-03 4.26666667e-02 0.00000000e+00 3.81733333e-02 6.56666667e-02 0.00000000e+00 8.00000000e-05 3.36000000e-03 9.40000000e-03 1.20000000e-04 0.00000000e+00 1.20000000e-04 3.69333333e-03 1.20000000e-04 1.45333333e-03 1.86666667e-04 3.05333333e-03 1.26666667e-03 5.44000000e-03 0.00000000e+00 4.53333333e-04 0.00000000e+00 9.73333333e-04 0.00000000e+00 6.00000000e-04 1.20000000e-04 1.20000000e-04 1.46666667e-04 1.41333333e-03 1.37333333e-03 2.66666667e-04 3.86666667e-04 3.42666667e-03 0.00000000e+00 1.46666667e-04 4.13333333e-04 1.14666667e-02 4.02666667e-03 3.76000000e-03 0.00000000e+00 0.00000000e+00 2.26666667e-04 1.04000000e-03
 6.49200000e-02 1.86666667e-04 4.18666667e-03 2.96000000e-03 5.46666667e-04 2.42666667e-03 2.22666667e-02 1.26800000e-02 5.29333333e-03 1.75600000e-02 6.84000000e-03 2.38666667e-03 2.81333333e-03 1.05146667e-01 8.53333333e-04 9.33333333e-05 1.79466667e-02 3.69333333e-03 7.64000000e-03 2.28000000e-03 1.62666667e-03 4.66666667e-04 6.73333333e-03 1.63600000e-02 1.06666667e-04 6.01333333e-03 2.02666667e-03 3.81733333e-02 0.00000000e+00 4.33333333e-02 9.33333333e-05 1.45600000e-02 3.95733333e-02 3.09333333e-02 0.00000000e+00 0.00000000e+00 0.00000000e+00 8.00000000e-05 0.00000000e+00 6.66666667e-05 0.00000000e+00 5.86666667e-04 4.40000000e-04 9.33333333e-05 6.66666667e-05 0.00000000e+00 1.06666667e-04 1.33333333e-04 0.00000000e+00 2.53333333e-04 0.00000000e+00 0.00000000e+00 0.00000000e+00 0.00000000e+00 7.33333333e-04 6.66666667e-05 8.00000000e-05 1.00000000e-03 0.00000000e+00 0.00000000e+00 1.33333333e-04 3.18666667e-03 1.74666667e-03 1.28000000e-03 0.00000000e+00 0.00000000e+00 0.00000000e+00 2.80000000e-04
 1.78666667e-02 9.33333333e-05 8.69333333e-03 0.00000000e+00 0.00000000e+00 2.40000000e-04 5.66533333e-02 6.94666667e-03 3.46666667e-04 9.33333333e-05 3.33333333e-04 0.00000000e+00 0.00000000e+00 3.18266667e-02 0.00000000e+00 6.00000000e-03 4.42266667e-02 2.12000000e-03 5.20000000e-03 0.00000000e+00 1.01400000e-01 2.46666667e-03 8.35066667e-02 6.49333333e-03 0.00000000e+00 2.90666667e-03 2.00000000e-04 6.56666667e-02 4.33333333e-02 0.00000000e+00 0.00000000e+00 0.00000000e+00 0.00000000e+00 8.86666667e-03 0.00000000e+00 0.00000000e+00 0.00000000e+00 0.00000000e+00 0.00000000e+00 0.00000000e+00 0.00000000e+00 0.00000000e+00 0.00000000e+00 0.00000000e+00 0.00000000e+00 0.00000000e+00 0.00000000e+00 0.00000000e+00 0.00000000e+00 1.29333333e-03 0.00000000e+00 0.00000000e+00 0.00000000e+00 0.00000000e+00 1.62666667e-03 4.93333333e-04 3.86666667e-04 8.53333333e-04 0.00000000e+00 8.00000000e-05 0.00000000e+00 1.41333333e-03 4.66666667e-04 1.49333333e-03 0.00000000e+00 0.00000000e+00 0.00000000e+00 9.33333333e-05
 0.00000000e+00 0.00000000e+00 6.66666667e-05 0.00000000e+00 0.00000000e+00 0.00000000e+00 0.00000000e+00 8.00000000e-05 0.00000000e+00 0.00000000e+00 3.65333333e-03 0.00000000e+00 1.11600000e-02 1.06666667e-04 0.00000000e+00 0.00000000e+00 0.00000000e+00 8.00000000e-05 0.00000000e+00 0.00000000e+00 0.00000000e+00 0.00000000e+00 0.00000000e+00 8.00000000e-05 1.53333333e-03 4.01333333e-03 5.36000000e-03 0.00000000e+00 9.33333333e-05 0.00000000e+00 0.00000000e+00 0.00000000e+00 0.00000000e+00 1.86666667e-04 0.00000000e+00 0.00000000e+00 0.00000000e+00 0.00000000e+00 0.00000000e+00 0.00000000e+00 0.00000000e+00 0.00000000e+00 0.00000000e+00 0.00000000e+00 6.00000000e-04 0.00000000e+00 3.69333333e-03 0.00000000e+00 0.00000000e+00 0.00000000e+00 0.00000000e+00 9.33333333e-05 0.00000000e+00 0.00000000e+00 0.00000000e+00 0.00000000e+00 0.00000000e+00 0.00000000e+00 0.00000000e+00 1.18666667e-03 8.26666667e-04 0.00000000e+00 0.00000000e+00 0.00000000e+00 1.10666667e-03 0.00000000e+00 0.00000000e+00 0.00000000e+00
 0.00000000e+00 0.00000000e+00 0.00000000e+00 0.00000000e+00 0.00000000e+00 1.94000000e-02 2.93333333e-04 3.67200000e-02 0.00000000e+00 4.53333333e-04 5.88000000e-03 3.73333333e-04 5.73333333e-03 1.52266667e-02 1.73333333e-04 0.00000000e+00 8.00000000e-05 4.26666667e-04 5.46666667e-04 1.86666667e-04 0.00000000e+00 0.00000000e+00 0.00000000e+00 6.66666667e-05 1.33333333e-04 9.86666667e-04 4.93333333e-04 8.00000000e-05 1.45600000e-02 0.00000000e+00 0.00000000e+00 0.00000000e+00 0.00000000e+00 4.58800000e-02 0.00000000e+00 0.00000000e+00 0.00000000e+00 0.00000000e+00 0.00000000e+00 0.00000000e+00 0.00000000e+00 6.66666667e-05 0.00000000e+00 0.00000000e+00 0.00000000e+00 6.66666667e-05 0.00000000e+00 0.00000000e+00 0.00000000e+00 0.00000000e+00 0.00000000e+00 0.00000000e+00 0.00000000e+00 0.00000000e+00 0.00000000e+00 0.00000000e+00 0.00000000e+00 0.00000000e+00 0.00000000e+00 0.00000000e+00 0.00000000e+00 0.00000000e+00 1.20000000e-04 0.00000000e+00 0.00000000e+00 0.00000000e+00 0.00000000e+00 0.00000000e+00
 0.00000000e+00 0.00000000e+00 0.00000000e+00 0.00000000e+00 0.00000000e+00 0.00000000e+00 0.00000000e+00 0.00000000e+00 2.26666667e-04 0.00000000e+00 0.00000000e+00 0.00000000e+00 0.00000000e+00 0.00000000e+00 0.00000000e+00 0.00000000e+00 2.00000000e-04 9.33333333e-05 9.33333333e-05 0.00000000e+00 0.00000000e+00 0.00000000e+00 0.00000000e+00 6.80000000e-04 0.00000000e+00 0.00000000e+00 0.00000000e+00 3.36000000e-03 3.95733333e-02 0.00000000e+00 0.00000000e+00 0.00000000e+00 0.00000000e+00 2.66666667e-03 0.00000000e+00 0.00000000e+00 0.00000000e+00 0.00000000e+00 0.00000000e+00 0.00000000e+00 0.00000000e+00 0.00000000e+00 0.00000000e+00 0.00000000e+00 0.00000000e+00 0.00000000e+00 0.00000000e+00 0.00000000e+00 0.00000000e+00 0.00000000e+00 0.00000000e+00 0.00000000e+00 0.00000000e+00 0.00000000e+00 0.00000000e+00 0.00000000e+00 0.00000000e+00 0.00000000e+00 0.00000000e+00 0.00000000e+00 0.00000000e+00 1.20000000e-04 9.33333333e-05 0.00000000e+00 0.00000000e+00 0.00000000e+00 0.00000000e+00 0.00000000e+00
 2.66666667e-04 9.60000000e-04 7.62666667e-03 4.66666667e-04 1.46666667e-04 1.57333333e-03 1.96000000e-03 2.88000000e-03 4.26666667e-04 6.41333333e-03 2.50133333e-02 1.24000000e-03 7.14666667e-03 3.78666667e-03 1.20000000e-04 4.00000000e-04 7.88000000e-03 3.42666667e-03 3.23466667e-02 8.80000000e-04 1.47733333e-02 1.06666667e-04 2.61333333e-02 1.88000000e-03 2.93333333e-04 1.27600000e-02 1.92800000e-02 9.40000000e-03 3.09333333e-02 8.86666667e-03 1.86666667e-04 4.58800000e-02 2.66666667e-03 0.00000000e+00 0.00000000e+00 6.66666667e-05 1.33333333e-04 0.00000000e+00 0.00000000e+00 0.00000000e+00 0.00000000e+00 3.06666667e-04 0.00000000e+00 1.73333333e-04 0.00000000e+00 0.00000000e+00 1.60000000e-04 1.86666667e-04 0.00000000e+00 6.66666667e-05 4.53333333e-04 0.00000000e+00 1.06666667e-04 0.00000000e+00 6.66666667e-05 0.00000000e+00 2.26666667e-04 3.73333333e-04 0.00000000e+00 2.80000000e-04 9.20000000e-04 5.73333333e-04 3.46666667e-04 1.60000000e-04 0.00000000e+00 6.66666667e-05 0.00000000e+00 2.13333333e-04
 0.00000000e+00 0.00000000e+00 0.00000000e+00 0.00000000e+00 0.00000000e+00 0.00000000e+00 0.00000000e+00 0.00000000e+00 0.00000000e+00 0.00000000e+00 0.00000000e+00 0.00000000e+00 0.00000000e+00 0.00000000e+00 0.00000000e+00 0.00000000e+00 0.00000000e+00 0.00000000e+00 0.00000000e+00 0.00000000e+00 0.00000000e+00 0.00000000e+00 0.00000000e+00 2.40000000e-04 0.00000000e+00 0.00000000e+00 0.00000000e+00 1.20000000e-04 0.00000000e+00 0.00000000e+00 0.00000000e+00 0.00000000e+00 0.00000000e+00 0.00000000e+00 0.00000000e+00 0.00000000e+00 4.00000000e-04 1.73333333e-04 0.00000000e+00 0.00000000e+00 1.27333333e-02 6.57333333e-03 6.80000000e-04 2.53333333e-04 2.93333333e-04 0.00000000e+00 0.00000000e+00 1.07413333e-01 0.00000000e+00 0.00000000e+00 9.33333333e-04 1.29333333e-03 1.70666667e-03 8.00000000e-05 1.20000000e-04 0.00000000e+00 1.53333333e-03 6.26666667e-04 0.00000000e+00 3.53333333e-03 0.00000000e+00 4.50666667e-03 7.34533333e-02 4.23600000e-02 0.00000000e+00 0.00000000e+00 3.06666667e-04 5.86666667e-04
 0.00000000e+00 1.06666667e-04 5.86666667e-04 0.00000000e+00 0.00000000e+00 0.00000000e+00 0.00000000e+00 0.00000000e+00 0.00000000e+00 0.00000000e+00 0.00000000e+00 0.00000000e+00 0.00000000e+00 0.00000000e+00 0.00000000e+00 0.00000000e+00 7.46666667e-04 1.06666667e-04 2.32000000e-03 0.00000000e+00 0.00000000e+00 0.00000000e+00 9.33333333e-05 9.33333333e-05 0.00000000e+00 5.26666667e-03 5.86666667e-03 0.00000000e+00 0.00000000e+00 0.00000000e+00 0.00000000e+00 0.00000000e+00 0.00000000e+00 6.66666667e-05 0.00000000e+00 0.00000000e+00 6.13333333e-04 0.00000000e+00 1.13333333e-03 8.40000000e-04 6.66666667e-05 0.00000000e+00 2.33333333e-03 9.33333333e-05 0.00000000e+00 0.00000000e+00 9.90666667e-03 0.00000000e+00 2.93333333e-04 9.33333333e-05 3.80000000e-03 5.33333333e-04 4.38666667e-03 0.00000000e+00 0.00000000e+00 3.92000000e-03 2.04000000e-03 1.17600000e-02 2.18266667e-02 7.98666667e-03 6.23333333e-02 3.46666667e-04 0.00000000e+00 0.00000000e+00 2.00000000e-04 0.00000000e+00 0.00000000e+00 4.93333333e-04
 0.00000000e+00 8.00000000e-05 6.97333333e-03 0.00000000e+00 0.00000000e+00 0.00000000e+00 0.00000000e+00 0.00000000e+00 0.00000000e+00 0.00000000e+00 0.00000000e+00 0.00000000e+00 0.00000000e+00 0.00000000e+00 0.00000000e+00 6.66666667e-05 1.54666667e-03 0.00000000e+00 2.66666667e-04 0.00000000e+00 0.00000000e+00 0.00000000e+00 6.57333333e-03 1.73333333e-04 0.00000000e+00 1.62666667e-03 6.13333333e-03 1.20000000e-04 0.00000000e+00 0.00000000e+00 0.00000000e+00 0.00000000e+00 0.00000000e+00 1.33333333e-04 4.00000000e-04 6.13333333e-04 0.00000000e+00 0.00000000e+00 0.00000000e+00 3.06666667e-04 1.79733333e-02 1.07733333e-02 0.00000000e+00 5.73333333e-04 1.46666667e-04 0.00000000e+00 0.00000000e+00 1.09866667e-02 0.00000000e+00 1.46666667e-04 5.40000000e-02 2.26666667e-04 8.26666667e-03 6.66666667e-05 1.08000000e-03 1.46666667e-04 1.30160000e-01 1.60000000e-04 0.00000000e+00 5.40266667e-02 3.61200000e-02 6.53333333e-04 2.00000000e-03 1.24000000e-03 0.00000000e+00 0.00000000e+00 0.00000000e+00 4.64000000e-03
 0.00000000e+00 0.00000000e+00 0.00000000e+00 4.89333333e-03 0.00000000e+00 4.80000000e-04 6.13333333e-04 6.66666667e-05 7.33333333e-04 3.45333333e-03 0.00000000e+00 4.80000000e-04 8.00000000e-05 0.00000000e+00 1.06666667e-04 0.00000000e+00 0.00000000e+00 0.00000000e+00 0.00000000e+00 1.70666667e-03 0.00000000e+00 8.00000000e-05 0.00000000e+00 1.60000000e-03 0.00000000e+00 6.66666667e-05 1.33333333e-04 3.69333333e-03 8.00000000e-05 0.00000000e+00 0.00000000e+00 0.00000000e+00 0.00000000e+00 0.00000000e+00 1.73333333e-04 0.00000000e+00 0.00000000e+00 0.00000000e+00 8.00000000e-04 1.38933333e-02 3.54666667e-03 5.05333333e-03 3.60000000e-03 2.13760000e-01 2.26666667e-04 7.25333333e-03 0.00000000e+00 3.49333333e-03 1.86666667e-04 0.00000000e+00 0.00000000e+00 2.26666667e-04 1.86666667e-04 8.68000000e-02 0.00000000e+00 0.00000000e+00 0.00000000e+00 2.01066667e-02 0.00000000e+00 0.00000000e+00 2.00000000e-04 1.23386667e-01 5.24000000e-03 0.00000000e+00 8.00000000e-05 2.53333333e-04 0.00000000e+00 1.57333333e-03
 0.00000000e+00 0.00000000e+00 0.00000000e+00 2.26666667e-04 0.00000000e+00 0.00000000e+00 0.00000000e+00 0.00000000e+00 0.00000000e+00 6.66666667e-05 0.00000000e+00 0.00000000e+00 0.00000000e+00 0.00000000e+00 0.00000000e+00 0.00000000e+00 0.00000000e+00 0.00000000e+00 0.00000000e+00 1.33333333e-04 0.00000000e+00 0.00000000e+00 0.00000000e+00 0.00000000e+00 0.00000000e+00 0.00000000e+00 0.00000000e+00 1.20000000e-04 0.00000000e+00 0.00000000e+00 0.00000000e+00 0.00000000e+00 0.00000000e+00 0.00000000e+00 0.00000000e+00 1.13333333e-03 0.00000000e+00 8.00000000e-04 0.00000000e+00 6.53333333e-04 1.06666667e-04 6.00000000e-04 8.26666667e-04 4.93333333e-04 0.00000000e+00 1.33333333e-04 7.33333333e-04 6.66666667e-05 1.57333333e-03 0.00000000e+00 0.00000000e+00 0.00000000e+00 0.00000000e+00 2.26666667e-04 0.00000000e+00 1.80000000e-03 0.00000000e+00 1.41333333e-03 1.20000000e-03 9.33333333e-05 4.93333333e-04 5.73333333e-04 2.66666667e-04 0.00000000e+00 0.00000000e+00 1.73333333e-04 0.00000000e+00 1.11466667e-02
