1.0	0.3993931584622314	0.4635032453997436	0.6260819407778856	-0.1139198716222938	0.0427331649455351	0.6856039521672073	0.0012793841152879	0.5107230381724603	0.6777229159884733	0.2417825234863579	0.637176955138002	0.4522922420557962	0.5799026203552657	0.110010828998079	0.6389311870005299	0.5740095474561411	0.4818362298677904	0.6800715952713084	0.6442122305870875	0.42821458246091	0.5065453708235402	0.7044110865447492	0.6249891688076145	0.5785212533871978	0.5385285229397032	0.3239992304484417	0.5416281945443658	0.6334176427121738	0.5342662490175315	0.1625837845162979	0.0054732326593158	0.6039030671613509	0.6604719523653556	0.4217390245478733	0.4677972449580618	0.5109976219961694	0.6757261951373912	-0.2323871127634677	0.1536868386850805	0.6582202938344351	-0.0181129159280106	0.5011243273934204	0.6568487683568868	0.0599648229853009	0.6156028550931575	0.4616786223103604	0.3612466788566666	0.1388178910805598	0.6106252252910209	0.4853577657119701	0.3429517006777592	0.6861942389290596	0.6578364439634035	0.6401648989176185	0.6392328121970731	0.5957394122752895	0.6591924039375596	0.5683445073244711	0.6473216879651706	0.404368042647562	0.5744441291797128	0.408697052026275	0.5520301261418857	0.1290420665098635	0.1224040444951681	0.2991664621764641	0.5365938810714521
0.3993931584622314	0.9999999999999998	0.5461885085335847	0.5021572609704471	0.1653863162889468	0.1989138974089222	0.5387644095183876	0.2669251823521726	0.5011719245055821	0.4010269521947411	0.3208597014314766	0.5543644295783628	0.406580182207288	0.4983592164660242	0.1593718639173718	0.5448986606299507	0.4379595284456497	0.3572196216672459	0.4526515058425738	0.4274475651390869	0.5890996848833799	0.6323842381474605	0.6234313002690953	0.5565891052488879	0.5745649386733898	0.6089932328789555	0.5780919910521096	0.588936216716877	0.6679193822531339	0.6198885521697871	0.1857931039311283	0.2598610844094482	0.356779508370976	0.6930397102955709	0.4963028160920237	0.6683652496026973	0.513315215183289	0.4880663746526729	0.0247847964550692	0.3137553742012699	0.5781265381432116	0.229809979922394	0.4472454478253043	0.4176617911118384	0.3418939356203074	0.378251229955445	0.4166355218360193	0.3630755480540564	0.2468251039693571	0.575909492536302	0.4193579997615521	0.4151045211058532	0.3920019132775355	0.3672740704090346	0.6249240689921584	0.6639266578265699	0.5828465419735477	0.5420969934710207	0.4123454006927591	0.5617797522116189	0.5856996743133475	0.5821259807161002	0.5315534011097033	0.6201782543063966	0.0629395995562314	0.031891771891053	0.0303404613859476	0.5735907269912749
0.4635032453997436	0.5461885085335847	1.0	0.5251941709288699	-0.1380992464429733	-0.0919821396492162	0.4963334658877935	0.1374549797410043	0.3210472754870899	0.3711017965276755	0.1118928877482422	0.4879787259234249	0.429554338575111	0.3515129497131035	-0.179528392605253	0.5230123405302777	0.2033138897730895	0.1707426778045209	0.1497963394703452	0.5224189936166991	0.7210228570546683	0.8123290015573366	0.7669982350709563	0.6675399109685569	0.5446587182170879	0.7790166255536833	0.7349334127306283	0.7801574278290223	0.3501883370708633	0.7693683963230113	0.4261920014589038	0.1188660737706214	0.2282834324169486	0.3824075288280883	0.1666075182356994	0.4344614221549209	0.8059757045395871	0.3954631878183222	-0.2943545107964588	-0.0539209346903448	0.6726019344868881	0.0101147286197915	0.4976659322519433	0.247903820258316	0.1496276808755441	0.2635216112329847	0.3315528720651309	-0.0102225994488999	-0.1122044158126976	0.6494640454495649	0.3218705103695634	0.1997963276326982	0.2487073979749271	0.2292947670762376	0.6566727935583909	0.7769499754343568	0.6778302580959656	0.5790544020832504	0.5076009068951842	0.5234930194194343	0.7028628633472777	0.7741597106684338	0.0535196019735206	0.5656544905924396	-0.0659132778999605	-0.315608465752662	0.04586085713799	0.1495128899556486
0.6260819407778856	0.5021572609704471	0.5251941709288699	1.0000000000000002	0.0236299558524146	0.1920382160113568	0.6791536531074157	0.2297127979117723	0.6056575795418985	0.7914231385173907	0.2279722378951593	0.6867803826189609	0.4377103175164266	0.6333233593102144	0.115625783968465	0.6983275893665393	0.3564963588833179	0.2776587938124035	0.3844549252191868	0.6949224852345991	0.5559194196800514	0.6089731757566051	0.7487863852242995	0.7602988369524655	0.6847681126490825	0.7125146921188283	0.5268643350821081	0.7706117674738638	0.5903324019905761	0.5350730336404717	0.2935477976265592	0.1879601215856818	0.4510270959632452	0.5762309575020772	0.424674344776602	0.5586366770933142	0.5650172260695149	0.8738409372438839	-0.1400613306626444	0.2625255356566014	0.7077127067387182	0.1555093279620461	0.629331325064755	0.7096578248133021	0.2335249236816432	0.6377317189259745	0.4727849733553441	0.3729499008116095	0.1596446797373799	0.6738800989858597	0.3702765923274789	0.3660789624492178	0.3789327427346889	0.6394080311126272	0.6991252904413485	0.6439212286152425	0.5990839251410048	0.773806790222012	0.5683781208201061	0.6168412935297726	0.5764793901872607	0.7744404002873888	0.3035478812515952	0.5397241557294804	0.1408649079602255	-0.0438367603090538	0.1537507481813121	0.4002864881071725
-0.1139198716222938	0.1653863162889468	-0.1380992464429733	0.0236299558524146	1.0000000000000002	0.8181031153108993	-0.0766700941438676	0.7606976850274808	0.1528181106925969	0.0014008251309997	0.5131047867721965	0.0966276154222487	0.2996219034335972	0.3989726092671801	0.5749376570479491	0.1793267606809721	-0.090552700672132	0.009389049735468	0.0322100298627458	-0.1150179142561322	0.2036979997889403	-0.0972551986527024	-0.020594845901945	-0.0470451415815429	0.1085625747039518	-0.1420332229827383	0.3073976387717186	0.0533534361430536	0.2396978846306009	-0.2475743065599067	-0.364812765660307	0.6783559331858899	0.0886967977432479	0.1397724342507767	0.2650137571073083	0.2703270308982219	-0.0183801896662327	0.0558603834973872	0.8504903392246848	0.7602223776936237	-0.1533526176079244	0.7942495522413971	-0.1033756059126577	0.1031338478792868	0.6835190327738687	0.1797599442019692	0.4755963312572361	0.6333208332962986	0.6061776257059648	0.1109390158819987	-0.2786044061993559	0.1456044516844286	-0.0975928532506861	0.0761907882349995	0.070274291547333	-0.03597937045053	-0.0580673761951967	-0.0329480522964122	-0.0095330739463724	-0.1886621543594178	0.307934526521484	-0.0258904539905037	0.5172435399419368	-0.1210089558395875	0.2601618779584605	0.4618971545706211	-0.0363470323699746	0.2630033534437396
0.0427331649455351	0.1989138974089222	-0.0919821396492162	0.1920382160113568	0.8181031153108993	1.0000000000000002	0.0759358516949559	0.7770748848795854	0.2461795481425946	0.1613881052951012	0.6148831088666109	0.2369294123983298	0.3451353657488173	0.5177937837572598	0.6266845178804605	0.2980511302841968	0.0225566309338935	0.1157700325592457	0.1588853279254994	0.0005233384847942	0.2539529283099501	-0.0691571262795176	0.0974225247799992	0.0695655608499412	0.2223270145759681	-0.0505105476547854	0.3493126573830226	0.1876648035177122	0.338228542534853	-0.199741521975003	-0.4107728724197418	0.6035236998419636	0.2233650515363854	0.2643449727414585	0.3671927544339012	0.3276046318245768	0.033243055842498	0.2120543024887303	0.8047418300309135	0.8094774583222628	-0.0235164002571527	0.8248066004597516	0.0182155026879573	0.2581524719080608	0.711714931870943	0.3726556721388082	0.5769696571833653	0.7115891878185817	0.6579171612468071	0.1824875394970186	-0.2276341696570978	0.1787895880138064	0.0110182457371926	0.269006125190295	0.1931881776203434	0.0306030681917669	0.0626082015218117	0.0981598661111051	0.0820715012610037	-0.0843384732621267	0.3834602640643966	0.0716761578587957	0.5921068865749328	-0.0599977419596161	0.2659491179262919	0.5440881978761554	0.0762020343518096	0.3435172560342645
0.6856039521672073	0.5387644095183876	0.4963334658877935	0.6791536531074157	-0.0766700941438676	0.0759358516949559	0.9999999999999998	0.0192418086388143	0.8057204186536595	0.7098397384757871	0.2513823741483431	0.6273076996934012	0.380215047181327	0.5281480276127356	0.1700755590911814	0.7339703232078615	0.7217166362079758	0.4681015621030275	0.7194490368873493	0.6236117785960497	0.425755092756415	0.6274897119444095	0.7072782735884391	0.8389165252238419	0.563967731926207	0.5456562503269468	0.3036739337222512	0.6192181309544366	0.6467952121323599	0.6841643262853928	0.1408618009942842	-0.0364851226382929	0.494225121700839	0.639713667989567	0.5015702104597323	0.526367555400159	0.4665646673436148	0.7901081553375332	-0.235878198446144	0.2193147258137367	0.8841786572176685	0.0097453396558706	0.6619457589135034	0.6798711651694016	-0.040012211598659	0.5853635985590026	0.416635969670642	0.414571242529727	0.2305605525784783	0.6105020560501948	0.5626760013397758	0.2939583112842058	0.66485734916212	0.6604998447442548	0.657059010148119	0.6798350358386654	0.6000103134823965	0.8737252355312164	0.4882516006333531	0.7379364302559472	0.4182909671489214	0.7062627595448513	0.4208851620309138	0.6830251375328119	0.2258768943525443	0.1033612696571372	0.062639035929584	0.5599337451184534
0.0012793841152879	0.2669251823521726	0.1374549797410043	0.2297127979117723	0.7606976850274808	0.7770748848795854	0.0192418086388143	1.0	0.2110590212059936	0.0945452197124074	0.6531602725696221	0.1783440697066509	0.488269523121815	0.552232868098776	0.520823827868195	0.2869542730931647	-0.1590893579070615	0.0392636079429465	-0.0345133719296302	-0.0285609784899387	0.421032625303964	0.0789402423557132	0.1486804844575904	0.0895988967441997	0.3544188333864422	0.2146865442424559	0.6138300305089992	0.3196237664505331	0.256976257729941	-0.1147973462056251	-0.1155318829839413	0.6648914466630692	0.150461727663526	0.1871569690440226	0.1790793349649855	0.4038364150007821	0.2077593442870169	0.1664666253402755	0.7532870334150424	0.7276618876770049	-0.0103406009179169	0.8880739510287761	0.0609520238163886	0.1064873391539868	0.8221513853863691	0.2376350084339145	0.6103278482910338	0.5874580824596884	0.5409121062555177	0.2223823553331864	-0.3319692665693382	0.2278446601098917	-0.1609335043865333	0.0952316904993672	0.1880511620218647	0.0846134928486812	0.0631369906663073	0.0672972466680453	0.2657198805527882	-0.1076511370195955	0.5715100803610551	0.167430009276901	0.3784398306654187	-0.1221160737569665	0.3041045231591559	0.2693957632617619	0.0544033991768283	0.1098863267315838
0.5107230381724603	0.5011719245055821	0.3210472754870899	0.6056575795418985	0.1528181106925969	0.2461795481425946	0.8057204186536595	0.2110590212059936	1.0	0.625862111170733	0.4247613792457308	0.5155905365314286	0.4600778004414106	0.608461014605461	0.309864063748992	0.648645124110907	0.5131533022971064	0.3046717308836446	0.5754865359843216	0.500284125318034	0.3123496907372785	0.5055892342231411	0.5056152182120439	0.8076151707551854	0.622689458125109	0.4246232015620466	0.2922453981546544	0.4813453508977741	0.5628227996935058	0.4342962800563664	0.0081510298383529	0.0540312947076026	0.430926581774245	0.5208690026399263	0.5401686420960632	0.5529616997766383	0.3216199234194408	0.7466525943018039	0.0067653030253834	0.3798360515161658	0.7126667613539209	0.2362458710986565	0.6765635255838178	0.6081137108957654	0.149374157309124	0.5201338692239048	0.5371780560627227	0.5698905263073965	0.3548366555437738	0.5185077304975573	0.3133495644155346	0.2470924113578862	0.4294890406732541	0.5884490851995822	0.50763957003974	0.5458857713991054	0.3759716902668287	0.8136014974534106	0.5043469263934507	0.5394543288326772	0.398712703687644	0.5277483806640709	0.4461593729799817	0.4936904444985124	0.3215839666534816	0.1782710279885893	0.0288042731285068	0.4920834686520868
0.6777229159884733	0.4010269521947411	0.3711017965276755	0.7914231385173907	0.0014008251309997	0.1613881052951012	0.7098397384757871	0.0945452197124074	0.625862111170733	1.0000000000000002	0.2643568645291452	0.7821965967585642	0.4560611227339901	0.624355818764892	0.1828439845772498	0.7800946951919642	0.4879821755308034	0.4763640242748309	0.5700312112009395	0.7276621599941301	0.4990056047217875	0.4671837396815975	0.7285052052393213	0.6984953644981393	0.5859449256502035	0.5367555776043932	0.3406659499272124	0.6956197578027774	0.6261018618686801	0.4871897086867485	0.1638773639703406	0.0438951530018078	0.5389473823159943	0.5976419100949181	0.4586549089901293	0.3466838218245839	0.4672102054811275	0.8458945381637273	-0.1805809264237835	0.2952981963892601	0.6429985761784777	0.0474500425935123	0.5708642946884056	0.916722295982518	0.0766880813846223	0.8338748730605958	0.4705761147723391	0.47456045368168	0.1940287118481766	0.709177395363016	0.4643338188464393	0.4048222215395805	0.5674009781668963	0.8269776295077433	0.7445730548848167	0.594690069416402	0.5937753501410493	0.7821403203558459	0.4821398777449949	0.6389111358551246	0.450115315397425	0.7112072599877043	0.4248488429505918	0.5154656850731653	0.1906521674532149	0.13774728886417	0.1563817206987156	0.4746494252239764
0.2417825234863579	0.3208597014314766	0.1118928877482422	0.2279722378951593	0.5131047867721965	0.6148831088666109	0.2513823741483431	0.6531602725696221	0.4247613792457308	0.2643568645291452	1.0	0.2230883416132271	0.6105488870046931	0.5382190099311045	0.6026498689038737	0.3876552466584292	0.157035412517177	0.3016589780948693	0.3246352885836064	0.0172609156432108	0.2995426735428265	0.153521876602948	0.2017128478860516	0.2636953978901942	0.3706372059211855	0.2026592015418593	0.3842385821971477	0.3122973865210499	0.3477066000088419	0.045318777509218	-0.3104163126340923	0.2936779544489751	0.2481030091956563	0.3543253741826621	0.3243236043175677	0.4330648880131491	0.2506363250237144	0.2701568269670528	0.5439443201790787	0.7054844817190683	0.220376764399161	0.6998343211818757	0.2038452266103462	0.3432980517735121	0.6372405847528128	0.3716561486256946	0.6929907956127783	0.7015074885165388	0.5854510650480751	0.2297557141369258	-0.1163236682952122	0.3845424654155554	0.2107962513000424	0.3024895506223907	0.2626691352148387	0.2034276457965208	0.1548023350965099	0.2676602868510853	0.3656763757087883	0.2192906853229682	0.5098780253593251	0.2206068173446069	0.5215616636053234	0.1263858657125415	0.3773518057982322	0.4192368206870894	0.2013759172950387	0.3497313197760714
0.637176955138002	0.5543644295783628	0.4879787259234249	0.6867803826189609	0.0966276154222487	0.2369294123983298	0.6273076996934012	0.1783440697066509	0.5155905365314286	0.7821965967585642	0.2230883416132271	1.0000000000000002	0.5188198568240474	0.6510240614444256	0.1850042413992742	0.7470344763597246	0.4612378137480967	0.5394091646247635	0.5763142833331258	0.8010502645661038	0.6474232072682294	0.5461984587528463	0.7881536886759459	0.5969332188396329	0.6570059923870639	0.5672037015507214	0.5412254685624398	0.682573393338226	0.7345570192982095	0.5393246270385885	0.1565869240272865	0.1988565063897776	0.6027207866746852	0.6717460808927816	0.539756444809192	0.4372802111239788	0.6145794295134197	0.7350748948856729	-0.1095490854516682	0.3330878971630668	0.6068554263375153	0.1379183786447037	0.5161356955464992	0.7690066690612682	0.2139945932124107	0.8207140713724401	0.5826745607743374	0.4933363746703756	0.2138594608393568	0.7602060355074514	0.5308536770564766	0.4745977150766848	0.594028481283003	0.7655249916124978	0.8334816779861518	0.6966560600353278	0.7384155410305492	0.6582300014975088	0.5081530442338922	0.616009954635914	0.6076510038481457	0.6538720053089676	0.5786968527610613	0.5600241978312358	0.1457576031494832	0.1198312895370141	0.2202417120347027	0.5987614733477855
0.4522922420557962	0.406580182207288	0.429554338575111	0.4377103175164266	0.2996219034335972	0.3451353657488173	0.380215047181327	0.488269523121815	0.4600778004414106	0.4560611227339901	0.6105488870046931	0.5188198568240474	1.0	0.6400769022611104	0.2373886901114204	0.5423388512324753	0.1216339088029474	0.4437004453470226	0.2913551583985319	0.4721507348095937	0.5939212230269122	0.4637055802027711	0.5091235247510656	0.4790214988402601	0.6506775167839713	0.4844967545493733	0.6534136624390718	0.5661857242234044	0.470695171126511	0.2991946467873456	-0.027739919850713	0.3137795949954746	0.2698217362604098	0.411876735676751	0.2834994733938336	0.3310645888082789	0.6064499322279532	0.4331818450405824	0.2089700035467199	0.4351554795409661	0.4126741282938337	0.440771525348463	0.3984613503659112	0.4869061272709123	0.4624608040788875	0.5091964779254129	0.8405333950933133	0.5397679655121234	0.2889040202628013	0.5258112673263069	0.1032482142152144	0.4087776694034891	0.3513611653169113	0.3748263702388634	0.5471796105027842	0.5100809944643065	0.4724081246098705	0.4625511865562817	0.6368004365152881	0.360417961183876	0.7222626008838603	0.4731737302537775	0.4403376671492495	0.2531018962303978	0.3687062662994307	0.2308324006542892	0.2389863933836928	0.2976781590717782
0.5799026203552657	0.4983592164660242	0.3515129497131035	0.6333233593102144	0.3989726092671801	0.5177937837572598	0.5281480276127356	0.552232868098776	0.608461014605461	0.624355818764892	0.5382190099311045	0.6510240614444256	0.6400769022611104	1.0	0.4116755138314263	0.5919912718018353	0.2307064529211234	0.3709818412709649	0.4481983556657354	0.5806705525477156	0.4456898446420044	0.3738072903257494	0.5380662881927255	0.5898196768140057	0.7597099047007326	0.532505384723613	0.5378318902490417	0.5373266539713831	0.6975834855601492	0.2763913090147165	0.1636643932374685	0.4921643021239452	0.5380753564691672	0.6284437295054884	0.4898595988211015	0.5746370584246361	0.4110758702636768	0.6406633915399386	0.2221003256825086	0.5515743900765848	0.4814487888907789	0.4780291713386263	0.5325518445659642	0.6037285419820769	0.5275609528787607	0.6153271322692294	0.7150339515453039	0.6381723288918163	0.421703292443588	0.5268728100224513	0.1381909404527427	0.3890973715802149	0.2963039094679409	0.5288479357671904	0.5435512390373902	0.4661553278410639	0.3586911928671028	0.5869666455895469	0.5856362318588573	0.3291542026864656	0.5442709933152938	0.4422569793391288	0.561484784400697	0.2808163635964125	0.2610158227351197	0.2341411337263137	0.1906813300647979	0.4995585396090348
0.110010828998079	0.1593718639173718	-0.179528392605253	0.115625783968465	0.5749376570479491	0.6266845178804605	0.1700755590911814	0.520823827868195	0.309864063748992	0.1828439845772498	0.6026498689038737	0.1850042413992742	0.2373886901114204	0.4116755138314263	1.0	0.274621635412069	0.1660641167379031	0.2633792979909948	0.3457633710273314	-0.0393236321745476	0.0452841258995177	-0.1398469828187118	0.044040148877704	0.0730093584895196	0.1214505083870363	-0.0737635163304887	0.1074787484371468	0.0924733915137336	0.3256153339547537	-0.1406212428329753	-0.3271880362779196	0.4103108005164941	0.214105912431532	0.2488332216536145	0.2416750531995888	0.2624628741119052	-0.0475531766671435	0.1932279157412635	0.5512445239496896	0.6926780142331773	0.0467433572262033	0.5788325243806943	0.0388774081743712	0.2990193088042185	0.4375850511620515	0.3793248696156593	0.4650979889789903	0.6366816093973707	0.646920736257342	0.0787283052919254	-0.0205365913669258	0.3225301846135364	0.1942898344973442	0.3010032493880136	0.1102956910133739	-0.0383196535599947	0.0287205224150592	0.1420121444650784	0.0413068917170655	0.0552940027290515	0.2061586568267184	0.0286564324726522	0.5732948291398767	0.0457061299476495	0.3347938200800857	0.5270867419190916	0.1320748967719843	0.4123717855999922
0.6389311870005299	0.5448986606299507	0.5230123405302777	0.6983275893665393	0.1793267606809721	0.2980511302841968	0.7339703232078615	0.2869542730931647	0.648645124110907	0.7800946951919642	0.3876552466584292	0.7470344763597246	0.5423388512324753	0.5919912718018353	0.274621635412069	1.0	0.4973473010244635	0.4816580326989867	0.5606134655471658	0.6055175212515059	0.70753856717225	0.5694411081742481	0.8140786414701503	0.7493349276499378	0.559475286849518	0.5246772896998664	0.5503482622532286	0.8189396042623044	0.6487675146844563	0.563228379425836	0.0270225331269775	0.1431755978460765	0.4723993804231957	0.6296517815767466	0.5097054980615072	0.4514402233626234	0.5572802572713145	0.7346767835024394	-0.0149376346255502	0.4306475380811867	0.686107872028275	0.2265135692508089	0.5603907149826604	0.7627606120398787	0.2226742649705555	0.7795134985410657	0.579174840695977	0.553769210097223	0.3086335083027869	0.8636832992782031	0.4549880931182246	0.4098799522815592	0.587002670242149	0.7226992105079001	0.8344022468535497	0.6806662119674536	0.708276416607061	0.8022288929998068	0.4441356550972699	0.6456375274210397	0.6601170407412299	0.8121048547565213	0.5411031196363547	0.5945395039037759	0.1750934104343276	0.1396276904199736	0.1554758581408317	0.5290672107916039
0.5740095474561411	0.4379595284456497	0.2033138897730895	0.3564963588833179	-0.090552700672132	0.0225566309338935	0.7217166362079758	-0.1590893579070615	0.5131533022971064	0.4879821755308034	0.157035412517177	0.4612378137480967	0.1216339088029474	0.2307064529211234	0.1660641167379031	0.4973473010244635	1.0	0.5850800306633182	0.8391323892640095	0.3654280668786088	0.2563383969918394	0.3531164260796888	0.4835579762564051	0.451302142212371	0.261842765112142	0.2604326829622178	0.0616382744123658	0.2833046884180638	0.5411987599194065	0.4900922911112846	-0.113209698915209	-0.0949873610897128	0.4447296128083227	0.6251056440567608	0.4922578555254174	0.351976807716962	0.2175805430214594	0.5242247137757057	-0.1693671729053377	0.1613920539302175	0.5823195858350452	-0.1140825538147047	0.3417107042084029	0.5533331427016893	-0.1478801857159289	0.4510029645550422	0.2030542416450158	0.342209491208914	0.1959634409889087	0.4382876653955562	0.6410026846765463	0.3245134945548624	0.7708952497194986	0.582323971269932	0.4898553250258726	0.4787392160024886	0.5212130617386451	0.5295700175577361	0.2404637734304138	0.6872216226965125	0.1951944537581913	0.4186740330538938	0.4711633494577866	0.5642163726487642	0.1794087466931787	0.2613579329363564	0.0353690031041875	0.6019889854520174
0.4818362298677904	0.3572196216672459	0.1707426778045209	0.2776587938124035	0.009389049735468	0.1157700325592457	0.4681015621030275	0.0392636079429465	0.3046717308836446	0.4763640242748309	0.3016589780948693	0.5394091646247635	0.4437004453470226	0.3709818412709649	0.2633792979909948	0.4816580326989867	0.5850800306633182	1.0000000000000002	0.6549184430168714	0.3739237368216881	0.351878508891729	0.2056831012874423	0.4024762222303477	0.2811210009368537	0.311304943873667	0.2545876084396578	0.2181086409595026	0.3360566019771649	0.5055438122231897	0.2826391823008581	-0.1727851569050282	0.0570188296464544	0.4011753128369818	0.5975999320175065	0.3119047434793552	0.1378995438441215	0.3574596131102316	0.3482974407577908	-0.0322634147305586	0.2852651141350869	0.3957586726712523	0.0396228014076094	0.2657554811890308	0.6100280425904109	0.0463872370409622	0.5947050119775632	0.4485195893063571	0.4184940734189111	0.2289424683302747	0.4348906771784978	0.495754828207855	0.5378556166990561	0.6881669515852314	0.5046692318702273	0.5128874966180526	0.3722054335035215	0.5201390268898161	0.3630105818934399	0.2589221919370909	0.5197698237467195	0.3571438910008371	0.3487675349408876	0.5487840668230913	0.3652692920949003	0.1915927182750386	0.3790860856495272	0.2753272428591487	0.5199873167209319
0.6800715952713084	0.4526515058425738	0.1497963394703452	0.3844549252191868	0.0322100298627458	0.1588853279254994	0.7194490368873493	-0.0345133719296302	0.5754865359843216	0.5700312112009395	0.3246352885836064	0.5763142833331258	0.2913551583985319	0.4481983556657354	0.3457633710273314	0.5606134655471658	0.8391323892640095	0.6549184430168714	1.0	0.4418951191329608	0.2522545700290647	0.3055958253357393	0.4889620250544275	0.4650481133261656	0.3919853504293654	0.2619294198109048	0.1034734945737317	0.3023178500275033	0.6607243586212879	0.4232052144103835	-0.1328555486955122	0.0086065887045313	0.5634803698928733	0.7283490392066314	0.544572719794551	0.4218834078621536	0.2345723824998995	0.5816311581337614	-0.0602484296503982	0.3151929548214119	0.562604263852149	0.0280429845169167	0.3745296159025972	0.6711277134156248	0.0045081016035118	0.5928982044900292	0.3937265590596686	0.5144280793871666	0.3754274266238017	0.4582171490429821	0.6295722591160765	0.4401515748896797	0.8429786262600284	0.6685038004401653	0.5235997807098121	0.4806648061275106	0.5361090074592265	0.5503402014235318	0.3363478550201554	0.6532248750962918	0.2451145503240428	0.374721122421998	0.6424361669598128	0.5552852688659039	0.2307322148602444	0.3812290396446553	0.2061135878632648	0.7618064258224256
0.6442122305870875	0.4274475651390869	0.5224189936166991	0.6949224852345991	-0.1150179142561322	0.0005233384847942	0.6236117785960497	-0.0285609784899387	0.500284125318034	0.7276621599941301	0.0172609156432108	0.8010502645661038	0.4721507348095937	0.5806705525477156	-0.0393236321745476	0.6055175212515059	0.3654280668786088	0.3739237368216881	0.4418951191329608	1.0	0.5188865368939054	0.5577144985441947	0.7385156369447446	0.6769486956701307	0.6771536244330866	0.6162509336710483	0.4340330201352595	0.6088817125862704	0.5765564890610926	0.5362833958152904	0.3302950495850034	0.0689046166654648	0.5331953861472268	0.5929335367297873	0.4689562053634789	0.3190095074498948	0.5839759643550506	0.7222841292407086	-0.3209177481488364	0.0606054221834114	0.623946164286276	-0.0958473800494495	0.5622128965316042	0.6605717740104143	0.021815002383176	0.643707358134797	0.4489266477363775	0.2342419386872451	-0.046288581961285	0.6769179263180876	0.4897037217197813	0.2699192787489207	0.4537854330299427	0.644608825497127	0.706770366010304	0.6529095314910551	0.6249501499156637	0.6829908668151263	0.596692065695593	0.5552209612622404	0.4621352477168032	0.6012631652918078	0.3184272695777957	0.4959585539734829	0.0579245642425053	-0.0961931705832444	0.2278869452041119	0.4241773635469142
0.42821458246091	0.5890996848833799	0.7210228570546683	0.5559194196800514	0.2036979997889403	0.2539529283099501	0.425755092756415	0.421032625303964	0.3123496907372785	0.4990056047217875	0.2995426735428265	0.6474232072682294	0.5939212230269122	0.4456898446420044	0.0452841258995177	0.70753856717225	0.2563383969918394	0.351878508891729	0.2522545700290647	0.5188865368939054	0.9999999999999998	0.6959586063666449	0.8011407950539383	0.490238370093077	0.5096522499334705	0.6307708194534304	0.8595125052853336	0.837535331627624	0.5041493969974965	0.6203695969145995	0.1411520461288611	0.307240954800441	0.3419445818547629	0.5124499426110719	0.3156872121986337	0.3582863275825934	0.7479559425254431	0.4713222358598503	0.0370770927802288	0.2762455371780969	0.5187542500526039	0.2871430134732458	0.3759064240333513	0.4446204725418818	0.3773402575181601	0.5195490112702679	0.5690726189007596	0.3036793867513703	0.112146662806841	0.7814530747268379	0.3293126308346774	0.3364410354339072	0.3719075091814571	0.4081469315026478	0.8316832769050435	0.7242192775814265	0.7737761008130647	0.4822125714063347	0.4625669901940754	0.5067603365312261	0.8559806052059987	0.7820241117621116	0.3561249118415395	0.5045458986591934	0.0785223139893989	-0.0354718716359942	0.1069099527255336	0.313784204222877
0.5065453708235402	0.6323842381474605	0.8123290015573366	0.6089731757566051	-0.0972551986527024	-0.0691571262795176	0.6274897119444095	0.0789402423557132	0.5055892342231411	0.4671837396815975	0.153521876602948	0.5461984587528463	0.4637055802027711	0.3738072903257494	-0.1398469828187118	0.5694411081742481	0.3531164260796888	0.2056831012874423	0.3055958253357393	0.5577144985441947	0.6959586063666449	1.0	0.7618133301572343	0.6932935473973002	0.5839118075493266	0.7399377046106931	0.6259261319557511	0.7181711627825648	0.5023738010474884	0.8513619886242807	0.3517917484638863	0.0259806869872212	0.3362316688879372	0.4995685802817464	0.3133131188929934	0.5429535346961529	0.7252551920313872	0.5683455658762598	-0.2896443108420113	-0.0037546292660271	0.7528638506669643	-0.0172537608125047	0.5405819704745478	0.3724775614340373	0.1164506638882874	0.329101754802527	0.373340996238421	0.1264673027183094	-0.0399010513457789	0.6466517332434064	0.4591747811346745	0.2392094808625007	0.3742323774290376	0.3340252694915293	0.6882503497459265	0.8763503791608399	0.7022113720727977	0.6716129965440294	0.5641275170127513	0.6492270580679298	0.6316532021197593	0.7955156155834695	0.1998607443285363	0.7418217228188249	0.0885243184075656	-0.2374430919005776	0.0926185452575139	0.3154548336752535
0.7044110865447492	0.6234313002690953	0.7669982350709563	0.7487863852242995	-0.020594845901945	0.0974225247799992	0.7072782735884391	0.1486804844575904	0.5056152182120439	0.7285052052393213	0.2017128478860516	0.7881536886759459	0.5091235247510656	0.5380662881927255	0.044040148877704	0.8140786414701503	0.4835579762564051	0.4024762222303477	0.4889620250544275	0.7385156369447446	0.8011407950539383	0.7618133301572343	1.0000000000000002	0.7311886246435618	0.6227857083378151	0.7389640229312567	0.6725003234151452	0.8634422572144951	0.6836657463568473	0.7795350663247919	0.2922720623331815	0.1459602186339084	0.4874104587408612	0.6739822256467123	0.4424210395769431	0.4916925937468218	0.7692803980539508	0.6891710811614533	-0.2318172943601582	0.1859022834094356	0.7368200120553444	0.0484786192638719	0.5353975921981203	0.6568118678693088	0.1548322073352812	0.6676003973558398	0.4849489530033965	0.2912948466889487	0.1184491828859454	0.8419873117717663	0.5528555147325217	0.363418328144677	0.5699232969164312	0.6166116109744737	0.8907469111851416	0.8297037136210804	0.8568251436422486	0.7365645367989545	0.5333313849282448	0.7205852840207062	0.7094874816367319	0.8608736601838639	0.4127516121361561	0.6994135544512425	0.0266055603683806	-0.0599273342234048	0.1611511993684944	0.4828341616979448
0.6249891688076145	0.5565891052488879	0.6675399109685569	0.7602988369524655	-0.0470451415815429	0.0695655608499412	0.8389165252238419	0.0895988967441997	0.8076151707551854	0.6984953644981393	0.2636953978901942	0.5969332188396329	0.4790214988402601	0.5898196768140057	0.0730093584895196	0.7493349276499378	0.451302142212371	0.2811210009368537	0.4650481133261656	0.6769486956701307	0.490238370093077	0.6932935473973002	0.7311886246435618	1.0	0.666114245114795	0.656601741823513	0.4482425936261342	0.7481115298323997	0.5385442396160297	0.6715584864066002	0.240543994792781	0.0288821509470952	0.3767208835768101	0.5519465885270018	0.461902098159976	0.5416617827489907	0.5776837588972219	0.7765027222228132	-0.2365477105520668	0.1967361129140096	0.8653649652283417	0.0596264153941583	0.7553638043785834	0.6264603436476285	0.0675852322388879	0.5263839202110289	0.4671679364577622	0.3307735769475467	0.1280605022691633	0.6957428247204811	0.417998458187533	0.2450199251857481	0.4355075600543568	0.55545057252798	0.6665160411385245	0.7365684275809677	0.5725771275218497	0.9378673596010636	0.565646030497998	0.6468112357109826	0.536300566760812	0.7901813768250913	0.2841939262311158	0.6443367904903593	0.1159148957271614	-0.057730761625626	0.0556668942326569	0.4067529364029416
0.5785212533871978	0.5745649386733898	0.5446587182170879	0.6847681126490825	0.1085625747039518	0.2223270145759681	0.563967731926207	0.3544188333864422	0.622689458125109	0.5859449256502035	0.3706372059211855	0.6570059923870639	0.6506775167839713	0.7597099047007326	0.1214505083870363	0.559475286849518	0.261842765112142	0.311304943873667	0.3919853504293654	0.6771536244330866	0.5096522499334705	0.5839118075493266	0.6227857083378151	0.666114245114795	1.0	0.7403953458287208	0.6546025596551793	0.5973332732219983	0.6217437482028891	0.4304154675878353	0.3396090315693088	0.2695727283665608	0.5396221831662531	0.609356104123285	0.4209987775965702	0.6290681095385583	0.5372575567435992	0.6554493349039701	-0.0211535492996985	0.2991996654476455	0.5607248704454683	0.2633055058083117	0.6430170557705014	0.5080352299663408	0.400293131140035	0.5373270381108055	0.6427367822296259	0.4088323820438059	0.1602539400185444	0.6287992552683408	0.2243964430130625	0.3665311891717152	0.2706792264572758	0.5162492386628438	0.5590853005905421	0.6319882288105733	0.473741610729743	0.6262197149428287	0.8062562881920756	0.4419169231935053	0.6265615401938756	0.5228527353930834	0.3659082950621584	0.3366927155475727	0.2160483288493787	-0.0728450582735502	0.2611593618340243	0.3990379623467168
0.5385285229397032	0.6089932328789555	0.7790166255536833	0.7125146921188283	-0.1420332229827383	-0.0505105476547854	0.5456562503269468	0.2146865442424559	0.4246232015620466	0.5367555776043932	0.2026592015418593	0.5672037015507214	0.4844967545493733	0.532505384723613	-0.0737635163304887	0.5246772896998664	0.2604326829622178	0.2545876084396578	0.2619294198109048	0.6162509336710483	0.6307708194534304	0.7399377046106931	0.7389640229312567	0.656601741823513	0.7403953458287208	1.0	0.7112459591443157	0.7443417061507516	0.4883662234359106	0.6993686160101199	0.6158030556102638	0.1035266690249765	0.3423843635937851	0.5447099940770534	0.2139368003304719	0.537296559810504	0.7403108852106618	0.5843742670802315	-0.3016629994624268	0.0034182893720295	0.6458916061722424	0.0524082457424926	0.5925052241509111	0.3848892662852697	0.240226981917098	0.3676626488417462	0.3916134960329252	0.0780640953716675	-0.0911999873631489	0.6174458802560101	0.3869249817700039	0.4045667473401964	0.2596614206800052	0.3461117713706875	0.6021447541587502	0.7033914164306732	0.6055726381075047	0.5842452612363614	0.6816141931146904	0.6601770822092236	0.6757730644589299	0.7344220263029896	0.0964093066729229	0.5226116709634517	0.1356481232632132	-0.3483490432648692	0.1914537386254414	0.218874998960441
0.3239992304484417	0.5780919910521096	0.7349334127306283	0.5268643350821081	0.3073976387717186	0.3493126573830226	0.3036739337222512	0.6138300305089992	0.2922453981546544	0.3406659499272124	0.3842385821971477	0.5412254685624398	0.6534136624390718	0.5378318902490417	0.1074787484371468	0.5503482622532286	0.0616382744123658	0.2181086409595026	0.1034734945737317	0.4340330201352595	0.8595125052853336	0.6259261319557511	0.6725003234151452	0.4482425936261342	0.6546025596551793	0.7112459591443157	1.0000000000000002	0.7704945773390036	0.4323997862929162	0.4629084297104582	0.2405584297980041	0.4873719708393813	0.2396132524903182	0.430287266523414	0.2244949186461352	0.4688193028901006	0.7259958842040525	0.3874675125466372	0.1776249179320171	0.3441538086839273	0.4145305209211272	0.4657104856624438	0.3824315816979891	0.2662376069925386	0.5906144034539611	0.3664380445434033	0.6266545507004188	0.2965980924111627	0.1485089975370106	0.6713158935765388	0.1454634000351819	0.3271787425958793	0.1553879853013466	0.2588168570228066	0.6558285995109074	0.6437206881008847	0.6314476054274437	0.3746541207117227	0.5548272867992864	0.3591484428696319	0.9304060126724728	0.6444241980246124	0.2817694333639274	0.3165200245519639	0.1278262590221259	-0.0996109296872553	0.0956456555230097	0.1985772532171594
0.5416281945443658	0.588936216716877	0.7801574278290223	0.7706117674738638	0.0533534361430536	0.1876648035177122	0.6192181309544366	0.3196237664505331	0.4813453508977741	0.6956197578027774	0.3122973865210499	0.682573393338226	0.5661857242234044	0.5373266539713831	0.0924733915137336	0.8189396042623044	0.2833046884180638	0.3360566019771649	0.3023178500275033	0.6088817125862704	0.837535331627624	0.7181711627825648	0.8634422572144951	0.7481115298323997	0.5973332732219983	0.7443417061507516	0.7704945773390036	1.0	0.5392874799260894	0.7030538049573156	0.2582233926185469	0.1959553813121868	0.3151686677181508	0.5415449269110134	0.3204487221502426	0.4425066425755799	0.7760409730917691	0.6500809450810656	-0.1185212530174684	0.2548749989306887	0.7131144313919162	0.2044899918433496	0.5627028324366119	0.6128363433481138	0.2866731488768808	0.6332495722337601	0.5424678227414093	0.3184571851738923	0.1443466195898366	0.8100339116391775	0.3866490205113237	0.3747134145385454	0.4167931368929957	0.5091512934831427	0.86105996305322	0.7701424286192442	0.7825275719834827	0.729791409868336	0.5069956889992524	0.6281957385580448	0.8243562450864469	0.9270983463063006	0.3248896778599699	0.6221576843739381	0.0590361749602678	-0.0652971551481198	0.106922209436674	0.3085314264710036
0.6334176427121738	0.6679193822531339	0.3501883370708633	0.5903324019905761	0.2396978846306009	0.338228542534853	0.6467952121323599	0.256976257729941	0.5628227996935058	0.6261018618686801	0.3477066000088419	0.7345570192982095	0.470695171126511	0.6975834855601492	0.3256153339547537	0.6487675146844563	0.5411987599194065	0.5055438122231897	0.6607243586212879	0.5765564890610926	0.5041493969974965	0.5023738010474884	0.6836657463568473	0.5385442396160297	0.6217437482028891	0.4883662234359106	0.4323997862929162	0.5392874799260894	1.0	0.542458251766718	0.0899953361130173	0.3094185726132386	0.5773391547248414	0.7833224124976456	0.5498703720855428	0.5388764217784542	0.4283469399073776	0.6250503768269066	0.0368185875503583	0.4619390354828778	0.5466047357555723	0.2250558461188133	0.3975665945538996	0.6575360551210334	0.258256892109481	0.6690498678762521	0.5468033227411353	0.5747298255552122	0.4580576500324207	0.6021896446850643	0.4680562503126589	0.4403823971106677	0.6069210587916768	0.5607477618361717	0.6771338708176028	0.6085795680687133	0.6258576523285162	0.5975387340410426	0.3985570201695672	0.5595295934034943	0.4825016383630416	0.5296469018471321	0.7487820751184362	0.5593721136470072	0.1700096511055216	0.2987112032857916	0.1858070107058884	0.664281435589254
0.5342662490175315	0.6198885521697871	0.7693683963230113	0.5350730336404717	-0.2475743065599067	-0.199741521975003	0.6841643262853928	-0.1147973462056251	0.4342962800563664	0.4871897086867485	0.045318777509218	0.5393246270385885	0.2991946467873456	0.2763913090147165	-0.1406212428329753	0.563228379425836	0.4900922911112846	0.2826391823008581	0.4232052144103835	0.5362833958152904	0.6203695969145995	0.8513619886242807	0.7795350663247919	0.6715584864066002	0.4304154675878353	0.6993686160101199	0.4629084297104582	0.7030538049573156	0.542458251766718	1.0	0.3961588063819688	-0.1068874848853465	0.3194374095962193	0.5551772560513296	0.2742060344177733	0.4418534808990098	0.6772114897282098	0.5162832186493794	-0.446801553632432	-0.1173905538998201	0.763076795427514	-0.2022610512805369	0.5056284208705235	0.4009644941153917	-0.0893545977047182	0.3630470191697954	0.2174879169625465	0.0160834081467781	-0.0769032145542778	0.5948989741759744	0.6062296762874827	0.2367629580258188	0.5142293862303476	0.3592666821044504	0.6847360571068065	0.8116757823324475	0.7345304499003026	0.6583580753698453	0.4127837029962262	0.7282627057252855	0.4885915111790803	0.7971046511338016	0.198276537429996	0.8297963812866314	-0.0010343558631352	-0.230331890875499	0.0498328557658966	0.370628023044029
0.1625837845162979	0.1857931039311283	0.4261920014589038	0.2935477976265592	-0.364812765660307	-0.4107728724197418	0.1408618009942842	-0.1155318829839413	0.0081510298383529	0.1638773639703406	-0.3104163126340923	0.1565869240272865	-0.027739919850713	0.1636643932374685	-0.3271880362779196	0.0270225331269775	-0.113209698915209	-0.1727851569050282	-0.1328555486955122	0.3302950495850034	0.1411520461288611	0.3517917484638863	0.2922720623331815	0.240543994792781	0.3396090315693088	0.6158030556102638	0.2405584297980041	0.2582233926185469	0.0899953361130173	0.3961588063819688	1.0000000000000002	-0.0834785892469604	0.1351524270675655	0.0902127629530072	-0.1477885054554269	0.1987611613114535	0.274905724034277	0.2019229634033137	-0.5079257509918093	-0.4134613762184952	0.2189922312726326	-0.3034181435566239	0.2940548727088292	-0.0666931318463855	-0.0883006912418622	-0.0654431736357489	-0.1538220660899956	-0.4012265318946719	-0.4161159314928855	0.191756581644744	0.1703829774712459	0.0704107553359964	-0.1662144329397793	-0.0129568976948715	0.0971922064679057	0.2342950962433408	0.1143352892666873	0.178300302871997	0.325532210962913	0.1633760665471642	0.0650565518150941	0.274072585710829	-0.3495912985901219	0.1472937099327395	0.0007151445728711	-0.6386404940386536	0.0236169181398165	-0.1628810765277663
