0.0	0.0	19.80664464993395	14.44	0.0	15.06434782608696	6.256506965837511	5.781598261091932	12.928163265306122	13.892784810126582	20.493333333333336	13.36	0.0	3.4058762326711447	16.42	0.0	19.712286158631414	25.56	25.69586206896552	12.841230769230773	12.973027272727274	21.880000000000003	16.35637474541752	12.179066666666667	0.0	23.452790346908	22.66933333333333	11.78488626023658	3.2542577678412643	3.9845127077539937	0.0	14.822545454545454	6.011267605633803	10.149562982005142	0.0	0.0	31.46666666666667	0.0	0.0	0.0	26.190000000000005	0.0	14.492558139534884	0.0	0.0	0.0	0.0	29.52	0.0	0.0	0.0	0.0	0.0	0.0	0.0	0.0	31.333333333333336	21.739259259259264	0.0	0.0	30.87428571428572	22.74823529411765	25.92	0.0	0.0	0.0	0.0	0.0
0.0	0.0	7.0437726420986895	0.0	0.0	0.0	0.0	0.0	10.744000000000002	0.0	7.850255639097744	0.0	7.684564615712157	23.26	0.0	4.74175925925926	8.394768392370572	13.88	10.6416	0.0	12.94775510204082	5.140278896993845	12.004308865586273	9.67561190168176	4.025578884771969	9.422122905027932	5.192709405466911	16.96	0.0	0.0	11.996	0.0	0.0	7.661851851851853	24.160000000000004	2.167483870967742	9.28498823529412	0.0	0.0	0.0	20.9	0.0	0.0	0.0	8.91	0.0	12.64	0.0	0.0	15.64	11.01666666666667	10.173333333333336	10.10193548387097	0.0	0.0	2.193309438470729	10.688932038834952	0.0	8.053333333333335	9.20761904761905	7.946202531645571	22.12	22.68	0.0	24.76	0.0	0.0	11.792941176470588
19.80664464993395	7.0437726420986895	0.0	23.80444444444445	0.0	24.025217391304352	17.144507328399364	22.504494027496055	12.96	20.53827010622155	11.231237322515211	30.434285714285718	19.880000000000003	21.566673394592875	25.04	12.364963503649635	6.009496067848883	12.047741935483872	10.297875136911284	0.0	7.557791841901107	8.295927889713681	6.833338090035452	10.912638036809817	0.0	5.463867372667676	6.282806193033855	14.248232445520582	20.93629146692234	15.621011514356509	15.348571428571429	31.677543859649127	21.812735426008967	6.791449826417589	30.665000000000003	9.314155251141552	16.340450983806374	0.0	0.0	0.0	28.617777777777786	33.68	13.07945945945946	0.0	26.648000000000003	0.0	28.585	34.15483870967742	0.0	16.001813602015112	18.015203366058905	25.72	19.50714285714286	0.0	22.009302325581395	11.073792394655705	16.79281407035176	17.97142857142857	16.240000000000002	17.10354694485842	15.261345208350123	26.912	32.540000000000006	24.296969696969697	0.0	0.0	0.0	16.95121951219512
14.44	0.0	23.80444444444445	0.0	19.96	10.92352610892757	6.346295425781956	14.960713810094555	10.757213213213214	2.9965473557640694	26.63703703703704	6.196415295011396	21.72	15.99436683006536	11.591919191919192	0.0	0.0	0.0	27.160000000000004	2.963459997834795	15.258064516129034	0.0	20.62	4.092675457252233	0.0	29.21777777777778	32.057142857142864	3.419760227721332	16.93267467563671	0.0	0.0	24.669411764705885	15.299755868544604	15.414780130293162	15.320000000000002	0.0	0.0	4.411206896551724	0.0	0.0	25.6475	31.93777777777778	13.997072243346008	29.911428571428576	42.84	3.96	0.0	32.480000000000004	0.0	0.0	0.0	0.0	0.0	23.92888888888889	0.0	0.0	0.0	20.83280575539569	0.0	0.0	0.0	25.740384615384613	30.12	0.0	0.0	0.0	0.0	28.1
0.0	0.0	0.0	19.96	0.0	2.499117774880487	19.936	2.829182389937107	9.274444444444445	21.64	0.0	9.921281618887017	0.0	4.92	3.2192777278695326	0.0	0.0	0.0	0.0	14.094545454545456	0.0	0.0	0.0	13.154651162790696	0.0	0.0	0.0	17.60952380952381	8.046153846153846	0.0	0.0	2.442027759575862	0.0	2.554490358126722	0.0	0.0	0.0	0.0	0.0	0.0	0.0	0.0	0.0	0.0	0.0	0.0	0.0	0.0	0.0	0.0	0.0	0.0	0.0	0.0	0.0	0.0	0.0	0.0	0.0	0.0	0.0	0.0	0.0	0.0	0.0	0.0	0.0	0.0
15.06434782608696	0.0	24.025217391304352	10.92352610892757	2.499117774880487	0.0	8.669511954992968	4.084393013159957	11.03870036101083	6.125399368880469	14.786072423398329	5.603964352917578	9.387027027027028	7.418021497312837	3.408210350494356	0.0	25.61272727272728	22.164444444444445	18.430088495575223	9.783751099736063	18.440137931034485	0.0	20.615714285714283	12.66427374301676	0.0	25.95371428571429	25.497634408602156	10.992004268184244	8.287542343587972	16.072000000000003	16.96	4.153742684793373	19.229662921348314	7.16350583642086	30.920000000000005	0.0	0.0	14.189090909090911	0.0	31.96	29.11851851851852	35.57333333333334	17.939880952380953	31.890000000000004	0.0	0.0	0.0	34.92	0.0	0.0	0.0	0.0	0.0	0.0	0.0	0.0	0.0	25.37025125628141	0.0	25.92	0.0	28.200357142857143	31.97000000000001	28.540000000000003	0.0	0.0	0.0	32.24
6.256506965837511	0.0	17.144507328399364	6.346295425781956	19.936	8.669511954992968	0.0	10.890299047900005	9.109790281329923	5.625563435776202	23.599823788546257	6.252630257376021	24.26461538461539	11.242232773376056	13.000595238095238	17.880000000000003	15.047292817679558	28.58	24.687741935483874	5.847344773790953	9.93650605060506	18.492	13.098654980079685	6.76759041491014	0.0	21.18999502734958	19.663400000000003	5.07057165094051	11.10673092605878	4.502224218717606	0.0	21.26727600721588	11.766834888438137	11.884817435146784	23.648000000000003	0.0	29.940000000000005	12.4936	0.0	24.68	21.93751978891821	26.76666666666667	11.332343211578223	26.675	38.406666666666666	0.0	0.0	27.67056603773585	0.0	22.49	0.0	0.0	0.0	28.56	20.92	0.0	25.646666666666665	18.27293289328933	0.0	44.6	28.596	20.67604409063074	26.293457943925237	20.97636363636364	0.0	37.48	25.128000000000004	24.689608938547487
5.781598261091932	0.0	22.504494027496055	14.960713810094555	2.829182389937107	4.084393013159957	10.890299047900005	0.0	15.735421686746989	13.012756045847036	13.985349794238685	11.528791264201187	7.960522875816994	4.895831761706645	5.679880952380953	26.32	22.50828811973808	24.629090909090912	22.07099715099715	13.428928368621726	16.566353767039423	25.02229508196721	19.26734154454733	14.736182655718006	24.28	26.017379134860057	24.845836909871245	14.31984975946078	8.559330020009037	12.834272233049544	25.640000000000004	4.2730663625997725	18.215333333333334	4.678383005971853	33.21333333333334	0.0	34.504615384615384	15.740952380952384	0.0	0.0	28.34492753623189	32.112	18.341162079510703	37.720000000000006	40.48	0.0	0.0	35.290000000000006	0.0	34.0	0.0	0.0	0.0	0.0	24.04	0.0	34.09777777777778	24.98066496163683	0.0	51.36	31.421000000000003	27.15238095238096	36.432	28.4	0.0	0.0	0.0	30.207272727272727
12.928163265306122	10.744000000000002	12.96	10.757213213213214	9.274444444444445	11.03870036101083	9.109790281329923	15.735421686746989	0.0	13.11447976878613	21.528	3.0386611489776043	8.89809885931559	13.71588424437299	3.0071729035782573	0.0	0.0	0.0	0.0	6.9184539473684215	8.941081081081082	2.376140350877193	14.94	3.625329201728452	15.056551724137927	18.92	12.482616822429907	7.913490038056862	11.209173296437218	7.86849411764706	0.0	24.04	11.438875	11.634132029339854	13.448888888888892	0.0	0.0	16.044048582995952	0.0	16.880000000000003	12.529820359281436	18.26736842105263	2.19970280477989	16.488436363636364	28.640000000000004	9.32	0.0	17.653333333333332	0.0	0.0	0.0	0.0	0.0	16.151428571428575	9.773333333333335	0.0	0.0	8.54137453383058	0.0	0.0	0.0	12.450955961331903	15.72981132075472	10.782222222222222	0.0	27.880000000000003	0.0	14.076521739130436
13.892784810126582	0.0	20.53827010622155	2.9965473557640694	21.64	6.125399368880469	5.625563435776202	13.012756045847036	13.11447976878613	0.0	24.33530434782609	3.614887119371487	27.27111111111112	15.683048587725931	12.27249569707401	0.0	19.10666666666667	28.690000000000005	26.263283582089556	3.6675489285621294	13.57498452012384	0.0	16.62896551724138	9.159039690222652	0.0	27.475357142857145	27.80967741935484	5.609122419928825	18.457168769716088	13.618666666666666	0.0	22.33650793650794	15.840887656033289	15.87116512010281	26.253333333333337	0.0	0.0	14.01846153846154	0.0	0.0	26.3471186440678	29.290000000000003	15.895207170640962	31.023333333333333	0.0	0.0	0.0	32.02	0.0	0.0	0.0	42.68	0.0	33.84	0.0	0.0	29.28	23.27231316725979	0.0	0.0	0.0	25.52128617363344	30.17	23.54	0.0	0.0	31.28	29.07
20.493333333333336	7.850255639097744	11.231237322515211	26.63703703703704	0.0	14.786072423398329	23.599823788546257	13.985349794238685	21.528	24.33530434782609	0.0	21.2385464333782	4.668306198322365	11.798018348623852	0.0	21.930434782608696	5.500619047619049	3.741435215946845	4.148954387836757	24.996721311475408	23.436521739130438	14.974448160535118	19.2025	23.90067415730337	3.3347176127397065	5.469303134599016	7.669702561496562	25.76514619883041	11.920266666666668	18.734117647058827	5.061197541331072	11.34	31.4	3.924637168141593	0.0	15.933333333333334	25.160000000000004	0.0	0.0	0.0	0.0	0.0	26.24	0.0	11.666285714285715	0.0	11.054547591069332	0.0	0.0	32.68	0.0	17.866666666666667	18.0	0.0	0.0	26.24	33.64	31.76	9.82507614213198	17.577590361445782	15.209072753209702	32.64	0.0	0.0	16.663529411764706	0.0	0.0	11.133333333333333
13.36	0.0	30.434285714285718	6.196415295011396	9.921281618887017	5.603964352917578	6.252630257376021	11.528791264201187	3.0386611489776043	3.614887119371487	21.2385464333782	0.0	21.190476190476197	13.206443190317538	3.783830833154517	0.0	0.0	27.31666666666667	22.706906474820144	2.92493454779187	14.672	0.0	35.040000000000006	3.5128255528255528	0.0	28.52192307692308	29.39880952380953	7.570590260252876	16.053801661063872	17.94	28.440000000000005	18.55713488372093	12.72	13.709671847256626	0.0	0.0	0.0	4.228837209302326	0.0	0.0	19.48	0.0	10.395574468085108	21.360000000000003	0.0	2.2992366412213743	0.0	0.0	0.0	0.0	0.0	0.0	0.0	0.0	0.0	0.0	0.0	21.218823529411768	0.0	35.4	35.84	24.756	0.0	0.0	0.0	0.0	0.0	27.32
0.0	7.684564615712157	19.880000000000003	21.72	0.0	9.387027027027028	24.26461538461539	7.960522875816994	8.89809885931559	27.27111111111112	4.668306198322365	21.190476190476197	0.0	7.169846153846154	14.76	19.505185185185187	16.831111111111113	6.849051131391424	9.181780303030305	19.752	22.996	15.431780415430268	24.712	19.2828	3.4992301827115875	4.425505498403689	5.51968329837351	21.63885714285714	10.838620689655173	15.094736842105265	3.260919626168225	9.146666666666668	17.44	9.451857951621204	17.720000000000002	12.992	24.05846153846154	0.0	0.0	0.0	19.701666666666668	20.96	8.104942528735632	0.0	11.75951845906902	0.0	12.92940380734195	24.76	0.0	33.42	25.8	19.435	21.06	0.0	0.0	22.56	30.840000000000003	15.8894623655914	11.641692883895132	15.938164852255056	15.205057526946836	17.653211009174314	24.942857142857143	18.04	15.82988416988417	0.0	0.0	7.209767441860466
3.4058762326711447	23.26	21.566673394592875	15.99436683006536	4.92	7.418021497312837	11.242232773376056	4.895831761706645	13.71588424437299	15.683048587725931	11.798018348623852	13.206443190317538	7.169846153846154	0.0	15.440579710144927	27.73	21.080428498554667	21.05777777777778	23.77246153846154	15.515734712182768	15.051826964178847	23.39306666666667	18.334624832338324	13.369165697835353	0.0	24.814426727410783	24.23525913338997	14.02639581340386	4.464574490889604	7.935081497597679	18.64	5.413689525981431	8.204	4.373104056730978	27.8	0.0	32.24	16.623333333333335	0.0	29.040000000000003	27.51458646616542	31.622857142857143	16.413774385072095	31.933333333333337	42.84	0.0	0.0	32.56	0.0	30.845714285714287	0.0	0.0	0.0	0.0	33.160000000000004	25.506666666666668	32.95368421052632	23.12796185935638	0.0	32.96	31.490967741935485	25.451226611226613	29.81684210526316	24.49090909090909	0.0	0.0	32.96	31.24533333333334
16.42	0.0	25.04	11.591919191919192	3.2192777278695326	3.408210350494356	13.000595238095238	5.679880952380953	3.0071729035782573	12.27249569707401	0.0	3.783830833154517	14.76	15.440579710144927	0.0	0.0	0.0	0.0	0.0	7.4893399889073775	0.0	0.0	0.0	6.2589752127266	0.0	0.0	0.0	11.55238464020652	14.497037037037035	13.445000000000002	0.0	6.748778280542988	16.910000000000004	14.416216216216217	0.0	0.0	0.0	0.0	0.0	0.0	0.0	0.0	9.6540350877193	22.2	0.0	0.0	0.0	0.0	0.0	0.0	0.0	0.0	0.0	0.0	0.0	0.0	0.0	17.860000000000003	0.0	0.0	0.0	21.845	0.0	0.0	0.0	0.0	0.0	24.8
0.0	4.74175925925926	12.364963503649635	0.0	0.0	0.0	17.880000000000003	26.32	0.0	0.0	21.930434782608696	0.0	19.505185185185187	27.73	0.0	0.0	15.793409961685825	23.152	19.07454545454545	0.0	4.151285429753332	4.15995990606564	4.290537934703106	3.5847760930577373	19.880000000000003	17.1832	4.54938785942492	4.925262154432794	36.040000000000006	12.339710144927537	20.014545454545456	0.0	0.0	10.276602426837972	23.45142857142857	18.68	20.15578947368421	0.0	0.0	0.0	25.04	26.352	9.913477873477875	0.0	0.0	0.0	33.720000000000006	28.154666666666667	0.0	15.617039030955588	21.78666666666667	0.0	0.0	0.0	19.088901408450702	7.275209439528024	15.991750690335303	16.310088495575222	29.0	26.380000000000003	16.417641791044776	19.07826086956522	22.255000000000003	20.26	0.0	0.0	0.0	20.24
19.712286158631414	8.394768392370572	6.009496067848883	0.0	0.0	25.61272727272728	15.047292817679558	22.50828811973808	0.0	19.10666666666667	5.500619047619049	0.0	16.831111111111113	21.080428498554667	0.0	15.793409961685825	0.0	4.77439205955335	3.030409916402422	0.0	8.812218390056616	11.790923482849603	5.379711416982513	15.87213559322034	0.0	4.671723381825848	10.360390113811116	13.815485092285847	15.456492082825823	10.150965626413388	13.844705882352944	30.233846153846155	20.090731707317072	3.921406639548616	0.0	10.67157894736842	17.73112224448898	0.0	0.0	0.0	0.0	0.0	14.348091603053437	0.0	33.6	0.0	32.92	0.0	0.0	22.043870967741935	19.24	0.0	20.706666666666667	0.0	22.9232	13.697674418604652	20.83871794871795	17.96	0.0	17.711529411764708	17.138542610127626	30.2	0.0	23.74909090909091	0.0	0.0	0.0	18.376
25.56	13.88	12.047741935483872	0.0	0.0	22.164444444444445	28.58	24.629090909090912	0.0	28.690000000000005	3.741435215946845	27.31666666666667	6.849051131391424	21.05777777777778	0.0	23.152	4.77439205955335	0.0	2.791171141492341	0.0	17.05	19.29714285714286	16.925714285714285	26.48	7.24	5.623732006397725	9.015260115606935	26.8	23.673333333333336	17.128888888888888	7.530861093651792	16.44	0.0	8.465893271461718	0.0	10.760000000000002	24.3	0.0	0.0	0.0	0.0	0.0	0.0	0.0	17.560000000000002	0.0	15.102857142857143	0.0	0.0	0.0	0.0	18.687272727272727	19.32	0.0	0.0	0.0	29.28	0.0	12.621818181818185	17.605567765567766	17.03923076923077	0.0	0.0	0.0	18.08	0.0	0.0	19.58
25.69586206896552	10.6416	10.297875136911284	27.160000000000004	0.0	18.430088495575223	24.687741935483874	22.07099715099715	0.0	26.263283582089556	4.148954387836757	22.706906474820144	9.181780303030305	23.77246153846154	0.0	19.07454545454545	3.030409916402422	2.791171141492341	0.0	26.247142857142855	15.88958742632613	15.828070175438596	14.96318352059925	22.58325581395349	7.150322580645161	6.657884757977046	9.046616680309963	22.907843137254908	20.48379367720466	17.724577656675752	9.204214487300096	11.35	25.186666666666667	4.2716123123039775	0.0	10.186875	20.49	0.0	0.0	0.0	32.08	29.68	18.105185185185185	0.0	17.044800000000002	0.0	21.6	35.760000000000005	0.0	27.695	0.0	18.04860759493671	18.011428571428574	39.52	28.85333333333333	14.946666666666667	26.153333333333336	31.360000000000003	13.988	16.870821122477192	15.707919670442845	24.96	0.0	0.0	0.0	0.0	0.0	20.58727272727273
12.841230769230773	0.0	0.0	2.963459997834795	14.094545454545456	9.783751099736063	5.847344773790953	13.428928368621726	6.9184539473684215	3.6675489285621294	24.996721311475408	2.92493454779187	19.752	15.515734712182768	7.4893399889073775	0.0	0.0	0.0	26.247142857142855	0.0	17.32	0.0	0.0	5.050841477949941	0.0	31.670000000000005	33.27285714285715	4.4671886294134	17.672094985158573	0.0	0.0	22.92311377245509	14.017837837837837	15.63464131713054	0.0	0.0	0.0	5.76561403508772	0.0	0.0	25.44	0.0	14.067180899908177	29.62	0.0	8.38	0.0	29.24	0.0	0.0	0.0	0.0	0.0	32.040000000000006	0.0	0.0	0.0	22.741904761904763	0.0	39.68	0.0	26.277	32.32000000000001	0.0	0.0	0.0	0.0	28.68
12.973027272727274	12.94775510204082	7.557791841901107	15.258064516129034	0.0	18.440137931034485	9.93650605060506	16.566353767039423	8.941081081081082	13.57498452012384	23.436521739130438	14.672	22.996	15.051826964178847	0.0	4.151285429753332	8.812218390056616	17.05	15.88958742632613	17.32	0.0	6.915464364888448	4.304656039717087	5.383073488783291	20.160000000000004	13.49575796178344	9.473334304442826	4.229976735848913	14.184431094119793	4.455562123346187	21.9	25.42031746031746	14.825176470588236	5.50614491122141	20.383703703703706	0.0	23.04266666666667	26.78	0.0	0.0	20.90012422360248	25.89904761904762	9.406012447350223	26.440000000000005	39.28	0.0	0.0	25.33512605042017	0.0	15.624074800877295	23.806666666666665	30.12	27.92	0.0	17.564789727126808	9.064565217391303	17.63781065700983	14.106859903381642	0.0	27.733333333333334	18.233768844221107	17.684735516372797	20.547042253521127	18.10984343090538	0.0	0.0	22.48	21.502608695652174
21.880000000000003	5.140278896993845	8.295927889713681	0.0	0.0	0.0	18.492	25.02229508196721	2.376140350877193	0.0	14.974448160535118	0.0	15.431780415430268	23.39306666666667	0.0	4.15995990606564	11.790923482849603	19.29714285714286	15.828070175438596	0.0	6.915464364888448	0.0	7.999447709524193	3.977696451474989	11.726713651788046	15.033984962406018	7.942574029653945	13.078333333333331	19.95555555555556	8.18008888888889	19.14333333333333	0.0	0.0	6.9076315789473695	0.0	0.0	11.766936416184972	0.0	0.0	0.0	24.41333333333333	0.0	2.349655172413793	0.0	0.0	0.0	24.4	0.0	0.0	8.397302920165435	12.211428571428572	0.0	14.68	0.0	10.76320272572402	2.2071103896103894	10.902639549978364	7.758571428571429	24.520000000000003	0.0	9.68214819850442	15.189333333333334	17.720000000000002	11.343428571428571	0.0	0.0	0.0	19.18
16.35637474541752	12.004308865586273	6.833338090035452	20.62	0.0	20.615714285714283	13.098654980079685	19.26734154454733	14.94	16.62896551724138	19.2025	35.040000000000006	24.712	18.334624832338324	0.0	4.290537934703106	5.379711416982513	16.925714285714285	14.96318352059925	0.0	4.304656039717087	7.999447709524193	0.0	4.993636681834092	19.455	11.6963272410792	9.736338087303356	7.958933316218472	15.86989061075661	8.747176491572283	20.79	28.25835294117648	17.808219178082194	8.063923217869297	0.0	11.7	18.59891223733004	0.0	0.0	0.0	29.44470588235294	33.88	11.740417457305504	35.68	25.28	0.0	31.72000000000001	30.413333333333338	0.0	16.583448826582675	20.380000000000003	27.880000000000003	21.28	0.0	19.20580732700136	10.63082148163872	18.3457405315125	17.903188405797103	0.0	27.676666666666662	17.614323851606372	23.395714285714284	30.4	19.70666666666667	0.0	0.0	0.0	23.31478260869565
12.179066666666667	9.67561190168176	10.912638036809817	4.092675457252233	13.154651162790696	12.66427374301676	6.76759041491014	14.736182655718006	3.625329201728452	9.159039690222652	23.90067415730337	3.5128255528255528	19.2828	13.369165697835353	6.2589752127266	3.5847760930577373	15.87213559322034	26.48	22.58325581395349	5.050841477949941	5.383073488783291	3.977696451474989	4.993636681834092	0.0	15.172081218274112	18.5988717948718	9.371114336283188	4.024843592570202	10.130098111192686	6.646376041187058	22.6541935483871	23.698064516129037	10.65072126321424	7.601022310867852	17.902109090909093	20.110000000000003	22.19454545454545	22.854328358208956	0.0	22.8096	17.10253429131287	21.620754039497307	7.297426920010631	24.112098765432098	32.741052631578945	12.786666666666669	35.08	20.635240174672493	0.0	11.082642642642645	25.32	33.720000000000006	0.0	24.616	13.20681407035176	5.848682170542636	13.77467680608365	12.204757194244603	29.68	32.756	24.78214876033058	15.211433581762387	19.322397260273974	13.460277040966696	0.0	33.68	19.332500000000003	20.162867052023124
0.0	4.025578884771969	0.0	0.0	0.0	0.0	0.0	24.28	15.056551724137927	0.0	3.3347176127397065	0.0	3.4992301827115875	0.0	0.0	19.880000000000003	0.0	7.24	7.150322580645161	0.0	20.160000000000004	11.726713651788046	19.455	15.172081218274112	0.0	7.270769230769231	4.90460810215764	26.92	0.0	0.0	7.83671794871795	0.0	0.0	8.6925	0.0	4.132513966480447	14.56	0.0	0.0	0.0	0.0	25.24	0.0	34.68	9.72926315789474	36.760000000000005	9.981444330048538	0.0	0.0	26.840000000000003	31.320000000000004	13.01709090909091	12.438620689655172	0.0	0.0	0.0	0.0	0.0	5.895598086124402	12.147015590200445	10.578210282867818	0.0	20.84	0.0	12.68413145539906	0.0	0.0	14.890588235294118
23.452790346908	9.422122905027932	5.463867372667676	29.21777777777778	0.0	25.95371428571429	21.18999502734958	26.017379134860057	18.92	27.475357142857145	5.469303134599016	28.52192307692308	4.425505498403689	24.814426727410783	0.0	17.1832	4.671723381825848	5.623732006397725	6.657884757977046	31.670000000000005	13.49575796178344	15.033984962406018	11.6963272410792	18.5988717948718	7.270769230769231	0.0	6.095105955163274	19.27168562564633	20.879151943462897	17.223223140495868	4.074697013627139	31.123243243243245	23.862	7.948781760354501	29.160000000000004	9.523524590163936	16.687530407191964	0.0	0.0	33.040000000000006	37.5	31.0	17.31813953488372	39.36	16.807710843373492	39.42	15.170452079566004	33.040000000000006	0.0	25.42125	19.271351351351356	17.688287769784175	17.00508166969147	0.0	25.947142857142858	16.716	24.72579310344828	39.68	13.480687679083095	16.485154503616045	15.559678558908397	36.6	25.880000000000003	27.380000000000003	18.27673469387755	0.0	0.0	20.572525252525253
22.66933333333333	5.192709405466911	6.282806193033855	32.057142857142864	0.0	25.497634408602156	19.663400000000003	24.845836909871245	12.482616822429907	27.80967741935484	7.669702561496562	29.39880952380953	5.51968329837351	24.23525913338997	0.0	4.54938785942492	10.360390113811116	9.015260115606935	9.046616680309963	33.27285714285715	9.473334304442826	7.942574029653945	9.736338087303356	9.371114336283188	4.90460810215764	6.095105955163274	0.0	11.226777022853614	20.516757624398075	17.722815057283142	5.649642508302404	30.41904761904762	24.745263157894737	8.915756418859491	30.2	7.626537960622079	15.45987983243567	0.0	0.0	27.0	28.760388349514567	33.92	14.590697674418603	40.06	15.160818897637796	38.852	15.672077244258876	32.363076923076925	0.0	15.927773235800345	17.463420865862314	17.19060705882353	17.08250970245796	39.760000000000005	21.86276422764228	9.716763202725724	17.443929614221855	17.9764	13.541564434440067	15.481499122885262	14.74548502596284	24.74153846153846	30.744000000000007	25.25777777777778	17.63970093457944	0.0	0.0	17.431592356687897
11.78488626023658	16.96	14.248232445520582	3.419760227721332	17.60952380952381	10.992004268184244	5.07057165094051	14.31984975946078	7.913490038056862	5.609122419928825	25.76514619883041	7.570590260252876	21.63885714285714	14.02639581340386	11.55238464020652	4.925262154432794	13.815485092285847	26.8	22.907843137254908	4.4671886294134	4.229976735848913	13.078333333333331	7.958933316218472	4.024843592570202	26.92	19.27168562564633	11.226777022853614	0.0	11.6766835914699	5.851722714103135	25.76666666666667	23.83957081545065	11.837630381257927	9.25622862467966	20.39233532934132	27.3	24.7425	25.242597402597404	0.0	23.764705882352946	19.312210927573062	24.11956989247312	11.107256116388472	26.26043478260869	36.06363636363637	6.946666666666667	0.0	23.81841827768014	0.0	14.574358974358976	0.0	35.220000000000006	0.0	25.71	16.026391752577318	16.12	23.72869565217392	14.977880863428808	0.0	36.248000000000005	24.95794871794872	17.92644370295647	22.382796610169496	15.958513731825528	0.0	34.14	21.25125	22.60333848531685
3.2542577678412643	0.0	20.93629146692234	16.93267467563671	8.046153846153846	8.287542343587972	11.10673092605878	8.559330020009037	11.209173296437218	18.457168769716088	11.920266666666668	16.053801661063872	10.838620689655173	4.464574490889604	14.497037037037035	36.040000000000006	15.456492082825823	23.673333333333336	20.48379367720466	17.672094985158573	14.184431094119793	19.95555555555556	15.86989061075661	10.130098111192686	0.0	20.879151943462897	20.516757624398075	11.6766835914699	0.0	5.5710388524216246	0.0	2.443983859134262	3.245861787446574	4.119435023952551	25.084000000000003	0.0	31.25714285714286	21.268000000000004	0.0	0.0	22.12526748971193	26.10697674418605	12.3257064970468	29.4	37.64	0.0	0.0	25.77818181818182	0.0	26.52	0.0	0.0	0.0	0.0	17.12470588235294	18.4	21.672	18.797714285714285	0.0	42.120000000000005	30.94461538461539	21.262510288065844	23.204651162790697	17.25927272727273	0.0	0.0	27.78666666666667	26.17116279069768
3.9845127077539937	0.0	15.621011514356509	0.0	0.0	16.072000000000003	4.502224218717606	12.834272233049544	7.86849411764706	13.618666666666666	18.734117647058827	17.94	15.094736842105265	7.935081497597679	13.445000000000002	12.339710144927537	10.150965626413388	17.128888888888888	17.724577656675752	0.0	4.455562123346187	8.18008888888889	8.747176491572283	6.646376041187058	0.0	17.223223140495868	17.722815057283142	5.851722714103135	5.5710388524216246	0.0	0.0	19.36733333333333	8.38552808988764	4.2749283699943605	21.632	0.0	23.12	0.0	0.0	24.4	20.0221882951654	25.08363636363637	9.85180696395846	26.72	39.720000000000006	0.0	0.0	23.775	0.0	15.70888888888889	32.040000000000006	0.0	0.0	0.0	18.20269326683292	10.14222222222222	18.924938271604937	14.864030907920156	0.0	42.440000000000005	29.934545454545457	17.447866419294993	22.303030303030305	17.80876811594203	0.0	36.18	20.8	22.02952380952381
0.0	11.996	15.348571428571429	0.0	0.0	16.96	0.0	25.640000000000004	0.0	0.0	5.061197541331072	28.440000000000005	3.260919626168225	18.64	0.0	20.014545454545456	13.844705882352944	7.530861093651792	9.204214487300096	0.0	21.9	19.14333333333333	20.79	22.6541935483871	7.83671794871795	4.074697013627139	5.649642508302404	25.76666666666667	0.0	0.0	0.0	0.0	0.0	11.930854271356784	0.0	0.0	24.410000000000004	0.0	0.0	0.0	0.0	0.0	0.0	0.0	18.56	0.0	15.79907156673114	0.0	0.0	0.0	0.0	18.65333333333333	23.48	0.0	0.0	0.0	0.0	0.0	14.163428571428572	18.588529411764704	16.892606060606063	0.0	0.0	0.0	18.85571428571429	0.0	0.0	25.24
14.822545454545454	0.0	31.677543859649127	24.669411764705885	2.442027759575862	4.153742684793373	21.26727600721588	4.2730663625997725	24.04	22.33650793650794	11.34	18.55713488372093	9.146666666666668	5.413689525981431	6.748778280542988	0.0	30.233846153846155	16.44	11.35	22.92311377245509	25.42031746031746	0.0	28.25835294117648	23.698064516129037	0.0	31.123243243243245	30.41904761904762	23.83957081545065	2.443983859134262	19.36733333333333	0.0	0.0	0.0	3.4183188967403693	0.0	0.0	40.84	0.0	0.0	0.0	36.36	0.0	28.8	0.0	0.0	0.0	0.0	0.0	0.0	0.0	0.0	0.0	0.0	0.0	0.0	0.0	0.0	33.605714285714285	0.0	0.0	0.0	32.32000000000001	0.0	0.0	0.0	0.0	0.0	0.0
6.011267605633803	0.0	21.812735426008967	15.299755868544604	0.0	19.229662921348314	11.766834888438137	18.215333333333334	11.438875	15.840887656033289	31.4	12.72	17.44	8.204	16.910000000000004	0.0	20.090731707317072	0.0	25.186666666666667	14.017837837837837	14.825176470588236	0.0	17.808219178082194	10.65072126321424	0.0	23.862	24.745263157894737	11.837630381257927	3.245861787446574	8.38552808988764	0.0	0.0	0.0	3.203949428055389	0.0	0.0	0.0	14.76	0.0	0.0	23.98823529411765	27.42	13.302193548387098	0.0	0.0	0.0	0.0	26.880000000000003	0.0	0.0	0.0	0.0	0.0	0.0	18.32	0.0	33.720000000000006	20.203893805309736	0.0	0.0	28.24	22.304	26.02	20.891428571428573	0.0	0.0	0.0	26.92
10.149562982005142	7.661851851851853	6.791449826417589	15.414780130293162	2.554490358126722	7.16350583642086	11.884817435146784	4.678383005971853	11.634132029339854	15.87116512010281	3.924637168141593	13.709671847256626	9.451857951621204	4.373104056730978	14.416216216216217	10.276602426837972	3.921406639548616	8.465893271461718	4.2716123123039775	15.63464131713054	5.50614491122141	6.9076315789473695	8.063923217869297	7.601022310867852	8.6925	7.948781760354501	8.915756418859491	9.25622862467966	4.119435023952551	4.2749283699943605	11.930854271356784	3.4183188967403693	3.203949428055389	0.0	20.98	9.598260869565218	16.095714285714287	17.488	0.0	0.0	24.11419847328245	27.302068965517243	13.90928695652174	30.62	0.0	0.0	0.0	27.49025641025641	0.0	14.182466870540267	17.618571428571432	20.993333333333336	18.04	0.0	16.09793103448276	9.575867768595042	16.590233837689134	19.726942528735638	0.0	18.87627906976744	15.09489740611692	23.331381215469616	26.456666666666667	16.28148148148148	0.0	0.0	32.480000000000004	28.056
0.0	24.160000000000004	30.665000000000003	15.320000000000002	0.0	30.920000000000005	23.648000000000003	33.21333333333334	13.448888888888892	26.253333333333337	0.0	0.0	17.720000000000002	27.8	0.0	23.45142857142857	0.0	0.0	0.0	0.0	20.383703703703706	0.0	0.0	17.902109090909093	0.0	29.160000000000004	30.2	20.39233532934132	25.084000000000003	21.632	0.0	0.0	0.0	20.98	0.0	21.944000000000003	19.169715733183228	15.255587044534414	13.18	16.10896551724138	8.058766134227891	9.715522518583295	11.124014931563666	14.425359369485944	18.154191852825228	14.393962886597938	21.67272727272728	4.552672850500798	0.0	15.933333333333334	17.970024330900245	23.70800000000001	19.41688581314879	14.812386457473163	14.981724137931035	16.802222222222223	17.042477272727275	11.0598869644485	25.6	22.47416809605489	24.133159268929504	12.18998196793216	4.241407875691257	6.071727729885057	22.293333333333337	13.342795698924732	3.517942122186496	8.966332130753253
0.0	2.167483870967742	9.314155251141552	0.0	0.0	0.0	0.0	0.0	0.0	0.0	15.933333333333334	0.0	12.992	0.0	0.0	18.68	10.67157894736842	10.760000000000002	10.186875	0.0	0.0	0.0	11.7	20.110000000000003	4.132513966480447	9.523524590163936	7.626537960622079	27.3	0.0	0.0	0.0	0.0	0.0	9.598260869565218	21.944000000000003	0.0	6.876666666666667	0.0	0.0	0.0	19.03666666666667	27.440000000000005	16.762424242424242	31.48	6.823325526932085	19.910000000000004	6.839154929577465	24.63428571428572	23.5	8.781939275220372	8.092642487046634	8.329444444444444	6.626412294647589	0.0	16.681739130434785	4.625682396876591	12.762285714285715	11.005958337123626	3.572566544262568	6.774176448315034	4.420114374034003	17.4	19.355	17.67358024691358	10.351111111111113	0.0	21.32	7.351876208897487
31.46666666666667	9.28498823529412	16.340450983806374	0.0	0.0	0.0	29.940000000000005	34.504615384615384	0.0	0.0	25.160000000000004	0.0	24.05846153846154	32.24	0.0	20.15578947368421	17.73112224448898	24.3	20.49	0.0	23.04266666666667	11.766936416184972	18.59891223733004	22.19454545454545	14.56	16.687530407191964	15.45987983243567	24.7425	31.25714285714286	23.12	24.410000000000004	40.84	0.0	16.095714285714287	19.169715733183228	6.876666666666667	0.0	25.00714285714286	0.0	24.300400000000003	16.646311880210185	22.98635591162904	16.272000000000002	26.827272727272724	19.56698235840297	31.632888888888893	22.08148148148148	21.82354434137292	0.0	13.570752688172044	6.571243685175657	9.742899005756149	7.972961770623743	30.93272727272728	10.955675767052655	8.193301435406699	7.700697988604611	16.509579831932776	24.6	5.554669894497744	7.040806316558488	13.891082146104882	25.06802588996764	13.396233030464993	18.910769230769237	31.79612903225807	22.545	9.184217403873951
0.0	0.0	0.0	4.411206896551724	0.0	14.189090909090911	12.4936	15.740952380952384	16.044048582995952	14.01846153846154	0.0	4.228837209302326	0.0	16.623333333333335	0.0	0.0	0.0	0.0	0.0	5.76561403508772	26.78	0.0	0.0	22.854328358208956	0.0	0.0	0.0	25.242597402597404	21.268000000000004	0.0	0.0	0.0	14.76	17.488	15.255587044534414	0.0	25.00714285714286	0.0	20.68	11.061337951937649	7.26195732155997	14.804449676280166	12.895573059562796	5.087959568195421	29.221935483870965	6.556662662847638	33.68	19.597998331943288	14.829866666666666	14.34105263157895	27.380000000000003	33.30222222222223	30.12	2.710011732285613	17.32914285714286	0.0	20.17578231292517	4.67258588732273	0.0	34.382400000000004	28.97180327868853	4.357126869180852	18.687559278716456	17.515	35.75	27.426666666666662	16.929526011560696	16.563211619106067
0.0	0.0	0.0	0.0	0.0	0.0	0.0	0.0	0.0	0.0	0.0	0.0	0.0	0.0	0.0	0.0	0.0	0.0	0.0	0.0	0.0	0.0	0.0	0.0	0.0	0.0	0.0	0.0	0.0	0.0	0.0	0.0	0.0	0.0	13.18	0.0	0.0	20.68	0.0	2.3622353349531413	18.32	3.240287769784173	8.158286235186875	24.10857142857143	12.2	8.00591186440678	0.0	11.925714285714289	3.2811030974795026	0.0	0.0	0.0	0.0	0.0	0.0	24.84	0.0	11.684210526315791	31.880000000000003	18.08	0.0	20.17777777777778	3.3663430420711977	0.0	0.0	2.4764298093587525	0.0	2.523951762523191
0.0	0.0	0.0	0.0	0.0	31.96	24.68	0.0	16.880000000000003	0.0	0.0	0.0	0.0	29.040000000000003	0.0	0.0	0.0	0.0	0.0	0.0	0.0	0.0	0.0	22.8096	0.0	33.040000000000006	27.0	23.764705882352946	0.0	24.4	0.0	0.0	0.0	0.0	16.10896551724138	0.0	24.300400000000003	11.061337951937649	2.3622353349531413	0.0	8.411728957763597	3.90945674605388	8.48899766899767	5.902945063012358	15.770935758286887	6.765198165974506	21.794430379746835	8.00621497190502	2.84642451704061	21.96444444444445	21.93777777777778	19.97062146892656	18.15368421052632	9.958711240310077	19.36625	39.040000000000006	21.366394557823128	10.242292630829478	25.04	21.366157894736844	23.56613065326633	9.845837382772602	9.088490480507708	21.602580645161293	22.742857142857144	4.4520201484623545	17.81290322580645	7.851540855077791
26.190000000000005	20.9	28.617777777777786	25.6475	0.0	29.11851851851852	21.93751978891821	28.34492753623189	12.529820359281436	26.3471186440678	0.0	19.48	19.701666666666668	27.51458646616542	0.0	25.04	0.0	0.0	32.08	25.44	20.90012422360248	24.41333333333333	29.44470588235294	17.10253429131287	0.0	37.5	28.760388349514567	19.312210927573062	22.12526748971193	20.0221882951654	0.0	36.36	23.98823529411765	24.11419847328245	8.058766134227891	19.03666666666667	16.646311880210185	7.26195732155997	18.32	8.411728957763597	0.0	8.300782856584805	9.968494214808455	4.896751974122348	20.437092424076308	18.801475409836065	29.933626373626375	7.865044497743554	15.178333333333333	10.1735	15.24180910177956	23.84051216389245	17.57023818923543	10.60073643410853	11.078220140515224	18.293543307086612	13.303859943742392	7.732800379069926	25.32	21.50977665402444	20.798308983525025	6.344319514271488	12.65789441248973	5.594658486042826	31.0	19.317798165137617	11.49758022935372	11.454067368820573
0.0	0.0	33.68	31.93777777777778	0.0	35.57333333333334	26.76666666666667	32.112	18.26736842105263	29.290000000000003	0.0	0.0	20.96	31.622857142857143	0.0	26.352	0.0	0.0	29.68	0.0	25.89904761904762	0.0	33.88	21.620754039497307	25.24	31.0	33.92	24.11956989247312	26.10697674418605	25.08363636363637	0.0	0.0	27.42	27.302068965517243	9.715522518583295	27.440000000000005	22.98635591162904	14.804449676280166	3.240287769784173	3.90945674605388	8.300782856584805	0.0	14.828057439170324	9.81736564351104	14.831373029236186	14.11304877097152	18.07873303167421	5.177728759735549	7.203333333333335	16.769411764705886	23.032828685258966	18.205022421524667	22.73128526645768	13.500244197292073	16.67832286538788	23.997333333333334	19.63373660173362	12.436999221789884	19.72	22.307218934911244	23.67642540620384	12.877005893097152	6.838809926176287	13.124528813559325	19.211310344827588	3.889380024526503	17.915862068965517	5.132339651075176
14.492558139534884	0.0	13.07945945945946	13.997072243346008	0.0	17.939880952380953	11.332343211578223	18.341162079510703	2.19970280477989	15.895207170640962	26.24	10.395574468085108	8.104942528735632	16.413774385072095	9.6540350877193	9.913477873477875	14.348091603053437	0.0	18.105185185185185	14.067180899908177	9.406012447350223	2.349655172413793	11.740417457305504	7.297426920010631	0.0	17.31813953488372	14.590697674418603	11.107256116388472	12.3257064970468	9.85180696395846	0.0	28.8	13.302193548387098	13.90928695652174	11.124014931563666	16.762424242424242	16.272000000000002	12.895573059562796	8.158286235186875	8.48899766899767	9.968494214808455	14.828057439170324	0.0	13.61762131080209	27.44164705882353	3.515772146415421	30.12	15.228940981798129	3.977075860143765	5.599333072231858	19.934000000000005	31.68	17.62461538461539	11.985980979218034	8.349874429223744	8.568259860788864	8.604983967017866	5.540942827193663	21.8251282051282	26.89263157894737	21.030743801652896	10.416287317216051	11.790753012048192	8.681033607869159	0.0	25.53	11.77614953271028	12.740613834173155
0.0	0.0	0.0	29.911428571428576	0.0	31.890000000000004	26.675	37.720000000000006	16.488436363636364	31.023333333333333	0.0	21.360000000000003	0.0	31.933333333333337	22.2	0.0	0.0	0.0	0.0	29.62	26.440000000000005	0.0	35.68	24.112098765432098	34.68	39.36	40.06	26.26043478260869	29.4	26.72	0.0	0.0	0.0	30.62	14.425359369485944	31.48	26.827272727272724	5.087959568195421	24.10857142857143	5.902945063012358	4.896751974122348	9.81736564351104	13.61762131080209	1.6800000000000002	25.6377423710505	4.058835627516578	31.060689655172418	18.169049120096865	11.6698	14.27440860215054	31.80444444444445	29.21277192982456	27.421739130434787	3.307349791899004	18.37278911564626	18.32	20.869478260869563	8.080600056609114	0.0	30.702500000000004	31.870280373831772	5.921981028361339	17.820505549678707	28.28076923076923	31.697534246575344	23.13531100478469	16.43899690402477	16.16373215390609
0.0	8.91	26.648000000000003	42.84	0.0	0.0	38.406666666666666	40.48	28.640000000000004	0.0	11.666285714285715	0.0	11.75951845906902	42.84	0.0	0.0	33.6	17.560000000000002	17.044800000000002	0.0	39.28	0.0	25.28	32.741052631578945	9.72926315789474	16.807710843373492	15.160818897637796	36.06363636363637	37.64	39.720000000000006	18.56	0.0	0.0	0.0	18.154191852825228	6.823325526932085	19.56698235840297	29.221935483870965	12.2	15.770935758286887	20.437092424076308	14.831373029236186	27.44164705882353	25.6377423710505	0.0	25.6443137254902	3.717957248997819	16.672537647790914	14.73433962264151	20.484242424242428	6.418337662337663	3.1700817004317505	2.9997552653253328	26.575590650663298	16.26414756847401	15.077377049180328	15.359313262005475	24.658447204968944	3.040021596328624	5.639039323335985	8.560595385018138	26.392275574112738	11.620997134670487	15.098151640890231	3.555000207517673	12.081122448979594	22.644	4.583217953077185
0.0	0.0	0.0	3.96	0.0	0.0	0.0	0.0	9.32	0.0	0.0	2.2992366412213743	0.0	0.0	0.0	0.0	0.0	0.0	0.0	8.38	0.0	0.0	0.0	12.786666666666669	36.760000000000005	39.42	38.852	6.946666666666667	0.0	0.0	0.0	0.0	0.0	0.0	14.393962886597938	19.910000000000004	31.632888888888893	6.556662662847638	8.00591186440678	6.765198165974506	18.801475409836065	14.11304877097152	3.515772146415421	4.058835627516578	25.6443137254902	0.0	30.802051282051288	18.598682236779645	3.339728291633647	47.226666666666674	31.275	28.980084388185656	26.84558139534884	3.210541265954851	38.72666666666667	16.435000000000002	37.55652173913044	3.2124801908494502	0.0	30.884424778761066	32.601652021089635	8.204218674407354	17.76572771440642	36.95272727272727	32.05432835820896	22.9324031007752	16.669128205128207	16.54285185506492
0.0	12.64	28.585	0.0	0.0	0.0	0.0	0.0	0.0	0.0	11.054547591069332	0.0	12.92940380734195	0.0	0.0	33.720000000000006	32.92	15.102857142857143	21.6	0.0	0.0	24.4	31.72000000000001	35.08	9.981444330048538	15.170452079566004	15.672077244258876	0.0	0.0	0.0	15.79907156673114	0.0	0.0	0.0	21.67272727272728	6.839154929577465	22.08148148148148	33.68	0.0	21.794430379746835	29.933626373626375	18.07873303167421	30.12	31.060689655172418	3.717957248997819	30.802051282051288	0.0	20.00935064935065	19.34666666666667	22.007185628742512	22.21684210526316	7.67343137254902	14.624941176470587	32.093714285714285	25.723636363636366	15.111304347826088	25.027572815533983	21.91582089552239	3.4338157725696044	4.752361068882808	5.734827972421556	29.45368421052632	15.70264705882353	27.12	3.024786652467164	16.470000000000002	0.0	9.704597701149426
29.52	0.0	34.15483870967742	32.480000000000004	0.0	34.92	27.67056603773585	35.290000000000006	17.653333333333332	32.02	0.0	0.0	24.76	32.56	0.0	28.154666666666667	0.0	0.0	35.760000000000005	29.24	25.33512605042017	0.0	30.413333333333338	20.635240174672493	0.0	33.040000000000006	32.363076923076925	23.81841827768014	25.77818181818182	23.775	0.0	0.0	26.880000000000003	27.49025641025641	4.552672850500798	24.63428571428572	21.82354434137292	19.597998331943288	11.925714285714289	8.00621497190502	7.865044497743554	5.177728759735549	15.228940981798129	18.169049120096865	16.672537647790914	18.598682236779645	20.00935064935065	0.0	9.368052373158758	22.74	21.62691282051282	21.8350626118068	22.206451612903223	18.7328055352272	16.32881071486203	22.05764705882353	18.964927795813274	15.139160731142194	27.83428571428572	23.43610371408549	24.46948292682927	16.895593314763232	4.576880538698147	11.162297899427118	20.776296296296294	8.131922304085734	4.793004484304933	7.128144381011744
