1.0	0.2073454096634753	0.5235706205828758	0.3352208858131736	0.0170234524142909	0.5484356990575685	0.432199777458093	0.2265146225657786	0.2976990590578986	0.5541109826133616	0.1030610325297115	0.3220830095556157	0.0393554369047347	0.2839245612138049	-0.1780943567023747	0.3402799257808551	0.4029753547469226	0.2752473514193408	0.3910814507152119	0.3605621894537237	0.3699466988768576	0.403428957969386	0.5045253070771358	0.4015732594603493	0.2438442275413018	0.3622068428637179	0.4979684005117385	0.3911932071195608	0.4925849782839074	0.3028912538338998	0.2362602363253808	0.0408048685050851	0.3895799547669475	0.5866497287412389	0.516591382415527	0.2924729882965213	0.4776483328551448	0.3625591172338614	0.0589463817998991	0.2631508046919388	0.3312371562259751	0.3092749931701162	0.3024131512696756	0.3706801528512793	0.1627398574920083	0.4202873564625612	0.1563319447895941	0.3446348807393086	0.1834918514414554	0.3891083620625907	0.4316017550519319	0.3762229962119418	0.2277857928085321	0.3063850527951755	0.3320439067850086	0.3571935726537597	0.6155670621035064	0.464396018313752	0.3068196775073823	0.3607111232489474	0.509491417900344	0.3998514785837516	0.4139503022589905	0.0106180006018712	0.1252204656181477	-0.0060054974149433	0.4513113609269637	0.3629933297741108
0.2073454096634753	1.0	0.3211198621151084	0.564343295136867	0.1533116396709385	0.4017878126752593	0.4576510708416454	0.272188115626094	0.4559231203037938	0.4571937386582736	0.3652718378695288	0.5099646339544421	0.271450597043156	0.3710849516944466	0.2917129008683436	0.2086282990421264	0.3250362322745324	0.2156704267072101	0.3121321361674142	0.4694458740029814	0.3232421943697674	0.7372732648296944	0.3872586933194741	0.5120477573633861	0.4791484182486772	0.5191889753708837	0.5230064940585608	0.5803362841935108	0.5251192661707976	0.4638549341050206	0.0842221382670103	0.2478223206079687	0.3346718813895368	0.4164724887710235	0.1866184112440938	0.6725746051992386	0.2519462244335789	0.4450991379825688	0.1617528564524837	0.4479366067451821	0.4146594655952026	0.2155181052810794	0.322483559195616	0.482968505424073	0.2367574040668148	0.5387400753107624	0.2820427429597272	0.307017714828937	0.2103762175634866	0.2490349232667059	0.3135814059479269	0.2051738312845554	0.3812459059805175	0.5116428537855052	0.3066089703703546	0.7118655468674058	0.3682567727469479	0.4954292304196913	0.4902708630520984	0.4014087710062036	0.5304759318826416	0.5210720331759451	0.4768951189333875	0.4733702541440061	0.0188797299728924	0.1181302614030983	0.107986432129867	0.6103764514643771
0.5235706205828758	0.3211198621151084	1.0000000000000002	0.5986655187486031	0.203183178890819	0.526960950823479	0.8066528314418349	0.5324035175760237	0.6339883012200175	0.5347199304622423	0.1965217149696466	0.6179624967053252	0.2062193926232159	0.5281363231766634	0.1162977529483881	0.2221996289680661	0.4687396584133748	0.3178455393725565	0.379120557152037	0.6438608387618274	0.2707029505683776	0.5176662736564324	0.4524828012291299	0.7045557911642525	0.4213047581940525	0.6992735598370224	0.7271028060579069	0.5717526612157583	0.3524087610872607	0.3992329709002425	0.3280482128903065	0.2111752884051541	0.2405362984738706	0.3846226361003841	0.2429956383406371	0.2052588111852069	0.7289693992184867	0.392374398143009	0.0784040426194521	0.333237537800912	0.5349279010000488	0.4735561954906368	0.6137169680784095	0.3768291182576528	0.2157550136890104	0.6183160271433183	0.2800610445077328	0.4356970434199403	0.3698954083727797	0.2033299807837873	0.3280508249227698	0.4084117822548202	0.1163061003888571	0.6586780179335194	0.2561904713523849	0.3412330055981327	0.5107384401956387	0.6003620793504234	0.3709925764426597	0.4459204193233693	0.6095501965435801	0.4875348644782299	0.3476037514159948	0.0388649060602749	0.2685447761532221	0.0489876757037296	0.3280680586572901	0.3371804222100519
0.3352208858131736	0.564343295136867	0.5986655187486031	1.0	0.1019028390067199	0.5313655185393878	0.7639931429120447	0.4433321990702761	0.742620586082935	0.6683912843119337	0.2227223852932515	0.8321592361963419	0.2564329379952221	0.527643058016421	0.3048158854857632	0.3510495021132864	0.3825222223201754	0.2921691934753285	0.3306168354344858	0.7635731749997132	0.4912556551491455	0.6434580106078845	0.5704041216086908	0.7723652612631795	0.4454921995079063	0.5805137845946541	0.6229466673413026	0.8074960706624557	0.4661481402200377	0.398456266521174	0.278774198722303	0.1980968528225192	0.4535889247281346	0.4822353908755217	0.2228748328746409	0.3431880614032493	0.397336412225814	0.8357688053785098	0.014329245042997	0.5309696305557894	0.5375168375630742	0.2806443887518049	0.631335181885005	0.5927889638115729	0.2730167629994666	0.8881269040711658	0.2896330358375762	0.3685789302664169	0.295820938688274	0.3636683198390866	0.1329163462673808	0.2307900655352681	0.054937699005427	0.7665757506655096	0.4572963048878805	0.4716389559625744	0.4274811858790617	0.6431843534886194	0.4010491569964903	0.2837756998280146	0.4862146778525057	0.7270237539359188	0.357544920683747	0.2020893740643077	0.1889765990064427	0.0416980222759292	0.2912403256456904	0.4573085276031235
0.0170234524142909	0.1533116396709385	0.203183178890819	0.1019028390067199	0.9999999999999998	0.3008899205801936	0.1955654117564922	0.4614755637585557	0.089267920353862	0.1926620309889685	0.4118209685194996	0.2285850285411994	0.2678209971011086	0.2316817828648731	0.1536675734072705	-0.0843117688485005	0.1469522310713062	0.1542525258317814	0.0124567098613656	0.0791167011324941	0.0080314264516164	0.1233624453369577	0.0668069168972876	0.1117778575488811	0.0279537532355344	0.2250393206512795	0.2140674421184456	0.2725479596781772	0.2672235949313934	0.2510817408002684	-0.0069012061437503	0.4778710413030036	-0.0273970342125141	0.0333098000029219	0.0465197835835662	0.1632209354637036	0.165499110205642	-0.0005319410016606	0.2899787803786763	0.2454714263087409	0.2166467713074058	0.342662102213088	0.1747703184967897	0.203517985842865	0.3668339443275087	0.1342192905782288	0.3270349926110348	0.2971755878290552	-0.0174594090067904	-0.0359015015337591	0.0801148442895415	0.2428758188864704	0.0199793995023851	0.1214539950352497	-0.0044465255459712	0.2165113749479732	0.0914139733780716	0.0609397656851427	0.1613901728641123	0.3208126254265404	0.2213327715647623	0.2181921413993682	0.3367867860736063	0.2119509318728264	0.1923604723625629	0.3790380882954054	-0.0935924940846408	0.1691346945845483
0.5484356990575685	0.4017878126752593	0.526960950823479	0.5313655185393878	0.3008899205801936	1.0000000000000002	0.5503194512011579	0.5755412029680123	0.4843165971782324	0.8024088698861193	0.3943873166390017	0.623697536337073	0.3623375211748141	0.4282027826469462	0.1362256520490314	0.4163091975324227	0.4606260488917483	0.2424995203642067	0.2742600038796018	0.4080969753792565	0.5883106105428119	0.5337122822735741	0.6537340733969306	0.5721281911946039	0.2608676108647139	0.4187176366270477	0.5236298602471268	0.7483328052626266	0.7330966417043581	0.4063643914415956	0.0867606005655204	0.4200546654507777	0.4169195945793412	0.5048215811641357	0.3326963438095184	0.3745227628187934	0.3868981327290846	0.5558999742187707	0.2550394046086506	0.7052462813700611	0.4735466826811866	0.5741214559635013	0.5096930797125341	0.7158091892499387	0.4993415312904656	0.699811397246794	0.4351457988868001	0.3888304883665083	0.3390125594008396	0.497899844325706	0.2274197746775221	0.3534877996117452	0.1239183298603463	0.4149137737380106	0.5897822177180602	0.5164278325496855	0.595201703621612	0.6028776049907926	0.3107639620675129	0.3424491502943887	0.4894531923036062	0.7644425514218016	0.682677920450119	0.289237126024059	0.3234739734032911	0.3459927655632321	0.2293418016767822	0.5562375674847997
0.432199777458093	0.4576510708416454	0.8066528314418349	0.7639931429120447	0.1955654117564922	0.5503194512011579	1.0	0.5730852950618243	0.786270976773385	0.6597201546533422	0.2669808055989179	0.6868470987887619	0.2983315861105333	0.7304153200004533	0.2893478396665361	0.2735306166813881	0.547340547200726	0.435213477207378	0.474153005845237	0.6798580719128293	0.3331777648302111	0.6658894890237849	0.4636465199265517	0.8448150012566914	0.5320739991017908	0.7200206903519771	0.6935066996763316	0.7103201828036722	0.4728141626553669	0.515038808258808	0.4333801575413799	0.2991141386051439	0.3589614968550292	0.4187381975560548	0.3469854818804051	0.3011032535084343	0.5731021788837283	0.5750156709013517	0.0612280583307707	0.4762476292383078	0.7770097829713475	0.4992938333723727	0.7343716721706044	0.5651820017558981	0.3068428349536825	0.6989276144330651	0.4130809668903422	0.6125887112356228	0.3234475712031956	0.261330581908806	0.3499732008291811	0.4009729887676807	0.1959877166756459	0.740416245893031	0.2843523214263294	0.4641013017552349	0.4509043706470478	0.7699627061513946	0.4365979943172826	0.4703663420380374	0.6115729715357903	0.6041700187071168	0.4329772314680535	0.1357723907850123	0.3866005807688953	0.0899451638590242	0.2711800274575863	0.4421787974556502
0.2265146225657786	0.272188115626094	0.5324035175760237	0.4433321990702761	0.4614755637585557	0.5755412029680123	0.5730852950618243	1.0	0.4166420613735753	0.5494616356364274	0.4990659152958341	0.5215510460219963	0.4503852200349667	0.5623391927761446	0.2121728537017509	0.1419034514474332	0.3077191949433208	0.3935274236585102	0.177562521280463	0.3799912373008959	0.2984215256637237	0.3767308149446691	0.3128333896567004	0.393125487204747	0.1163614505555209	0.4430414731466808	0.4832990358982478	0.6443712375445012	0.5243668483388774	0.4274328011125256	-0.0463753124516052	0.4566598116299986	0.3335344470257843	0.3054134393146478	0.1543514241400773	0.3758844133631848	0.4178894922821577	0.3501541432480099	0.3652158673388033	0.5655465442576322	0.5586283852723521	0.7606575806555542	0.4618266674989778	0.5064145470778608	0.5695829485114748	0.4899753332148251	0.5347927428720387	0.5485476582357518	0.2399921404873484	0.2084070396096875	0.0531289127131301	0.4887342441628243	-0.0661915389044878	0.4207841910390728	0.2838186793542675	0.4081299532249118	0.2659926124864905	0.3673803796962648	0.3023507789706005	0.4548404229531124	0.4223419446525377	0.5702830811871819	0.5293193228986647	0.2986152335040644	0.439750302556772	0.4187504942491123	0.1825273898275425	0.4134827036014348
0.2976990590578986	0.4559231203037938	0.6339883012200175	0.742620586082935	0.089267920353862	0.4843165971782324	0.786270976773385	0.4166420613735753	1.0	0.5763364194715956	0.2281716373997502	0.6716517797795415	0.3864735730408684	0.5793620323189993	0.2704772419642989	0.2418584567831032	0.2746058077785804	0.246671520103089	0.2496431844251342	0.6868769661372479	0.2707367238603655	0.6255900256452092	0.3280162262862249	0.8504101556030024	0.5304143672586008	0.4954341198625445	0.6489140213322677	0.5862121353604532	0.3605062864274913	0.1748721885742422	0.3423699062979266	0.1883744941726409	0.2283835521817241	0.2465599397418686	0.1938283214108161	0.215007108258193	0.3782617872578059	0.583603817198071	0.0294876033003352	0.4575674390624367	0.5403186645564486	0.3461215289227979	0.7192366042578254	0.5059689822970471	0.2199753970052722	0.6953888864177968	0.4015548867717918	0.4248679387685328	0.3643845616865934	0.2234068987216362	0.0551404406110165	0.1094194766303625	0.0135582906702232	0.7052939217949961	0.2791468892703742	0.3920139514563696	0.2494676396203436	0.7339345344696353	0.4826144894163827	0.1606025501963361	0.5155406392782853	0.4693191470497757	0.3609486416266294	-0.0645139415781052	0.3869317249408884	0.0842617379707559	0.1998269500880542	0.3174114631506696
0.5541109826133616	0.4571937386582736	0.5347199304622423	0.6683912843119337	0.1926620309889685	0.8024088698861193	0.6597201546533422	0.5494616356364274	0.5763364194715956	1.0	0.3393306525032032	0.7276020618213241	0.4103503896425092	0.558715313707476	0.0761941061940618	0.4462129052560973	0.5279988878304614	0.3402949703544023	0.3309144881443831	0.5503530478661997	0.6187212675142211	0.5855615282658532	0.6927541361878017	0.6987462807824028	0.3132917578796731	0.448504913571933	0.6034096462870738	0.8239325675953472	0.7415343200239561	0.3761295411116287	0.2285319542556352	0.2896031339198756	0.4972415555008031	0.4954474002466033	0.4775119470961526	0.3968849742421841	0.3437005059467558	0.6856399779157301	0.1502049439404282	0.7427685938413772	0.5606161008212598	0.4803436012529328	0.5470157838891279	0.9082791965044767	0.4539015753011475	0.7916588521402579	0.474296592754541	0.5270465752708714	0.2331455702751263	0.4946257136969108	0.1906967973588667	0.4123702595861481	0.0518978665496451	0.5654496299396279	0.5659185372879398	0.480099497270043	0.5404174228855642	0.6623383598427366	0.4021563745584559	0.2811660145947913	0.5099350700094694	0.785368560041055	0.6634027464466351	0.1947212086606261	0.3615754543512774	0.1838919703146682	0.318436983276906	0.5119616369480755
0.1030610325297115	0.3652718378695288	0.1965217149696466	0.2227223852932515	0.4118209685194996	0.3943873166390017	0.2669808055989179	0.4990659152958341	0.2281716373997502	0.3393306525032032	1.0	0.3026057408133946	0.7812861957968642	0.3725139576947145	0.246697023387665	0.0313470141660546	0.1675816540614337	0.2664758571603396	0.136445321051661	0.1698446345567424	0.0894386421720572	0.3799897027241514	0.1526775989498436	0.2089377136972712	0.2453685189116723	0.1896049310893413	0.4015114624586371	0.3507301637860776	0.4715993054646604	0.3066833821760736	-0.1025832886410881	0.5970954766087743	0.2695283497000737	0.2107869638107203	0.1500142925878665	0.4639067788718562	0.1070102840218229	0.1726092855791247	0.4786989531331829	0.4733982236110211	0.3104859372606425	0.4135248043126425	0.1102533000234796	0.4019196905485402	0.7752252655456789	0.2559920709638879	0.7508689722188754	0.3820295471804709	0.3136358922801987	0.1261516960248687	0.0943759760068474	0.3182373133473746	0.1613308842170488	0.2146186429507532	0.1051665524110367	0.3688398620537029	0.1526918894129191	0.1804809271147788	0.2964645611342247	0.274757283459979	0.4367991253375524	0.301264613550178	0.41304345390138	0.2852528431043203	0.3073849991978979	0.6204315814895411	0.1061709496462303	0.3045291107371209
0.3220830095556157	0.5099646339544421	0.6179624967053252	0.8321592361963419	0.2285850285411994	0.623697536337073	0.6868470987887619	0.5215510460219963	0.6716517797795415	0.7276020618213241	0.3026057408133946	1.0	0.2696874016044621	0.5424802060769177	0.2155491673924558	0.2458305418971488	0.3518164868457894	0.3151117221785512	0.2956467269440656	0.798207299743409	0.3912747632195041	0.560609196664019	0.4964400139499779	0.6981941865543909	0.3170913161223832	0.563606687627353	0.628662531594132	0.8029198644691291	0.473592949149925	0.3911536600632774	0.2045443529156525	0.2437800986091771	0.3497833677944543	0.3640824958667958	0.2081691010796159	0.3279629104434798	0.3854815824423624	0.6748632860865731	0.0920426758440543	0.5843264056601666	0.4824094370760916	0.4409828328161664	0.6063419913868225	0.6126131828882162	0.3256872725730945	0.886300667159852	0.3170759701724708	0.4145881480587456	0.2900486643165926	0.2544181585509709	0.0898269988372764	0.3091333281875464	-0.0044681620677902	0.8080639295157697	0.3640731365840653	0.4313955174128262	0.3569029146070785	0.5654024623934957	0.3289545921094058	0.296796895249879	0.5002064271090783	0.6970113325576534	0.4324707020347857	0.2114698899756143	0.2012673750833932	0.0867755532177444	0.2387295035146195	0.4548040585349912
0.0393554369047347	0.271450597043156	0.2062193926232159	0.2564329379952221	0.2678209971011086	0.3623375211748141	0.2983315861105333	0.4503852200349667	0.3864735730408684	0.4103503896425092	0.7812861957968642	0.2696874016044621	0.9999999999999998	0.3740307512112721	0.3064737263280093	0.1271711582836546	0.1323503326873725	0.1957754476858216	0.0137608894133	0.1299736857637672	0.2096021731066056	0.3702898390670383	0.1908593691251251	0.3293147313144324	0.242195474882104	0.0135034775650965	0.3968821720815879	0.3313235112574589	0.4723470950955288	0.0831280410384125	-0.0259020787997984	0.5069979111756223	0.2577867299950808	0.0905692441494992	0.0954458521952422	0.3455595711608448	0.0273386774691447	0.2656449171664475	0.4503795841513511	0.5826123408554981	0.2527579620764253	0.3639500625361659	0.2000098689739404	0.5083039029563218	0.7497152910480838	0.3192105784160614	0.8141255320800852	0.3778461455406864	0.3491782961088237	0.1899803453518649	-0.1156044862834868	0.1571772834693449	-0.0053263362688937	0.1771856526533234	0.2459134505626325	0.2343605949631204	0.0747396230073534	0.2727195954372788	0.3061301878451161	-0.0045753869823123	0.3696855834351252	0.2938653862236379	0.4560990341624306	0.0739004847365962	0.4318217803205071	0.5600471446165984	0.095336656779999	0.2155556212588833
0.2839245612138049	0.3710849516944466	0.5281363231766634	0.527643058016421	0.2316817828648731	0.4282027826469462	0.7304153200004533	0.5623391927761446	0.5793620323189993	0.558715313707476	0.3725139576947145	0.5424802060769177	0.3740307512112721	1.0	0.2876352972758717	0.1804902318336981	0.4318082234970506	0.5391287501621151	0.5282666017118428	0.4876805119229804	0.2352907707241983	0.5288125684777287	0.2744255844962175	0.6364566609560335	0.3750874244208047	0.492709055651181	0.6663823854139028	0.5406872434822185	0.5295152906739599	0.4236889113962233	0.3229063286537506	0.266731506412363	0.3085261041509684	0.1870834894842794	0.3564910484400979	0.2572502978446608	0.2909268264151833	0.33992404237751	0.1340525433555746	0.4752146960140186	0.6690924863399582	0.4770752407265778	0.5000257130055291	0.5524391151560045	0.3508927189243666	0.5067159697018447	0.4452194592972053	0.7490617723881726	0.1960778283389655	0.1663560667253447	0.1818868189961449	0.4022978974688264	0.1705468728165628	0.5493237561868987	0.1903457311344986	0.3662784473909257	0.1564762433545712	0.5528314566337122	0.3532722765471536	0.3330112907963574	0.5744843618268909	0.426461498385143	0.549921366100131	0.1894345288189061	0.4669003805531047	0.1498524578701841	0.1547466731637165	0.3161244555737131
-0.1780943567023747	0.2917129008683436	0.1162977529483881	0.3048158854857632	0.1536675734072705	0.1362256520490314	0.2893478396665361	0.2121728537017509	0.2704772419642989	0.0761941061940618	0.246697023387665	0.2155491673924558	0.3064737263280093	0.2876352972758717	0.9999999999999998	0.0514454247920302	0.0393392498653114	0.1639574691987397	0.1044323751679616	0.1082188006659902	0.1290698501251781	0.2108026974087026	0.0588199116544121	0.2602725979509774	0.2593426591884462	0.143105161474517	0.250443936255169	0.2143092415039471	0.2282471897827285	0.0927584077340979	0.080525547908687	0.2434191508320862	0.1139053527903547	-0.0198023781224522	-0.0948052161566681	0.2071248255215583	0.0387091680725468	0.1893233469745122	0.2089057605811369	0.2298065397216519	0.2125234683557286	0.1895369555076996	0.1971112033864529	0.1522401013833366	0.1787144038833351	0.1529703842366855	0.3122296816634283	0.1685881661130733	0.2419549400246861	0.0405233245332278	-0.1012923073393111	-0.0458993329789335	0.0017912214163053	0.1766839186183461	0.1352479342186577	0.2488566721663517	-0.0128972577369241	0.1708932377757635	0.0986667554322828	0.0691747816325147	0.2182236830756337	0.1376179171891503	0.2431217264055937	0.1717892838546006	0.1667432364419989	0.2351724469719036	0.0333576761203964	0.2179114765855515
0.3402799257808551	0.2086282990421264	0.2221996289680661	0.3510495021132864	-0.0843117688485005	0.4163091975324227	0.2735306166813881	0.1419034514474332	0.2418584567831032	0.4462129052560973	0.0313470141660546	0.2458305418971488	0.1271711582836546	0.1804902318336981	0.0514454247920302	1.0	0.4341578955081244	0.2370075565412858	0.2161764016363347	0.1279087018258878	0.77460378491687	0.3812404947157343	0.7799457984008633	0.3486331963847338	0.1118037531902076	0.1366783464282356	0.2948407299342843	0.469434637069383	0.4971458848426995	0.1908900680298298	0.1527835753427575	-0.0340194629425129	0.4457889721683192	0.3902381089412356	0.2656440061565017	0.2301479505923587	0.1586682331872638	0.4824889228104657	-0.0702502053038543	0.3658255131413731	0.2191122283124506	0.0675656206359058	0.3328348861229289	0.4359737441441786	0.155385450572543	0.4532849310396907	0.1355245810456289	0.1437808087392424	0.0956870431277986	0.8550205238194394	0.1652194753746661	0.2095685801388845	0.1390540819591254	0.0784891339148477	0.775915460089667	0.3211562637783741	0.6066345141169485	0.4042305118674063	0.1222958930777341	-0.0245730127603445	0.1976144889080777	0.5674141990193281	0.4177308543662714	0.2552068667498926	0.1939664907099791	-0.0737163415100374	0.1644262376292383	0.3384046420886468
0.4029753547469226	0.3250362322745324	0.4687396584133748	0.3825222223201754	0.1469522310713062	0.4606260488917483	0.547340547200726	0.3077191949433208	0.2746058077785804	0.5279988878304614	0.1675816540614337	0.3518164868457894	0.1323503326873725	0.4318082234970506	0.0393392498653114	0.4341578955081244	1.0	0.4469083569121503	0.5292402040785019	0.2888913551248558	0.4892616864345646	0.448919064542426	0.6533414121262134	0.4404838882700694	0.3181423209963414	0.5430964798489052	0.3660322532213213	0.5210066905472959	0.4838966954293235	0.5543331131482581	0.3080211388971371	0.2572988117458771	0.3372046909986793	0.3227625183467853	0.3510689142067609	0.2367783050759925	0.325267290070206	0.3393743772352403	-0.0117677676015393	0.3020811873553305	0.4774149866048362	0.2211737803654939	0.404032647179555	0.5215478256943735	0.2266923651556477	0.4598034429614003	0.2125997810321555	0.4214238069946854	0.0722940588308375	0.4324482890300321	0.5658934554545832	0.4720012413166382	0.3642212072251532	0.3513490819770983	0.4434049681156244	0.3277994834797925	0.5808765417020073	0.4432843931848047	0.1245930853345066	0.3560267337979739	0.3170553414614775	0.5518098911844012	0.4826304354018719	0.3557214585618255	0.2031825408571724	0.0044435073946235	0.2036743373841467	0.4691048409734954
0.2752473514193408	0.2156704267072101	0.3178455393725565	0.2921691934753285	0.1542525258317814	0.2424995203642067	0.435213477207378	0.3935274236585102	0.246671520103089	0.3402949703544023	0.2664758571603396	0.3151117221785512	0.1957754476858216	0.5391287501621151	0.1639574691987397	0.2370075565412858	0.4469083569121503	1.0	0.5822775865033432	0.2069086611389343	0.2329680836809318	0.358590847963785	0.2957518775541347	0.246475495112473	0.3054268779252396	0.2916482862758301	0.4609161088266809	0.340847454707288	0.3730301198522857	0.3642426218944115	0.1792649601730267	0.1906038370998631	0.2900155789265955	0.2177848992931551	0.3075791314523055	0.2503511623346216	0.2001134546662781	0.2356540553623415	0.1055803894392866	0.2212533590538818	0.436409645631672	0.3395263880033509	0.2787197485945632	0.2723054546412438	0.2964413046067493	0.3254185959978422	0.3400642575863273	0.4836256675021773	0.087372104701605	0.2572568862204873	0.278137932659175	0.50956999167841	0.202747064494855	0.259802540152926	0.208893696929743	0.2340441607664154	0.1886579342081943	0.2281878039814042	0.1901470764977035	0.2542789454812325	0.3636572177902762	0.2737467601554363	0.3825816131420046	0.2105948244197545	0.377821831191222	0.0632924084906932	0.1365003195063542	0.2967447847861831
0.3910814507152119	0.3121321361674142	0.379120557152037	0.3306168354344858	0.0124567098613656	0.2742600038796018	0.474153005845237	0.177562521280463	0.2496431844251342	0.3309144881443831	0.136445321051661	0.2956467269440656	0.0137608894133	0.5282666017118428	0.1044323751679616	0.2161764016363347	0.5292402040785019	0.5822775865033432	1.0000000000000002	0.2266800730764765	0.2648856372407527	0.4472647689455321	0.3859862118838806	0.305920631449479	0.3316180725687142	0.4635075360377218	0.4782810936143869	0.3105453717206421	0.3772971471072626	0.5182669710795655	0.3087341547779855	0.0258902183749198	0.3396575288784701	0.3322188719516116	0.4160141638237078	0.2321539082452062	0.2620722712438772	0.2180715239573983	-0.0202101281742322	0.1518385794421806	0.4248924992620331	0.1401339501977609	0.2201847106959581	0.278064818446064	0.0713219970559114	0.3254359083721871	0.0738018412558273	0.4850180398475116	0.1332755443896177	0.2496017614396999	0.475251697211908	0.4035883867707414	0.5262287141050939	0.2835864290764055	0.2016959314552237	0.2913201010561024	0.3126258827841692	0.3022327918349579	0.1843534450640258	0.3561076141726971	0.4320359733918891	0.2553685688982491	0.2944661356715425	0.2707193287800119	0.0173196208137755	-0.1605351418981433	0.2364371263830733	0.3118704242437757
0.3605621894537237	0.4694458740029814	0.6438608387618274	0.7635731749997132	0.0791167011324941	0.4080969753792565	0.6798580719128293	0.3799912373008959	0.6868769661372479	0.5503530478661997	0.1698446345567424	0.798207299743409	0.1299736857637672	0.4876805119229804	0.1082188006659902	0.1279087018258878	0.2888913551248558	0.2069086611389343	0.2266800730764765	1.0000000000000002	0.2022299759382053	0.5488216897631658	0.3343721105528668	0.6900120207663625	0.4243051851625204	0.5632770874894396	0.6000395271201505	0.5798273211405803	0.3003080170077431	0.3608733431440432	0.2048822802429792	0.1512254937959779	0.2624537343855067	0.3749142371726522	0.2574279165341414	0.3573517150823245	0.4988337373130626	0.5388196757813675	0.0086363258163463	0.3261182434415852	0.5287501061751003	0.3536631928793193	0.6073587599378585	0.4134104464126352	0.1806231823909842	0.7382408530964235	0.1711253401352182	0.3823905438131375	0.2452360976206748	0.0872294253167297	0.1737296691801782	0.2387076612800222	0.0276000845685078	0.944696839593513	0.166066580117747	0.4046378600005058	0.307718091068247	0.608796803864479	0.4286643965693891	0.3216267379576396	0.5315116084644207	0.4669353053040046	0.2639642324138962	0.1391060036784631	0.1663653792710611	0.0194211387453423	0.3037039471587102	0.3868317699901896
0.3699466988768576	0.3232421943697674	0.2707029505683776	0.4912556551491455	0.0080314264516164	0.5883106105428119	0.3331777648302111	0.2984215256637237	0.2707367238603655	0.6187212675142211	0.0894386421720572	0.3912747632195041	0.2096021731066056	0.2352907707241983	0.1290698501251781	0.77460378491687	0.4892616864345646	0.2329680836809318	0.2648856372407527	0.2022299759382053	1.0	0.4490763937969745	0.8662300793465696	0.409867970437526	0.1340804756427884	0.2203562866814424	0.3601007939138766	0.6535092008197347	0.6444037821324847	0.2841842453768921	0.1288997253250097	0.0988291705661849	0.5432614017591528	0.4808565482113598	0.2293883621362407	0.2836227416292923	0.1596663031596044	0.6704968477353411	0.0212985428259509	0.5392035225418237	0.2792456619988143	0.2058381761306466	0.3860457977373037	0.6250666820399327	0.2850469084833031	0.5915936293281786	0.194239024273169	0.1593325067425487	0.16121869270804	0.8044952250715313	0.1121146986809577	0.2381792123477444	0.1050648020266331	0.1700879328304253	0.906834178595931	0.4387225621189475	0.6110312463342857	0.4329175896389705	0.1550167245545598	0.0484750771328457	0.2788178534395821	0.7298647821221721	0.5447030868707734	0.3215577898817396	0.1681577311932284	0.0837119231751217	0.2210162425043457	0.4713649690410774
0.403428957969386	0.7372732648296944	0.5176662736564324	0.6434580106078845	0.1233624453369577	0.5337122822735741	0.6658894890237849	0.3767308149446691	0.6255900256452092	0.5855615282658532	0.3799897027241514	0.560609196664019	0.3702898390670383	0.5288125684777287	0.2108026974087026	0.3812404947157343	0.448919064542426	0.358590847963785	0.4472647689455321	0.5488216897631658	0.4490763937969745	1.0	0.5450832451414087	0.6773886801553967	0.5500644308644954	0.5458553482456316	0.6608492355255075	0.6429895097373668	0.5327148672742971	0.4844406447955516	0.2750404433909763	0.2245300938974599	0.388788351967429	0.4637387396395748	0.2682220895660391	0.5786916138931691	0.3063253988666602	0.5146955515905357	0.0625548852711457	0.4961687175478832	0.5136908910417456	0.3121870409414867	0.4824988762520256	0.5564668370096393	0.3346657852403531	0.6393822042664831	0.3634504463568329	0.3778817298187868	0.2311759269181023	0.4326030578824963	0.2921988238931425	0.2267374572366363	0.3205458873204347	0.5574053931105648	0.4265820680125768	0.7006099277267618	0.4775289595078819	0.6416117187679318	0.524000337184042	0.3081125374386469	0.5624878319626362	0.5763984145968105	0.4684870493182402	0.3145873419048532	0.2040312060046969	0.1283611698393849	0.1454223104621047	0.5489348676545285
0.5045253070771358	0.3872586933194741	0.4524828012291299	0.5704041216086908	0.0668069168972876	0.6537340733969306	0.4636465199265517	0.3128333896567004	0.3280162262862249	0.6927541361878017	0.1526775989498436	0.4964400139499779	0.1908593691251251	0.2744255844962175	0.0588199116544121	0.7799457984008633	0.6533414121262134	0.2957518775541347	0.3859862118838806	0.3343721105528668	0.8662300793465696	0.5450832451414087	1.0	0.4958324448554749	0.2446611139629254	0.3925093989678858	0.4775696075055268	0.7166617809543991	0.645519179831593	0.4059945822974631	0.2360170875008387	0.1824329551782973	0.5487259285078775	0.547230027249612	0.3207511532177319	0.3079714118144914	0.3170123965452203	0.6565440025838101	0.0038542922563505	0.5042681609259156	0.348078579851867	0.1932803758198166	0.4347959572408064	0.6589271650681416	0.2917787369384315	0.6645566423550341	0.199374800824111	0.2448688534199001	0.1408619263057673	0.7978517227146211	0.3403057355058922	0.3671719688444445	0.2249324148885012	0.3009892869438234	0.8133562587244345	0.4445185569540238	0.7977365000201029	0.4984086321807093	0.1943992419512135	0.1904548449934465	0.3697871204391054	0.7830620287632826	0.5465035660005377	0.3279090748654082	0.1759068906119765	0.0259739488475767	0.2870657217885604	0.492708987913557
0.4015732594603493	0.5120477573633861	0.7045557911642525	0.7723652612631795	0.1117778575488811	0.5721281911946039	0.8448150012566914	0.393125487204747	0.8504101556030024	0.6987462807824028	0.2089377136972712	0.6981941865543909	0.3293147313144324	0.6364566609560335	0.2602725979509774	0.3486331963847338	0.4404838882700694	0.246475495112473	0.305920631449479	0.6900120207663625	0.409867970437526	0.6773886801553967	0.4958324448554749	1.0	0.5485471331393615	0.586887667128912	0.7049566254012418	0.6901303920119769	0.4702385751974998	0.2833570524777773	0.4347904796712031	0.1867173139913792	0.2981078216533425	0.3362077059139456	0.3273899289743124	0.2481972316208977	0.4480049211215826	0.6266756986415498	0.0112469847041393	0.5023832320268046	0.6255268480205874	0.3407100290630119	0.7269475929224513	0.632137641887939	0.2219005576528233	0.7314285989013558	0.3794651100882787	0.4962036267686436	0.3003681573925031	0.3209577488766916	0.2325171657864114	0.1963043314433817	0.1483453437922209	0.7241525461450592	0.361945527044748	0.45535469280749	0.422150145357557	0.8582051522783086	0.4902997450393327	0.2379598600997938	0.614554006830843	0.6054749666854669	0.4602417498161483	0.0486902648478837	0.4194959112504677	0.039449522880881	0.1876752272116901	0.3733752922817085
0.2438442275413018	0.4791484182486772	0.4213047581940525	0.4454921995079063	0.0279537532355344	0.2608676108647139	0.5320739991017908	0.1163614505555209	0.5304143672586008	0.3132917578796731	0.2453685189116723	0.3170913161223832	0.242195474882104	0.3750874244208047	0.2593426591884462	0.1118037531902076	0.3181423209963414	0.3054268779252396	0.3316180725687142	0.4243051851625204	0.1340804756427884	0.5500644308644954	0.2446611139629254	0.5485471331393615	1.0	0.4347514329402909	0.5281755027059672	0.2998104922413291	0.2671693986869816	0.2341829055864949	0.2843525426840729	0.2161071003645136	0.2293372558894556	0.3040791633051096	0.1726225113573641	0.331830328890676	0.2476417998774233	0.3357371571831939	0.0588913105816382	0.1932709346296329	0.3900808821247096	0.0607257529995572	0.3208681658156518	0.2990221200741662	0.1394442926729598	0.3595985513436348	0.29359732310747	0.2437053949695007	0.2139562491075966	0.0733368730518089	0.3154155438240091	0.1230811693102111	0.2708682415601197	0.4457140995057942	0.112128839261819	0.3124657936405944	0.2368981624100519	0.45386891186889	0.4594042715239763	0.2144864261251931	0.4802573747447815	0.2182679638487833	0.2223784654490999	0.0370883387197927	0.1763279607844081	0.08647929006515	0.2010683084313443	0.3106194241773011
0.3622068428637179	0.5191889753708837	0.6992735598370224	0.5805137845946541	0.2250393206512795	0.4187176366270477	0.7200206903519771	0.4430414731466808	0.4954341198625445	0.448504913571933	0.1896049310893413	0.563606687627353	0.0135034775650965	0.492709055651181	0.143105161474517	0.1366783464282356	0.5430964798489052	0.2916482862758301	0.4635075360377218	0.5632770874894396	0.2203562866814424	0.5458553482456316	0.3925093989678858	0.586887667128912	0.4347514329402909	0.9999999999999998	0.5518685722544486	0.6026314582325535	0.3410297408104867	0.5664087792338556	0.3266789487145962	0.1537526445985607	0.3234375343579193	0.4457562010388741	0.2744768571048849	0.331762466152454	0.6001443866702192	0.3837632845248701	0.0123413026041297	0.2171155620152338	0.557866028130488	0.3359453581093243	0.5158060144643215	0.3630323937088696	0.0936940425742468	0.543800249031238	0.1483583520173891	0.4390406958785136	0.1773903553719138	0.1624297009602022	0.488955607191447	0.425884929731286	0.2898547267855733	0.6143290450301362	0.1809412111465828	0.4911391279695091	0.5391269619635749	0.4956420675789442	0.3143395405081185	0.7415126354517187	0.5020607829386425	0.5047888740404517	0.3483505697182365	0.3310382379582623	0.1034435626443685	-0.0887799837122823	0.2711633455414849	0.4783373216934919
0.4979684005117385	0.5230064940585608	0.7271028060579069	0.6229466673413026	0.2140674421184456	0.5236298602471268	0.6935066996763316	0.4832990358982478	0.6489140213322677	0.6034096462870738	0.4015114624586371	0.628662531594132	0.3968821720815879	0.6663823854139028	0.250443936255169	0.2948407299342843	0.3660322532213213	0.4609161088266809	0.4782810936143869	0.6000395271201505	0.3601007939138766	0.6608492355255075	0.4775696075055268	0.7049566254012418	0.5281755027059672	0.5518685722544486	1.0000000000000002	0.5871137341382272	0.527933923995836	0.354185204265513	0.2979122163293508	0.2417019448252249	0.3711289545469177	0.3776558084904448	0.3244312636112859	0.393871303622376	0.4609482499832694	0.4498716022795139	0.1248936262186719	0.4774957678385643	0.4834006610958774	0.4548709905776252	0.4719248043696213	0.4988241528648043	0.3521997652178543	0.6395389906711298	0.4299930886524135	0.5224788151177627	0.3055579232560951	0.2801826369760331	0.2062076404164148	0.3864014621866493	0.1748435331398649	0.6283646746914755	0.3275482236227398	0.4671386740783484	0.3828365125975401	0.5327855977968216	0.4797286148010152	0.3569001856717034	0.8144761146189693	0.4814319552458789	0.4707903877156493	0.1197361949433448	0.3121159797857006	0.122799506905611	0.3303333072014383	0.3664474363245284
0.3911932071195608	0.5803362841935108	0.5717526612157583	0.8074960706624557	0.2725479596781772	0.7483328052626266	0.7103201828036722	0.6443712375445012	0.5862121353604532	0.8239325675953472	0.3507301637860776	0.8029198644691291	0.3313235112574589	0.5406872434822185	0.2143092415039471	0.469434637069383	0.5210066905472959	0.340847454707288	0.3105453717206421	0.5798273211405803	0.6535092008197347	0.6429895097373668	0.7166617809543991	0.6901303920119769	0.2998104922413291	0.6026314582325535	0.5871137341382272	0.9999999999999998	0.6802297213525857	0.5686987147133079	0.1717052101469012	0.3146435803850634	0.5200532701739231	0.5548523298643567	0.3121788862047669	0.4469072062594672	0.4241348415578456	0.7693173585414962	0.1271224701989764	0.710251085782981	0.6113459474442801	0.5081600567112569	0.607328931786382	0.759509646965353	0.4247823667835857	0.8484227861713655	0.3902947089791564	0.4633327892871082	0.2215698027628395	0.5189440056856653	0.1989768811903547	0.4071051811123842	0.0735279906975172	0.6005174566530952	0.6020948399410568	0.5935619486835231	0.5832340084563562	0.6447205887652951	0.3819578306873841	0.4379801584205353	0.4907654271166342	0.9324326224162818	0.5914358442814314	0.4245008863361271	0.2543649840300108	0.1874306063929887	0.2564585543578865	0.6339671464504595
0.4925849782839074	0.5251192661707976	0.3524087610872607	0.4661481402200377	0.2672235949313934	0.7330966417043581	0.4728141626553669	0.5243668483388774	0.3605062864274913	0.7415343200239561	0.4715993054646604	0.473592949149925	0.4723470950955288	0.5295152906739599	0.2282471897827285	0.4971458848426995	0.4838966954293235	0.3730301198522857	0.3772971471072626	0.3003080170077431	0.6444037821324847	0.5327148672742971	0.645519179831593	0.4702385751974998	0.2671693986869816	0.3410297408104867	0.527933923995836	0.6802297213525857	1.0	0.4424970298729258	0.1195881786784385	0.3739388515417172	0.5913535915583499	0.5417844552820703	0.4761130882831503	0.5287683096335167	0.3102472607911467	0.5418311926317587	0.3350849575324358	0.6906195621083042	0.5278780262758608	0.4794179589939852	0.4213893740810708	0.7458745715239877	0.5641249949196716	0.5730557450976106	0.5508033685891409	0.5696207200137274	0.1952946558947964	0.5641279758276007	0.2884505354499754	0.4432475953251172	0.2936634545180406	0.3113820049461887	0.597012256765494	0.6025895932321271	0.5578028045215581	0.5555860240036432	0.3888612406213371	0.3751167925367705	0.5646788755334577	0.6901143741699647	0.8565735979184954	0.4196202805432374	0.3706422781967833	0.313392422030918	0.3156984634063282	0.6233210171013417
0.3028912538338998	0.4638549341050206	0.3992329709002425	0.398456266521174	0.2510817408002684	0.4063643914415956	0.515038808258808	0.4274328011125256	0.1748721885742422	0.3761295411116287	0.3066833821760736	0.3911536600632774	0.0831280410384125	0.4236889113962233	0.0927584077340979	0.1908900680298298	0.5543331131482581	0.3642426218944115	0.5182669710795655	0.3608733431440432	0.2841842453768921	0.4844406447955516	0.4059945822974631	0.2833570524777773	0.2341829055864949	0.5664087792338556	0.354185204265513	0.5686987147133079	0.4424970298729258	1.0	0.0925427833419255	0.3355675167694196	0.3484764280854732	0.5154522833847118	0.3135936961086235	0.5016230494897291	0.4940871459182724	0.2883936686454727	0.147036485126283	0.2982038346767908	0.6621771030156111	0.451239432272491	0.2763247698926143	0.305776425424488	0.3044357889902244	0.3982342323538937	0.1716601818770558	0.4747289235317855	0.074979231568947	0.1904997861424492	0.5206496156708443	0.5034382913859092	0.4059512520247644	0.4158079313793872	0.2301577552268602	0.5639300087566652	0.4591460647791289	0.407117174242111	0.2575794319260051	0.7151494859579979	0.4592417553288528	0.5261415811363122	0.3648705017880241	0.7005041590581808	0.0360486415497046	0.1949904686426641	0.209520306057389	0.5947724612367988
0.2362602363253808	0.0842221382670103	0.3280482128903065	0.278774198722303	-0.0069012061437503	0.0867606005655204	0.4333801575413799	-0.0463753124516052	0.3423699062979266	0.2285319542556352	-0.1025832886410881	0.2045443529156525	-0.0259020787997984	0.3229063286537506	0.080525547908687	0.1527835753427575	0.3080211388971371	0.1792649601730267	0.3087341547779855	0.2048822802429792	0.1288997253250097	0.2750404433909763	0.2360170875008387	0.4347904796712031	0.2843525426840729	0.3266789487145962	0.2979122163293508	0.1717052101469012	0.1195881786784385	0.0925427833419255	1.0000000000000002	-0.0366978618616821	0.0205514936177138	0.0281217148960323	0.2398077199078238	-0.0886185941398609	0.1105148111038226	0.2178422254340608	-0.1431823581481634	0.0109052120911662	0.2258472859067959	-0.044279636084107	0.3249797449156593	0.242254350783917	-0.1340096235438451	0.2299907145700186	0.0636623821550934	0.2379447026699002	-0.0397194104414878	0.1357229005047498	0.2497136149699859	0.084458008735958	0.2025940446433516	0.2472502952995172	0.0500471675959767	0.0323526120760955	0.1628387540368623	0.3077275336823352	0.1682075580830812	0.0714046813900578	0.1702920069623239	0.1098023098727074	0.1033465700011259	-0.1790092720272552	0.2555232740180956	-0.201866254056166	-0.0008330516394279	0.0451114713906599
