1.3509230009136353	0.1614531540851729	0.1635624731336271	0.1781103256504579	0.140598992066077	0.2633991061146732	0.2762098670696629	0.1128427249075549	0.1332976889341681	0.198508706656507	0.1445103706247543	0.1552516176215439	0.182989546853296	0.2452371739929146	0.1203954495796129	0.1942599665380493	0.1268191365315258	0.2154584159800894	0.160382831238067	0.1890070424831789	0.1807340024060773	0.1532439460224228	0.1393714060350781	0.1398603740571529	0.2764898745625741	0.1819501338027942	0.1657079108195605	0.1467805575968732	0.141375577740332	0.1403080860604859	0.1343360383153857	0.1473243901781256	0.1737195094532158	0.1070249663428493	0.1428681288027435	0.1471164693047191	0.154666331800013	0.1361820062100935	0.1433833710556822	0.116450126372249	0.1158554146948755	0.1416934156028775	0.1041622794935577	0.1357218842701906	0.1348016884702207	0.2135940633904089	0.1523155996509757	0.2354039480191607	0.161665243780444	0.2002670789045071	0.1983408894539824	0.2851449120434388	0.1837001464502741	0.2543246862300483	0.2321670953094843	0.2997035002230568	0.2391203100702128	0.3460989211618468	0.1934249387012814	0.1684352579568333	0.1665393064987164	0.1619479827144783	0.1351837568268745	0.180023405897308	0.1604726356461414	0.1884102045592532	0.133949671957029	0.21147739586781	0.1571057034161826	0.1111855159222345	0.1999072011975897	0.2704188086298504	0.2334139023951866	0.1494289546907445	0.1100686851389056	0.213980686540137	0.1620480915966995	0.1300438601530897	0.1390603713561944	0.1670075260227133	0.2068963143715736	0.1271665828019781	0.1816609844455463	0.1506679603987386	0.3320290551129528	0.2738462978583964	0.2390715687165583	0.1722791548581161	0.359820067596301	0.2022394514742291	0.2441974476003983	0.2799164329194799	0.2524432077562526	0.099597219107653	0.1462856586875336	0.125056774867506	0.1464438417225766	0.1190324972440137	0.2382346255469967	0.1526991838228628	0.1937955781745417	0.1340022626956516	0.1992817687147345	0.1544494189276113	0.1438107660137459	0.1829364473963979	0.2117450398119551	0.2234998363751064	0.1577653973057931	0.1843234596755838	0.2103616248197983	0.1180864720986978	0.1853649667981738
0.1614531540851729	1.356025993801066	0.161408887619471	0.1448410814840954	0.2163313617467448	0.2669351709849437	0.3467931506675379	0.1538739550099803	0.2287327778789771	0.1300820281479611	0.1610812576220119	0.1388344511460788	0.2260683452939877	0.1473007284393697	0.1073646492827755	0.2025885153262239	0.186317304393353	0.188244600902502	0.1531793012356868	0.1547108956249472	0.8823441317687726	0.13902006551751	0.140188679677915	0.2637341756624005	0.2299898653805776	0.3498797490314391	0.153405799693675	0.2110318240709174	0.2106261990658016	0.1581879190373936	0.1822319532741714	0.1785388442491644	0.1763308489508546	0.1271129050848642	0.1682484756720734	0.1797880602039319	0.1426456144093784	0.1306582075431857	0.1586406856014086	0.2283169591133402	0.1426600041144023	0.1987155943086733	0.1427216496777141	0.153656990996561	0.3866636228717759	0.246958780989301	0.4095548506889317	0.3816094720229275	0.132448890087578	0.4357315296032391	0.439311689885236	0.2490535530472204	0.2824010549459821	0.5671086537336594	0.152017727637614	0.4435586029905982	0.160631832773717	0.297031500569858	0.1253465329197238	0.2510439590523194	0.3494348520760093	0.1798648819763784	0.2105997024585804	0.2852572874092534	0.2774143628676411	0.3454057599535174	0.4207134845240894	0.4111207062241648	0.2350263816604973	0.3738610678408536	0.3599947959898859	0.5383586601237154	0.4116518666745676	0.2379611532523391	0.1679467597145834	0.180194201038832	0.2571478945318963	0.3365825607130768	0.1522544691686418	0.2435966892762477	0.223060491598658	0.2796129197239603	0.3581610642173709	0.1579768537023609	0.2934191512681909	0.2760931049795836	0.2301731111108518	0.320984461546554	0.3626034279388808	0.1941269860356307	0.4902790109708563	0.2000255911806201	0.2626794742124598	0.1326679448071983	0.2409446532415247	0.2363094620486032	0.235813718118365	0.17365289923048	0.2825016241111262	0.2638862134480222	0.2444283517801455	0.4852971206835814	0.3456172635744226	0.187409693032869	0.2848007643131867	0.3465634000390878	0.467759176286707	0.3017984521450758	0.1146620810474852	0.1586359498282066	0.160503240171927	0.2204133368404655	0.304738552644471
0.1635624731336271	0.161408887619471	1.3316338534172472	0.1467769514504988	0.14662210941575	0.1502217025622769	0.1587938450982795	0.1060646531783771	0.1160855556399029	0.1240119572227218	0.1240502897230992	0.2212129810916527	0.1341400776399517	0.1458442341961161	0.1304403994748151	0.1502334483664604	0.1175290141858846	0.1706690319029586	0.1415200292503948	0.1529240735690331	0.1260855979154618	0.5642905527402045	0.1502631678949004	0.1134897617092827	0.1471829726210103	0.1516770675918053	0.1276928810269764	0.1178072654325346	0.1413731994494016	0.1349996562268307	0.147458278799009	0.1323480279322888	0.1525650386898913	0.1383947949064055	0.1307232103850877	0.2452996353396663	0.1391435422000251	0.1630887810399981	0.1371442015009298	0.1250090930196892	0.1335738251389653	0.1533108065325157	0.1064401476993728	0.1456415441491891	0.1826198572551947	0.1253289443768572	0.1273325008632433	0.1462154213985433	0.1830143962677981	0.1349597053333848	0.1373049318613199	0.1654389534157525	0.1255966841196532	0.1345605790390607	0.181839021559929	0.1536200071871771	0.2262334730882411	0.163311444003372	0.1528669034594765	0.146842784963967	0.1722299367475104	0.1536776815255534	0.1357416433492542	0.1439467974475707	0.165917076351552	0.097832772583799	0.1332462816554676	0.1338948657150265	0.144206550262294	0.1159548187474737	0.1183715190753744	0.1391897734972147	0.1986093016288466	0.1405541796174665	0.1577218263889177	0.2154582266520863	0.1600785143726462	0.1441063512765881	0.1268322936850587	0.1513499472714805	0.167320794987936	0.1560655685810017	0.1239138893103835	0.1935944654427484	0.1356953677248062	0.1386560707742177	0.1124413810517452	0.137603745000403	0.1671713269957253	0.2226025335265067	0.1555481986569074	0.235244624010197	0.1393513490619753	0.13258664947735	0.1657168469562995	0.1430426861796281	0.1411705458022805	0.1232446650730052	0.1541637806471518	0.166250955897758	0.1208515049457972	0.144799575821799	0.1553404880263391	0.1325436032328291	0.1141752013949801	0.1405376126208706	0.1509312323374807	0.1680776888083093	0.1332003586735597	0.1558288730213766	0.1890296738213503	0.1067516148069982	0.1253294606234982
0.1781103256504579	0.1448410814840954	0.1467769514504988	1.3507000999715424	0.1420073219711541	0.1342603747139801	0.1685294022043191	0.1287390185250947	0.1208363229487172	0.1247283897684301	0.1707105954615437	0.1579141163826767	0.1532543984393779	0.2021373162913082	0.1359222944044358	0.1639189742728088	0.1073759693574061	0.1282686303517568	0.1411112669262451	0.1262670338170259	0.1208939454892039	0.1625113068938573	0.1410536025629643	0.1473047154266922	0.1378038076225607	0.1805712456581591	0.107095306345724	0.1309785165510684	0.170442771506698	0.1482390608292627	0.1183626435168507	0.1453010908135059	0.137156673990705	0.1195520910505161	0.1217803497294669	0.1568890127463893	0.154943811243398	0.1319355727317797	0.157537152520037	0.1360126098840952	0.1275751035449115	0.1556412708551562	0.1555325997899812	0.13127550608184	0.1994924714185213	0.1426245488925523	0.1197385803741939	0.157018479422561	0.1370878212051058	0.1262156375110965	0.1427778378155233	0.1499396703304398	0.1179563848485072	0.1418150238204711	0.1375763078815861	0.1631439330013577	0.1254877250882922	0.141776391731196	0.1573215954801945	0.1692325876964338	0.1582519673049844	0.1736540900484415	0.1328001876861311	0.1489278421501936	0.1679633288264277	0.1107828220162607	0.1561981695931322	0.1459058055906297	0.1342996469339867	0.1191527048273473	0.134835822954912	0.1471440330487565	0.1500440714675974	0.1293585560576318	0.1182346226102772	0.1517676998828756	0.1432723850116728	0.1363111900262197	0.1505623604923744	0.1699804962605666	0.1672431805238226	0.1507837553460715	0.1341344264075656	0.1387153650799923	0.1293146902253195	0.1312536383037654	0.1290013985486959	0.1382763699777571	0.1434397140653835	0.1265427480125254	0.1761586984380194	0.1185756835588209	0.1507052502480785	0.1125366481484526	0.154836966384896	0.1305009311836436	0.1490276962812347	0.1239639304304649	0.1564235147120856	0.1239883968478228	0.1526037504856088	0.1337303156015874	0.1570997317601596	0.119803660795192	0.1087684486177984	0.1370060946533691	0.1629842988631304	0.1441665634002662	0.1817548497309706	0.130860017224184	0.1348245404197463	0.1636233821806616	0.1378865471396189
0.140598992066077	0.2163313617467448	0.14662210941575	0.1420073219711541	1.3604521553463496	0.2734037876431658	0.1802774023342106	0.1886699315192448	0.181212852242842	0.1058490352857779	0.1718930569897194	0.1726799963487195	0.3048364503500202	0.176694657314214	0.148019553554036	0.1393912251294997	0.1466493637108668	0.1800345008389117	0.165004263454576	0.153178712522517	0.2046083257053865	0.1721799107848545	0.1461904425080922	0.3294254579430742	0.2013735946446191	0.1571195253836279	0.1373109775517491	0.1366323485567511	0.1859577586684935	0.1482407017325604	0.1530879847259818	0.1520876397906123	0.1483888163783033	0.1226517876196675	0.1448836976907364	0.1389667389307218	0.1189823605114268	0.1300744066766439	0.1706909754549688	0.1569218391769089	0.1535914431656806	0.1719056943711407	0.181837251021065	0.1443558984980528	0.2267191046296828	0.1560485527462498	0.1322947978766429	0.1816728838592283	0.1262705230894845	0.1965874171077297	0.165047305008847	0.1618873679205732	0.1515945451889209	0.1919669718901051	0.1461879106154056	0.1634645253132118	0.1282275286450325	0.1740113870467636	0.1557949961328741	0.1331245471622102	0.1611636836467163	0.1467483485716387	0.1617349082543668	0.1926253224004774	0.1701659403818469	0.1896126621881846	0.1633067254803091	0.1399963544523315	0.1488320635507536	0.179915150259335	0.1703443658123351	0.1541718380052605	0.1435158000168863	0.1464222154151793	0.1529696632083448	0.1825446629528802	0.1865391151587783	0.2808216596199129	0.1176817651858632	0.2030269997890137	0.1840453071970609	0.2065314498150501	0.1940464351235293	0.1797925861906648	0.1480757003620851	0.1479266526704226	0.1552627869130676	0.1177165000822899	0.1679401357174059	0.1345430211609937	0.1824606857684427	0.1240273278024703	0.1745380712143616	0.13593766583773	0.1276374141814686	0.1778089367326272	0.1650844600826575	0.1525124465472904	0.1551562457239956	0.1452749773464985	0.126807968164103	0.1961331279594533	0.1458745074515572	0.1829505521432226	0.2113664425704451	0.1840422341909535	0.1676395963444212	0.1484514810443249	0.1161775397782935	0.1488441238373399	0.1577436500965756	0.2060030639055492	0.1816658450160169
0.2633991061146732	0.2669351709849437	0.1502217025622769	0.1342603747139801	0.2734037876431658	1.3514738789739345	0.2847956208200015	0.2442107348250486	0.2151310852018406	0.1322657600001511	0.131703328486691	0.1153599888209253	0.2451767444692496	0.1754807080050557	0.1656489536467278	0.2416442096272497	0.1298589963000864	0.2345264315387094	0.1824787318975955	0.2328443596184257	0.2482397159699632	0.1248974622793852	0.1788569218628604	0.2563955927035151	0.6751241249089999	0.2214046670529166	0.2050824574825647	0.1871417254091625	0.1733724520340427	0.1330519520689401	0.1409767914003641	0.158050813842089	0.1391000450353843	0.1490178438605465	0.1571291655860838	0.1920180024029454	0.1608582205371922	0.1406508214780624	0.1932825803740785	0.1439252663121095	0.1453471514227606	0.1612993134535809	0.1139693134298349	0.1189651426448676	0.1888813622196545	0.1992071527894836	0.1870842830439425	0.2125836167057828	0.1696745522470237	0.2459360611685044	0.2714875795114793	0.2353735175684956	0.1878191954066501	0.3148449095593957	0.143789492155415	0.3291578239504211	0.1250518709341888	0.2690423107372259	0.1756667749979019	0.1640540349424259	0.1951407920474865	0.2007944931993703	0.1667928100844866	0.2323576267958147	0.1854566792618888	0.1899280201995017	0.1546106735412404	0.2123942349256022	0.1535931899407785	0.2681942673005455	0.1822167831119827	0.2616210599909259	0.2032106429519364	0.2058734516323754	0.1230138515105716	0.1909370033919826	0.1958684334504932	0.1896691552140028	0.1396342816739286	0.1788038383494203	0.2395033703715174	0.2052059130093306	0.1725041701291525	0.149046565551159	0.2264873890419698	0.2612003174285027	0.2182159266617214	0.1584116155510333	0.2371488376357611	0.15567844871362	0.2430020731433755	0.1330356058547508	0.2843555899343357	0.1251547676127264	0.1789659356295292	0.1528410729906388	0.1970432805256274	0.1138272636048691	0.2812815657136296	0.1813302094885251	0.1754678180301141	0.171231406316819	0.1937938483131844	0.1534201763844231	0.2851827837368192	0.1883910991635939	0.2035653944661959	0.2498825072396187	0.1357444335939961	0.1508855734396386	0.1285897654312568	0.1626090324394695	0.1854241654237496
0.2762098670696629	0.3467931506675379	0.1587938450982795	0.1685294022043191	0.1802774023342106	0.2847956208200015	1.3511349961956505	0.1883456762491073	0.19046282629533	0.1483657076195914	0.1530096308421633	0.2040833003514759	0.2210431384165856	0.2643218823643511	0.1377306474899633	0.3018752849768606	0.1689326170345113	0.249912939079377	0.1446122802020344	0.2003339736477869	0.2895175954790412	0.1333359056879173	0.1382355570580768	0.2225933398050177	0.2686423681364989	0.4537080121867785	0.1930889547451109	0.2285061026333581	0.1317494853466581	0.1568907732134334	0.1854845677325007	0.2162284254067863	0.2330777219660191	0.1341472745039311	0.1684427253881661	0.1380707863850974	0.1331839788077333	0.1299500533952899	0.1743166683534456	0.1824162017740098	0.1422683951358623	0.1952176783834458	0.1236752697584622	0.161836401251298	0.1682795451512033	0.3667669244887888	0.2192896132211439	0.2743582514975768	0.1713417215993358	0.3616367591213354	0.2597543324208988	0.2846748738239855	0.2289740560220812	0.3748033543487228	0.1709206166499672	0.3715699336728351	0.1764839577004799	0.2857286015818419	0.1565052804090152	0.135159541199421	0.2521750603411741	0.2093966169479548	0.1478268267929516	0.2168060396977953	0.1886293445437994	0.3063291057690813	0.2072810359341748	0.2724539592270538	0.1618762327144711	0.2637719716873032	0.2636586459496097	0.3847074034943754	0.3230794988441712	0.2342879910594391	0.1412020698426062	0.1828805539465365	0.1931970526922031	0.1861499442427634	0.1571482204654328	0.220639156533581	0.2840601365414921	0.1634196022799043	0.2159791513744924	0.1701684478375993	0.3379243240087533	0.2142616036994358	0.2348500400683653	0.2168022406181604	0.3635317557540185	0.1621349297209819	0.3273177982387256	0.1854295721699168	0.2314111669295453	0.1148223883520618	0.1314893274348936	0.1510516785247437	0.1836380815530809	0.1660694219084213	0.2527038471023681	0.1790941376846282	0.2617421526711059	0.184131357214266	0.2294171784776972	0.1770513358865635	0.184878188054002	0.2320600890762358	0.3051517867104421	0.3069413913530496	0.1691425153403374	0.1740449116353621	0.158656880011434	0.1375455034437038	0.2847589689916452
0.1128427249075549	0.1538739550099803	0.1060646531783771	0.1287390185250947	0.1886699315192448	0.2442107348250486	0.1883456762491073	1.342821107790546	0.1792768330373793	0.1196819618966156	0.1543270662041269	0.166943433575228	0.1724493352417697	0.1267049476969646	0.1422888138317768	0.2019132019840768	0.1126053193020988	0.1407437502638098	0.1339801178670159	0.1626256631970761	0.1364067440631515	0.1419122762679112	0.1076225545388736	0.1734633173157069	0.1742470254850818	0.1871090487443396	0.3260819994155151	0.160030609601633	0.1407975532578769	0.0984808241384671	0.1283500684661245	0.105797903226664	0.1535818655213825	0.1246362117535966	0.1078980582546211	0.0998844400953968	0.1349826881406501	0.1399586019088703	0.1380617998148539	0.106601361531375	0.1105003388837708	0.137921270061252	0.1248002386354016	0.1123042651230434	0.1410934082193495	0.1232144008697693	0.203204251780793	0.1390902682118824	0.1353846165990821	0.1457257944432903	0.1580092416178899	0.1820758448509414	0.151102170648163	0.1438152662297946	0.1004800737694546	0.1634609561416242	0.0958945200182599	0.1942215993681593	0.1217508189390281	0.1388671764467615	0.1449670901145694	0.1416203282957848	0.1471406848518883	0.1969632469082265	0.1316657816097715	0.1518354492628546	0.1276878796211678	0.1737928297556248	0.1279811994666868	0.187510398797702	0.1458729916575398	0.1344160143587043	0.1262261618073967	0.1323757350351968	0.1604321028789925	0.1513304501032237	0.1402001987299881	0.120372716942521	0.1232651299976801	0.1353368657920652	0.1455426276600917	0.1704795523923152	0.1338677475282503	0.1300993998711339	0.1067820352554598	0.1461488449550652	0.1712905873965304	0.1480003768548154	0.1204205380147014	0.1257966626991074	0.1432044339535494	0.1067844554359247	0.1738224235052454	0.1155567674853408	0.1617799882011743	0.1432520463004314	0.1531791691213344	0.1062481275196667	0.192306606453724	0.1454499613860678	0.1397149045075254	0.1341294874593268	0.1538646563100467	0.132084837000832	0.224125349583959	0.1650590758817518	0.1610789232116518	0.1356737199130187	0.1287041341077364	0.1445187991885426	0.166409795143446	0.1704676951238797	0.1703760647899299
0.1332976889341681	0.2287327778789771	0.1160855556399029	0.1208363229487172	0.181212852242842	0.2151310852018406	0.19046282629533	0.1792768330373793	1.3558390188090614	0.1254953234778542	0.1264153916299371	0.124977592092355	0.1619616466091082	0.1320004601132982	0.1348486153487416	0.1511922757357355	0.1161469702486304	0.1593347099775801	0.1384013949176301	0.1417748572677499	0.2528217221121132	0.1162180890746462	0.1572605314537947	0.1703327970769299	0.1731352902756855	0.2020093309638868	0.172590361249056	0.2806477413408794	0.1786006174889047	0.1235713615286009	0.1589113497256278	0.1418015387681874	0.1385845571166974	0.163885582447425	0.117814348566986	0.112287082289459	0.1329261515296158	0.1207358106488047	0.1363120587673325	0.1549151923031289	0.1268902513361469	0.1845591914078124	0.1237296661098161	0.1398829946357862	0.2057491893846519	0.1649726173809291	0.2000465662722232	0.2075014260434313	0.1418270622750643	0.192378173171579	0.2709264801587574	0.1874800049558906	0.1744835973259091	0.2096830656741	0.1260838678312366	0.1943061163955857	0.1243666464462727	0.1708115294182794	0.1199264792641017	0.1425032567289257	0.2013103452179647	0.1245766764553906	0.1189582242523421	0.2084272284292456	0.1520402627202877	0.1472263805003528	0.156815815509967	0.186929306455502	0.1782619351113927	0.2210791729942887	0.1784938632873416	0.2526492512349518	0.1813008480051543	0.198903981422962	0.1361996348565091	0.164243442699969	0.1744112544435347	0.2187166772740836	0.1646814587930691	0.1935365992258964	0.1897943438027933	0.3238650444046067	0.1940036994102838	0.1358755007496803	0.1352031649609779	0.2474673027556271	0.1862316866611513	0.1838766125015167	0.1481522323911459	0.124762785593651	0.1949295905933521	0.1210945595156216	0.1963054237975381	0.1309866402371478	0.1264769336355788	0.249163437053391	0.2133898548778239	0.1373664084820456	0.1993065032465013	0.1471684829699828	0.1775383240592161	0.2358493179375722	0.2810161463421252	0.1485033461426796	0.2819621856890704	0.2016222332679271	0.2159487723779669	0.158589059621482	0.1389161768053775	0.124707379016927	0.1132940703340361	0.1784212480012375	0.2135584055996275
0.198508706656507	0.1300820281479611	0.1240119572227218	0.1247283897684301	0.1058490352857779	0.1322657600001511	0.1483657076195914	0.1196819618966156	0.1254953234778542	1.3521932585580934	0.146984936317609	0.1388720769595304	0.1528431548791529	0.1332735796976134	0.1159357286919116	0.1056144589643963	0.128786460141753	0.151182651778031	0.1220225045924774	0.1409278511122922	0.1408322179127195	0.1722944794968679	0.1177264380831397	0.1376742633621779	0.1554230047693581	0.1228006648505584	0.1343582350970482	0.1300039506954133	0.1371351225154775	0.1270724540243053	0.0966642946793463	0.1122131103717052	0.1412282870614474	0.1222513794721269	0.1196330916058849	0.111638997979397	0.1073170267433338	0.1046359548136948	0.1316414511285533	0.104675503414235	0.1263081965724239	0.1570046884974161	0.1216807036401661	0.1569074548748545	0.1498802955874048	0.1652878062299461	0.1069762763642829	0.1819776375598278	0.1348342543985152	0.1434161583296349	0.1566802114927634	0.1375060099959633	0.122204898399965	0.1253453919488443	0.12712256810316	0.1572152477441974	0.1158217190390464	0.147906078469397	0.1742162968431682	0.1387379394909356	0.1609602039433095	0.1950867243209133	0.1376116831838381	0.1409808284355858	0.1225352964975616	0.1189129871575263	0.119109428528481	0.130404748855085	0.2104615111628858	0.138612112973588	0.1189011573607938	0.1295995551325077	0.1221568125606653	0.1312672870102105	0.1539650297009309	0.1468620367965103	0.1281721781676159	0.1164469180480924	0.0928768808713398	0.1156548756120594	0.1587873179790824	0.1283518520330488	0.1235305985682213	0.1277726797409029	0.1200050981286784	0.1282943934463105	0.1361127413379312	0.1388702833142527	0.1354926436137438	0.1184436538530153	0.1721347774608279	0.1335213982912524	0.1276817846244089	0.1144360991650295	0.1469632887577381	0.1249859936067503	0.1131391954118541	0.1314559441799039	0.1517648208645514	0.1314078481054341	0.1162552674227646	0.1222788455081271	0.1210774874244062	0.1185924520076211	0.1492335272752276	0.1148605607442743	0.1509005507982435	0.1229464175143659	0.1234660209015476	0.1211640907045579	0.1154275145946952	0.1323784503182663	0.1007850842007105
0.1445103706247543	0.1610812576220119	0.1240502897230992	0.1707105954615437	0.1718930569897194	0.131703328486691	0.1530096308421633	0.1543270662041269	0.1264153916299371	0.146984936317609	1.3375572741863535	0.1961121493889237	0.1475876335779	0.2006224168111785	0.161265468677823	0.2141263796631536	0.1121818879572886	0.1683061623783519	0.1390597318752284	0.1229869822443321	0.165172696493788	0.152464112388591	0.1485524297986762	0.1277100017499108	0.1484440631013504	0.1508996644935143	0.1226937105081322	0.1304137371867373	0.1625107032682553	0.185699403634862	0.1100576003644544	0.1385293799994738	0.1395153565859468	0.1200515346156034	0.1574239123395546	0.1390512913399249	0.1713326592098889	0.1440019769926879	0.1375170881084768	0.1088959959459758	0.1041058471820255	0.1374918736547412	0.1448220376489954	0.1496173651446311	0.1475454018505768	0.1149756269455624	0.1672295123424874	0.1494430193546909	0.1449733208901831	0.1973251294666012	0.1497147114949291	0.1269830251860204	0.1518337799657381	0.1578133365028291	0.1239036910419928	0.1372433478912116	0.1327970253799995	0.1343272637662247	0.1375762786487042	0.1349750147770914	0.1635302684242647	0.1363647159116379	0.1330970928639567	0.1411182666254991	0.156964353292949	0.1307944185289784	0.1472591096906796	0.1444529306865467	0.1158910622882736	0.1205789207986827	0.1095516547619048	0.1801303736313775	0.1677678058465019	0.1514500403205856	0.1280160871038846	0.1533467687392846	0.1330916212836586	0.1345742661465747	0.1429505805937942	0.1278576409648586	0.1279277876863309	0.144506553538716	0.1182906456120509	0.1756945429311409	0.1373225328454674	0.1176125065050373	0.1497293274241524	0.1440059358402292	0.1339237836426692	0.1395059223794419	0.1689491953290005	0.1157416351623412	0.1408483831780964	0.1643407211604364	0.1394183269969922	0.1806570883531328	0.1351499328893517	0.1491214343007021	0.1349649205446947	0.1517919696929723	0.1690857338456073	0.1537531370345197	0.1377627281268756	0.1364148116328625	0.136442725212345	0.141284347063487	0.1494289252729252	0.1611617410444612	0.159418517746813	0.1537551375050867	0.135216398666186	0.1370610053109304	0.1675253008106363
0.1552516176215439	0.1388344511460788	0.2212129810916527	0.1579141163826767	0.1726799963487195	0.1153599888209253	0.2040833003514759	0.166943433575228	0.124977592092355	0.1388720769595304	0.1961121493889237	1.34291718328351	0.1893525192317291	0.1834111713974451	0.1675412357180556	0.200589543968455	0.1860071872078279	0.1904300526704396	0.1488179956650661	0.1711373506657558	0.1506801518781895	0.2002516575558433	0.1327615495115264	0.172934872449435	0.1367230698555843	0.1766241837310742	0.1476004009939107	0.1227393153309845	0.1317447728204186	0.1468423494496011	0.1367039873800557	0.14244544350856	0.1885726011678548	0.1320622697207216	0.167450824980107	0.1325853844857407	0.1249728176902111	0.1694886362897776	0.1589139985938388	0.1513156458457762	0.1356187805053581	0.1375454458979899	0.1507866605279852	0.1651259164722791	0.1273212426249284	0.1335484812427481	0.146098508990442	0.1514757974825249	0.1585182691772884	0.1558413685988506	0.1578913602472695	0.1202914949210161	0.1264149350710042	0.1494089708135622	0.1581909843975131	0.1710680584603237	0.1427027099136291	0.1575904718616385	0.1507087734457917	0.1516878086484423	0.1943550465320358	0.1419183595338546	0.1416569045404445	0.1346235031015394	0.150742483749366	0.1475587895679133	0.1524948842792746	0.1377012164464712	0.1460035842486897	0.1464866754196547	0.1403956386408928	0.1595854425939	0.1968779098799133	0.1388225716674336	0.1714359590876757	0.2432803275058397	0.1715856456759299	0.1143256306187963	0.1530289383430076	0.1406032197742206	0.137282918443617	0.1305555966385529	0.1299489890367438	0.1372016266208096	0.1501791852688985	0.1394914878307247	0.1126214075211358	0.1208618342907712	0.1783011029434185	0.1967594677059994	0.1393130560801569	0.1312596300454922	0.1679481382161656	0.148847209998931	0.1617495859753654	0.1602986744434655	0.1670609858948299	0.1767973944738274	0.1318857683391732	0.1284594290268854	0.1458492218493789	0.150133009726554	0.1613615950386204	0.1704258267663743	0.1253020926585799	0.1493786385150262	0.1472520176690155	0.1710366054179868	0.144747127550552	0.1724046367670197	0.1894392152527642	0.1270008551304657	0.1499016980585974
0.182989546853296	0.2260683452939877	0.1341400776399517	0.1532543984393779	0.3048364503500202	0.2451767444692496	0.2210431384165856	0.1724493352417697	0.1619616466091082	0.1528431548791529	0.1475876335779	0.1893525192317291	1.3546149189860826	0.1291708371864786	0.1314215534863025	0.157369748293048	0.1497851543890735	0.2109919090290155	0.118524172337902	0.1529247766057491	0.2009832804234905	0.1499433836532731	0.1139210734463329	0.286521827591284	0.2195963261924127	0.1442732143102238	0.1699805356981087	0.1475102803018195	0.1463419934172769	0.134259882667501	0.1249447774076797	0.1731164487258611	0.1829307028536657	0.1367808906977714	0.1603780090125752	0.1276286546857852	0.1282141481442655	0.1334136141367681	0.1444836637366773	0.1611813771411645	0.1321067783987057	0.1428531997107187	0.2419164837926803	0.1554293435230409	0.1917123130265947	0.1970246464125171	0.1892902952136959	0.2789601213773629	0.1360346590997148	0.1744758628448455	0.2416549677920629	0.1953038713352697	0.2103221009846425	0.2382662325807567	0.154818439926105	0.2297539250074365	0.1389944295333371	0.2069249144312355	0.1301241840133489	0.1514589842079372	0.1696944245669156	0.1661296705213146	0.1564592176270833	0.2462144894561815	0.1602447127716608	0.2076771241718393	0.1704372594536618	0.2275904785852356	0.1403752384476151	0.1847192998099975	0.2264772776401589	0.2460645702869506	0.2228544488885901	0.153811255553121	0.1363777924248088	0.157450760419346	0.2037987453223051	0.2361496873442909	0.1463829835105317	0.1901512958621563	0.245153528924769	0.1844957219180987	0.2410060870369497	0.1789196809974855	0.2462943091958163	0.2416201382716165	0.1613368272266182	0.1839895097552695	0.2062407536080774	0.171053324955877	0.2576013238755656	0.1946208731430996	0.2086041041891251	0.1536423662053216	0.1346825205480035	0.139615671114484	0.1573187130391566	0.1224093265980457	0.251472535474929	0.1751258511976505	0.2031331189368499	0.1799794397673766	0.2251292270497238	0.2188001651215021	0.183273962506778	0.1971834190672767	0.2385617330034923	0.1935145149396069	0.1332517425246804	0.1274964608096374	0.1450148709087555	0.2129662226958144	0.2038508641624483
0.2452371739929146	0.1473007284393697	0.1458442341961161	0.2021373162913082	0.176694657314214	0.1754807080050557	0.2643218823643511	0.1267049476969646	0.1320004601132982	0.1332735796976134	0.2006224168111785	0.1834111713974451	0.1291708371864786	1.342247382674071	0.1730699666785753	0.2384617727154108	0.1556914532760043	0.1495307956542984	0.1397600276002997	0.1888509417600303	0.1401866829342175	0.1391533160049674	0.1558301928409289	0.1548867988804438	0.129223980730802	0.1969849784145116	0.1439377240295689	0.1337355517850822	0.1459005306683369	0.2138505918127231	0.1684220436565207	0.18256890211949	0.1252369130861357	0.104788389818502	0.2195863011671885	0.1236024819472163	0.1321727628834468	0.1444685873895546	0.1521777333898244	0.1354373212056456	0.1210261890422348	0.1949573123874088	0.111324049989756	0.1737543518559343	0.1253701729014631	0.1552025370498988	0.1206321085155623	0.138657174036159	0.1600678249825637	0.2056086000858084	0.1461406752633491	0.1990244390479771	0.1590506520811248	0.1786738921160218	0.1638135597765648	0.1809642609255606	0.1844270760445132	0.2209480043223468	0.190289349592672	0.1655124255949829	0.1615110296463475	0.1470785606535285	0.1314564018457931	0.1481593451566327	0.1618411282090512	0.1426383991492832	0.1195715134154316	0.1610947441815273	0.154847319138482	0.1412167731246683	0.1761340142291301	0.1957090894063817	0.2089195304739393	0.1298272929397752	0.1132712404725033	0.1696819748469247	0.1113900529741052	0.113024057847717	0.1330946148767866	0.2208783988392983	0.1526857990023833	0.1100074682899023	0.1274370496537846	0.1763591961590043	0.2248005127573744	0.12054252591596	0.1598384826120877	0.1308004652530163	0.238812661589769	0.172539953754411	0.1598881983534106	0.1872887311166895	0.1645022074245776	0.1341408719766894	0.1156246294032143	0.1750483845177104	0.13389085821664	0.1680197550315236	0.151503214559848	0.1538706977378421	0.1544267543985711	0.15619854809154	0.1508287666067689	0.1802232523387577	0.1104829148219552	0.1549602991218597	0.1624637293570296	0.2392424133931783	0.1329600041712435	0.1734121199956328	0.1647879754530077	0.1130097563026604	0.1497057690210423
0.1203954495796129	0.1073646492827755	0.1304403994748151	0.1359222944044358	0.148019553554036	0.1656489536467278	0.1377306474899633	0.1422888138317768	0.1348486153487416	0.1159357286919116	0.161265468677823	0.1675412357180556	0.1314215534863025	0.1730699666785753	1.3513822601104208	0.1556150662330724	0.125767255682069	0.1598880799772164	0.1243203418923801	0.1271573328819828	0.1261989957242724	0.1092315825595324	0.1560376036499633	0.1436314759875916	0.1193555058884658	0.1233552280021461	0.0967201874336209	0.1381225905754748	0.1527151278057692	0.1086665590720041	0.1066752450182448	0.1500929754415869	0.1206646312496104	0.1217894317138439	0.1220881322624647	0.1418367999343415	0.1153593793562191	0.1322869757474603	0.1344083689197956	0.1308939701657152	0.1371820723356691	0.1293735458445333	0.1260061849007012	0.1249882547487883	0.1210779156232755	0.140460040715415	0.1121390330687814	0.0961898660579203	0.1588675734242226	0.1076560169383205	0.1313628274954377	0.142297254783136	0.1576158100041746	0.139731181646125	0.1683103717488521	0.1114386332733854	0.128142125678127	0.1332706456324635	0.1204760991788145	0.1108214765900719	0.1352917874735837	0.1262998320362793	0.1319708250295352	0.0890677112385738	0.0997190313636693	0.1517354429566122	0.0816445103580978	0.1404707791171136	0.1266118899774255	0.110866245490266	0.1636913820832273	0.1041158724098867	0.1596268214646841	0.1042743388285805	0.1731815133640299	0.1997524227294711	0.1430600913467588	0.1386449560171803	0.1444630307639185	0.14897990019118	0.1912310606866105	0.1490550414266938	0.1230754432008014	0.1485070906433767	0.1238265761327728	0.1165439054742947	0.1421589219978596	0.1263256539604356	0.1266941793018494	0.1671504096888707	0.1176592168349834	0.1372077830140954	0.1332875314675208	0.1500855294663967	0.1280826039172584	0.1092931573778956	0.1293697326242675	0.1617611137714396	0.1171452363525178	0.1208120591702943	0.1668803925544129	0.1026714677390758	0.1136053420718665	0.1179427180086243	0.1058287847181684	0.1543052688776676	0.1111796785276952	0.1570527371957428	0.1408170062386862	0.1449684315749202	0.1442480337156197	0.1423752857904103	0.1259859215844301
0.1942599665380493	0.2025885153262239	0.1502334483664604	0.1639189742728088	0.1393912251294997	0.2416442096272497	0.3018752849768606	0.2019132019840768	0.1511922757357355	0.1056144589643963	0.2141263796631536	0.200589543968455	0.157369748293048	0.2384617727154108	0.1556150662330724	1.3553473402597898	0.1256490239669041	0.1441850648960114	0.1399023848277334	0.2892040445854773	0.1750024905610177	0.134997803264401	0.1242111223294344	0.1387585970144602	0.2257801235828971	0.2426241558857462	0.2108960430307132	0.1360949549182386	0.1259390520585315	0.164312859181833	0.1420744752155958	0.1332338359413443	0.1274931352436814	0.1459032786693423	0.2454165326372503	0.1314109959729776	0.1338809773851688	0.1492810713115009	0.2431350095824624	0.1493054883555498	0.1530168578488577	0.1968976261458532	0.1767263602304938	0.1393729975805593	0.1398422579422664	0.1661777546104206	0.13072886467942	0.1685383441159205	0.1636519513514081	0.1979010821888938	0.1528402123183401	0.1478901070050406	0.1383629609902534	0.1910911157852695	0.1464357094472337	0.1796075502072112	0.1536423587643849	0.1909686682996341	0.1356194623702613	0.1496538869430761	0.2100681239904096	0.1575261179719636	0.153235589967501	0.1547612775954121	0.1429101116249178	0.154719506949081	0.1372046262073434	0.1470774923382656	0.1275125067433684	0.1523815068927811	0.1143460173390629	0.1751267471724915	0.1962258393863827	0.1611895015819611	0.1553147003631272	0.1730400324925263	0.1588322613597323	0.1861867679244655	0.147092259942883	0.156672470755006	0.1687141127738893	0.1560737819704334	0.1736404402064826	0.1648830677381125	0.1631335077722839	0.1560101333077375	0.1687290780445272	0.1423911278013525	0.1653383184461381	0.1597900313040448	0.1840954489318322	0.1450404317332623	0.1848785403445871	0.1127912314901342	0.1462396117805884	0.1670641843071427	0.1375122321818302	0.1641792511777131	0.1424651158731862	0.134798228211852	0.1439871227742122	0.1310301054425675	0.1479980807649958	0.1456656523881383	0.1548221990297555	0.1508543699671838	0.1543021978988932	0.1845802790469806	0.1566201899024877	0.1596377407234319	0.1588124026285902	0.1571208948447982	0.2120565094749604
0.1268191365315258	0.186317304393353	0.1175290141858846	0.1073759693574061	0.1466493637108668	0.1298589963000864	0.1689326170345113	0.1126053193020988	0.1161469702486304	0.128786460141753	0.1121818879572886	0.1860071872078279	0.1497851543890735	0.1556914532760043	0.125767255682069	0.1256490239669041	1.35513729117675	0.1326703674885792	0.1313763085474066	0.1394984425134682	0.2029767853084605	0.1225178904798411	0.1150240794182178	0.1417676937872469	0.1343107824477512	0.136840144396598	0.0953981674931938	0.131727633129957	0.1527032754560569	0.1286350662856081	0.1505181407272404	0.1791694779551118	0.1401687517052217	0.1278077381691327	0.1347737782723044	0.1173836551074476	0.1532496894229478	0.1415139548672002	0.1356262545158948	0.120866788930817	0.1064436493776748	0.1322773896132627	0.1144106674488432	0.1458856010917122	0.1398166526718176	0.1651531531995749	0.1410076721978299	0.1337176078906647	0.1552436787328748	0.1398226106479585	0.1879982242423414	0.1578572724467077	0.1447796645611152	0.1555987716457165	0.1519465947147109	0.1346684124461257	0.1275192827141866	0.1777531841968445	0.1267806958231956	0.1413582113813625	0.1871034580808999	0.1807708628957867	0.171118449465804	0.1329955652164631	0.1585244603477473	0.1769159784168339	0.1719936691558601	0.1931904469551462	0.1514415661448085	0.1651646685689591	0.1439567738977638	0.1899609669794246	0.1774729413209987	0.1421437155487881	0.1233668877949849	0.171070365120701	0.1447679359381988	0.1517829650321713	0.1182178245330121	0.1595064634087464	0.1382426876870122	0.1245646186922968	0.1107713868550295	0.1357794300990216	0.1331035883963549	0.1385334961929478	0.130088975037526	0.1381235853727194	0.1707957841049063	0.1556298129343227	0.1439073134328126	0.1499004794159697	0.1733967837751491	0.1230059860458734	0.1338769934715422	0.124055870087254	0.1198253247038589	0.1387395051743523	0.1070034295208577	0.1540155838457479	0.1500615102460507	0.1982697198617362	0.1869110000043239	0.1802917055487682	0.1274065186337152	0.150021074962825	0.1897365774787003	0.1828108393379537	0.1177760601756778	0.1381735098915513	0.1042492143987736	0.1331335307968277	0.1841467381874642
0.2154584159800894	0.188244600902502	0.1706690319029586	0.1282686303517568	0.1800345008389117	0.2345264315387094	0.249912939079377	0.1407437502638098	0.1593347099775801	0.151182651778031	0.1683061623783519	0.1904300526704396	0.2109919090290155	0.1495307956542984	0.1598880799772164	0.1441850648960114	0.1326703674885792	1.3534132973566062	0.1105720816270796	0.1275697379385842	0.2304755651105514	0.1627548147625708	0.133237408567405	0.1910061130421549	0.2192289675973313	0.2270705244692719	0.181510135180738	0.2037610351399346	0.1451986404815466	0.1421604848949833	0.1297568208356558	0.1696432923151105	0.2847838970749308	0.1172124248241441	0.1543548984439633	0.147984976736561	0.1224491545109627	0.1466075479313167	0.156909120392898	0.1407793973791014	0.133891582958431	0.1683567747496406	0.1469348911998906	0.1389364921363762	0.1267908677328151	0.2175580571645481	0.1939652706824235	0.2194324637839324	0.1738380418652489	0.2159789971474568	0.2278684242462425	0.1831892091191562	0.1706763049634005	0.2136323849392747	0.1847749563501173	0.21496624984659	0.1663384983759162	0.2362165251340044	0.1714315796242571	0.1249864426360769	0.1914423567092482	0.183674754205513	0.1610823728490604	0.2257162002137995	0.1679823934860289	0.1861191559887949	0.162278686601816	0.2048076421599649	0.1402812973480705	0.1687435630281344	0.1849343801381282	0.2106620873904141	0.2149972024220394	0.2219086998678952	0.1495968132562355	0.2269479222099617	0.1868645738438203	0.1886219226277514	0.1370598582757622	0.1234518063862406	0.2106950480496534	0.1536634550436577	0.1601998142813787	0.175664551423508	0.1817733860081185	0.2420274485150741	0.1461522121761902	0.1556044924046338	0.1894144996619484	0.190240484519558	0.1809273559346689	0.1878118619061082	0.2056467087549087	0.120832384486385	0.1745806948365169	0.167450434403757	0.1685242460289089	0.1540413923082519	0.24063368321025	0.1604619832740574	0.1768723806905017	0.135467481883774	0.1783292824918989	0.1586944170842912	0.2082476802358872	0.2167123710122585	0.1984883967562787	0.1634452009118003	0.1767491988697473	0.1371126750962616	0.1850122236271065	0.1431692063884027	0.2378108486566255
