0 105.2 95.566 72.718 0 77.536 31.119 20.606 55.139 68.043 111.2 69.155 122.93 16.542 79.075 68.8 99.091 138.1 101.01 64.704 56.722 60.1 78.134 55.529 0 113.04 121.84 65.232 14.798 32.471 154.8 80.756 24.817 45.047 114.76 115.4 143.35 134.37 0 131.5 117.8 126.46 66.318 133.87 0 0 0 135.5 0 99.971 0 0 187.8 130.2 109.73 60.04 149.2 105.02 0 167.87 149.87 112.24 122.46 111.71 0 0 114.8 122.1
105.2 0 37.283 121.6 127.4 160 110.2 144 56.769 0 50.124 99.371 39.128 144 100.82 60.61 39.349 57.572 48.55 0 87.886 21.392 64.813 67.182 20.406 45.399 28.731 85.555 94.7 86.1 52.37 0 87.2 34.583 0 13.033 55.398 0 0 0 112.31 0 111.2 0 0 0 44.055 118.6 0 69.8 56.172 66.527 52.54 0 83.76 35.84 72.886 120.2 22.583 50.092 42.884 113.85 0 90.125 0 0 0 58.392
95.566 37.283 0 120.27 0 121.8 87.134 109.09 79.213 119.93 66.427 144.27 80.384 103.15 143 72.195 42.585 70.289 46.691 120.95 52.696 39.032 30.924 95.509 177.4 32.479 31.854 91.469 108.82 68.805 75.697 157.66 91.195 37.507 153.74 49.263 81.038 0 0 0 143.26 163.53 109.58 0 0 0 126.4 161.78 0 102.83 91.913 115.8 104.31 0 128.05 66.477 90.204 131.85 68.4 90.387 73.79 141.32 163.33 135.45 0 0 0 88.278
72.718 121.6 120.27 0 0 65.375 36.747 85.426 50.813 34.323 142.11 31.964 0 89.396 66.562 95.243 143.41 179.2 151.35 14.898 92.046 93.143 98.358 24.132 0 141.08 141.55 14.941 84.23 76.064 0 123.4 79.76 76.024 136.21 0 179.2 134.22 0 127.8 124.43 130.96 73.099 139.78 195.2 112.4 0 134.14 139.5 142.33 197.7 0 241.8 133.21 152.74 130.4 161.29 103.93 0 193.73 168.04 132.66 147.53 127.34 0 176 139.9 158.89
0 127.4 0 0 0 18.753 93.921 26.272 46.804 90.825 54.156 68.404 0 25 14.255 0 69.4 0 0 98.236 0 95 147 86.95 65.8 0 0 108.68 15.993 87.3 0 13.409 0 16.532 0 0 0 0 0 0 0 0 98.8 0 0 0 0 0 0 0 0 0 0 0 0 0 0 0 0 0 0 0 0 0 0 0 0 0
77.536 160 121.8 65.375 18.753 0 38.832 21.084 39.672 24.963 75.632 27.356 92.454 57.4 22.629 98.978 146.75 125.93 147.84 38.761 90.036 101.73 98.636 50.053 89.275 146.92 137.59 50.968 48.694 82.823 101.2 27.848 87.911 35.569 141.22 0 180.55 126.74 0 133.85 124.03 130.62 59.088 133.92 0 96.35 0 135.41 94.6 149.2 0 131 0 126.57 159.07 126.56 166.91 104.97 133.4 134.8 167.9 120.76 132.98 135.02 0 0 170.87 148.67
31.119 110.2 87.134 36.747 93.921 38.832 0 45.719 43.529 23.467 124.21 47.354 158.09 50.131 58.157 70.175 98.628 154.43 109.33 43.516 49.757 71.357 63.524 33.841 153.16 116.1 101.9 34.453 65.813 26.078 157.67 105.68 62.932 67.576 109.89 116.65 144.46 125.51 152.2 118.73 110.95 121.79 57.867 129.01 175.11 102.59 0 127.31 110.32 113.82 179.92 205.65 188.12 125.67 126.88 105.37 143.1 98.077 168.2 191.44 139.43 107 122.47 107.88 222.5 159.04 117.61 132.41
20.606 144 109.09 85.426 26.272 21.084 45.719 0 53.225 49.322 77.965 68.411 87.429 22.394 42.362 108.89 121.89 132.67 124.54 78.366 80.076 107.88 91.886 60.844 84.284 132.03 142.54 74.025 41.397 59.881 215 34.311 86.791 40.382 126.58 150.48 165.75 130.68 0 124.56 120.52 127.04 71.668 134.44 188.7 107.24 168.1 135.19 117.6 129.77 0 0 196.2 129.81 139.34 124.62 160.81 104.24 0 204.75 161.97 122.33 138.51 125.37 0 190.4 131.33 152.21
55.139 56.769 79.213 50.813 46.804 39.672 43.529 53.225 0 61.657 116.21 18.224 100.79 68.398 18.437 22.583 94.824 118.76 118.05 47.079 42.24 21.778 57.001 20.723 90.444 106.13 79.634 42.859 53.605 42.163 109.2 103.4 51.742 54.788 65.139 76.629 99.84 72.393 0 70.513 61.873 70.819 11.074 78.856 127.64 42.854 0 79.267 40.878 44.782 114.13 155.4 155.6 70.896 56.189 11.324 78.958 42.22 0 133.03 112.02 60.841 68.458 59.904 0 123.4 64.93 71.521
68.043 0 119.93 34.323 90.825 24.963 23.467 49.322 61.657 0 119.42 21.556 138.77 80.697 58.044 91.122 140.33 158.03 149.77 23.528 90.479 92.653 98.524 36.046 140.7 141.38 134.56 25.626 87.296 83.244 0 106.97 84.696 81.467 140.41 191.6 186.03 141.78 0 133.87 132.76 138.14 79.991 147.4 193.75 120.43 0 142.45 134.25 141.31 0 0 0 141.13 161.16 131.09 168.45 111.64 0 222.14 165.81 140.17 155.5 135.74 0 188 144.4 167.71
111.2 50.124 66.427 142.11 54.156 75.632 124.21 77.965 116.21 119.42 0 110.83 16.781 66.466 69.859 95.58 29.59 17.584 19.587 125.59 89.827 77.174 69.81 125.69 28.603 21.502 36.134 98.925 57.224 84.625 32.223 54.149 90.044 20.694 192.8 55.449 123.6 0 0 0 150.6 0 140.2 230.4 72.009 192 70.76 0 0 0 0 79.938 79.279 0 0 102.32 116.8 173.64 44.042 81.448 76.993 178.6 191.4 0 82.626 0 0 92.2
69.155 99.371 144.27 31.964 68.404 27.356 47.354 68.411 18.224 21.556 110.83 0 125.01 76.013 22.384 0 0 136.4 117.6 17.207 0 60.021 109.73 30.292 119.51 136.51 127.13 33.386 78.181 94.622 0 85.533 88.04 69.769 106.6 0 0 112.26 0 111.15 105.83 111.72 43.854 117.2 0 38.704 0 114.65 66.2 0 0 0 0 107.87 0 0 164.2 83.271 127.6 181.2 0 111.64 124.47 0 0 145.4 0 136.8
122.93 39.128 80.384 0 0 92.454 158.09 87.429 100.79 138.77 16.781 125.01 0 78.167 85.244 108.67 71.669 37.477 52.453 133.1 121.47 65.704 111.73 120.22 21.552 18.003 23.951 140.5 69.141 117.44 15.899 73.894 0 21.808 0 52.131 121 0 0 0 0 0 116 0 71.322 143.4 70.222 131.4 0 0 0 78.233 77.211 0 0 79 0 157.87 39.869 78.768 73.285 184 0 0 81.265 0 0 53.929
16.542 144 103.15 89.396 25 57.4 50.131 22.394 68.398 80.697 66.466 76.013 78.167 0 33.312 102.81 114.6 96.986 115.34 84.828 74.112 93.35 89.9 72.149 72.709 124.34 136.97 80.862 23.862 53.99 100.7 29.956 47.456 32.065 136.42 129.69 156.11 161.04 0 155.3 137.03 153.19 85.601 161.09 0 129.98 123.8 155.91 158.96 114.57 161.6 122.05 214.9 162.68 128.63 116.14 153.82 125.5 86.4 170.71 159.07 131.59 144.02 133.63 0 0 139.73 157.39
79.075 100.82 143 66.562 14.255 22.629 58.157 42.362 18.437 58.044 69.859 22.384 85.244 33.312 0 0 147 125.6 172.8 56.68 79.533 69.862 80.99 46.261 124.45 117.72 127.14 65.2 36.258 57.448 106 29.516 83.741 38.224 110.84 0 134.4 102.04 0 149.6 107.98 114.88 52.221 102.63 0 77.6 0 129.43 0 115.8 0 0 0 119.47 123.23 0 118.25 99.895 0 0 159.6 104.16 122.37 107.68 0 0 132.2 117.95
68.8 60.61 72.195 95.243 0 98.978 70.175 108.89 22.583 91.122 95.58 0 108.67 102.81 0 15.8 82.053 108.09 93.65 79.4 34.089 23.527 18.829 30.888 92.722 91.124 24.881 28.191 58.588 57.52 0 0 60.219 58.605 106.72 92.247 104.45 130.2 0 131.74 110.52 130.82 51.747 127.18 0 0 140.9 126.12 0 81.937 133.03 154.8 145.45 120.84 89.995 47.495 86.079 86.735 123.89 137.88 86.261 88.239 105.34 94.733 0 0 100.55 97.707
99.091 39.349 42.585 143.41 69.4 146.75 98.628 121.89 94.824 140.33 29.59 0 71.669 114.6 147 82.053 0 46.702 17.167 139.35 60.436 69.423 40.382 108.94 60.867 40.886 54.506 98.9 90.21 63.829 72.778 169.96 89.444 28.239 168.4 55.002 86.424 0 0 0 151.97 0 123.4 0 0 210.2 82.4 181.4 0 121.03 95.008 0 94.327 0 132.85 74.65 109.13 157.87 71.4 87.949 86.48 167.11 199.15 146.44 0 255.4 0 90.077
138.1 57.572 70.289 179.2 0 125.93 154.43 132.67 118.76 158.03 17.584 136.4 37.477 96.986 125.6 108.09 46.702 0 15.419 156.2 109.82 84.505 76.557 133.97 39.396 33.984 47.324 150.54 93.309 99.333 46.476 72.822 0 42.533 0 61.06 114.4 0 0 175.4 0 0 0 0 81.738 0 78.918 146.13 0 0 106.7 89.241 88.265 0 0 95.45 0 212.2 54.249 90.874 83.161 0 173.2 0 91.878 0 0 101.26
101.01 48.55 46.691 151.35 0 147.84 109.33 124.54 118.05 149.77 19.587 117.6 52.453 115.34 172.8 93.65 17.167 15.419 0 133.75 82.562 82.126 35.558 120.19 43.259 33.708 48.391 88.604 86.967 67.698 51.527 91.411 84.543 30.358 146.87 45.391 92.644 0 0 192.4 155.27 0 135.6 177 77.873 175.2 79.124 141.26 0 100.05 87.881 88.34 83.235 186 122.96 75.867 103.58 159.96 51.002 81.557 78.41 165.45 104 128.33 92.895 0 0 93.555
64.704 0 120.95 14.898 98.236 38.761 43.516 78.366 47.079 23.528 125.59 17.207 133.1 84.828 56.68 79.4 139.35 156.2 133.75 0 92.066 0 98.181 18.492 155.3 139.96 139.9 17.902 86.229 113.85 156 112.52 76.237 82.685 137.02 0 179.87 130.67 163.8 124.37 121 127.41 66.085 136.38 208.2 106.56 0 133.79 74 143.2 204.6 0 227.2 128.77 159.48 0 167.72 101.9 0 197.8 174.98 130.31 148.88 117.92 0 148.6 133.68 160.93
56.722 87.886 52.696 92.046 0 90.036 49.757 80.076 42.24 90.479 89.827 0 121.47 74.112 79.533 34.089 60.436 109.82 82.562 92.066 0 41.573 26.558 33.158 118.23 76.343 82.578 18.309 54.124 24.781 117.9 123.6 66.258 32.265 112.97 80.656 112.1 136.75 0 137.99 116.72 136.15 62.514 130.76 0 0 197.2 130.49 130 86.594 146.21 0 151.26 127.55 99.66 53.606 97.593 95.549 109 141.88 107.14 99.915 111.42 99.047 0 0 105.78 100.98
60.1 21.392 39.032 93.143 95 101.73 71.357 107.88 21.778 92.653 77.174 60.021 65.704 93.35 69.862 23.527 69.423 84.505 82.126 0 41.573 0 43.847 32.75 53.242 78.487 35.944 42.94 44.739 41.939 82.227 0 49.567 45.598 71.8 12.519 65.212 0 0 101.8 81.8 98.671 45.933 94.8 0 0 90.9 92.967 0 44.875 78.625 0 90.6 0 59.077 11.218 57.637 53.608 35.2 94.145 50.967 58.181 66.696 57.83 0 0 52.35 56.152
78.134 64.813 30.924 98.358 147 98.636 63.524 91.886 57.001 98.524 69.81 109.73 111.73 89.9 80.99 18.829 40.382 76.557 35.558 98.181 26.558 43.847 0 54.638 111.93 59.189 50.378 37.475 81.139 48.128 92.867 142.65 80.264 28.777 125.58 60.254 85.198 168.04 0 165.9 131.3 154.69 73.022 157.17 164.7 251.4 142 147.77 122.33 86.173 128.41 147.2 141.11 0 101.14 59.643 95.248 105.98 128.03 134.26 88.077 117.8 135.7 105.04 0 0 129.36 105.01
55.529 67.182 95.509 24.132 86.95 50.053 33.841 60.844 20.723 36.046 125.69 30.292 120.22 72.149 46.261 30.888 108.94 133.97 120.19 18.492 33.158 32.75 54.638 0 101.78 119.46 78.641 17.576 60.708 50.877 129.03 106.09 57.745 52.437 100.25 105.87 131.69 107.93 0 106.08 100.38 109.36 45.768 113.52 174.58 86.492 204.1 117.53 101.13 82.58 156.71 181.07 165.92 108.76 91.194 47.915 97.767 84.662 0 170.33 123.24 92.529 109.7 96.258 198.9 154.57 104.64 114.48
0 20.406 177.4 0 65.8 89.275 153.16 84.284 90.444 140.7 28.603 119.51 21.552 72.709 124.45 92.722 60.867 39.396 43.259 155.3 118.23 53.242 111.93 101.78 0 37.638 27.664 122.13 57.749 0 41.136 66.291 0 22.192 177.3 28.35 83.2 0 0 0 152.8 0 0 0 46.57 171.2 37.591 128.64 0 0 68.75 50.423 60.49 167.4 0 64.667 107.33 0 20.557 56.069 49.34 211 87.5 121.8 50.935 0 0 76.025
113.04 45.399 32.479 141.08 0 146.92 116.1 132.03 106.13 141.38 21.502 136.51 18.003 124.34 117.72 91.124 40.886 33.984 33.708 139.96 76.343 78.487 59.189 119.46 37.638 0 42.737 122 115.85 94.83 38.749 142.77 105.29 47.764 158.58 51.84 83.194 0 0 0 151.39 171.07 142.4 0 79.474 163.7 75.818 155.2 0 121.85 89.308 87.423 86.198 206.8 120.56 103.58 122.25 162.84 52.604 86.049 79.053 178.37 147.28 135.3 90.721 0 0 95.736
121.84 28.731 31.854 141.55 0 137.59 101.9 142.54 79.634 134.56 36.134 127.13 23.951 136.97 127.14 24.881 54.506 47.324 48.391 139.9 82.578 35.944 50.378 78.641 27.664 42.737 0 76.834 119.62 93.886 37.168 125.9 110.52 46.445 146.64 43.362 75.237 168.9 0 165.13 139.32 168.93 114.47 172.67 69.684 182.48 76.165 151.17 113.4 81.997 88.034 83.708 84.922 166.4 98.152 52.699 88.918 132.43 47.14 80.647 74.48 137.48 140.31 133.99 83.47 0 142.8 86.293
65.232 85.555 91.469 14.941 108.68 50.968 34.453 74.025 42.859 25.626 98.925 33.386 140.5 80.862 65.2 28.191 98.9 150.54 88.604 17.902 18.309 42.94 37.475 17.576 122.13 122 76.834 0 71.725 32.731 123.4 120.12 60.788 55.505 107.94 128.74 131.48 132.67 0 130.23 108.98 128.55 58.117 137.42 176.15 111.09 226.4 125.74 107.2 82.309 151.73 193.3 179.75 131.78 98.47 52.285 110.24 92.157 0 166.46 145.21 101.91 114.02 104.02 0 162.77 110.06 116.61
14.798 94.7 108.82 84.23 15.993 48.694 65.813 41.397 53.605 87.296 57.224 78.181 69.141 23.862 36.258 58.588 90.21 93.309 86.967 86.229 54.124 44.739 81.139 60.708 57.749 115.85 119.62 71.725 0 27.726 138.95 12.116 16.008 22.474 119.99 114.8 139.12 153.89 0 146.11 123.57 143.91 72.515 151.9 203.67 126.66 226.4 144.91 122 88.45 199.9 104.6 179.27 147.71 97.402 51.963 110 112.7 0 167.9 152.81 109.37 130.22 112.21 0 192.6 122.64 134.7
32.471 86.1 68.805 76.064 87.3 82.823 26.078 59.881 42.163 83.244 84.625 94.622 117.44 53.99 57.448 57.52 63.829 99.333 67.698 113.85 24.781 41.939 48.128 50.877 0 94.83 93.886 32.731 27.726 0 138 106.15 43.472 26.006 109.55 120.4 129.69 136.39 0 142.8 112.55 138.76 57.85 134.96 175.76 111.47 0 129.14 105.34 93.437 151.72 193.25 167.7 128.24 101.7 55.514 106.1 96.816 0 154.72 133.24 101 116.07 104.48 0 170.13 112.21 118
154.8 52.37 75.697 0 0 101.2 157.67 215 109.2 0 32.223 0 15.899 100.7 106 0 72.778 46.476 51.527 156 117.9 82.227 92.867 129.03 41.136 38.749 37.168 123.4 138.95 138 0 0 0 50.402 0 64.8 0 0 0 0 0 0 0 0 84.618 0 78.666 153.6 0 0 0 91.569 90.84 0 0 0 0 0 55.68 92.591 84.021 0 0 0 94.25 0 0 0
80.756 0 157.66 123.4 13.409 27.848 105.68 34.311 103.4 106.97 54.149 85.533 73.894 29.956 29.516 0 169.96 72.822 91.411 112.52 123.6 0 142.65 106.09 66.291 142.77 125.9 120.12 12.116 106.15 0 0 0 16.555 0 0 0 180.6 0 0 170.1 186.7 0 180.4 0 169.6 0 180.6 0 0 0 0 0 0 0 0 0 162.23 0 110.4 0 166.8 0 164.6 0 0 0 0
24.817 87.2 91.195 79.76 0 87.911 62.932 86.791 51.742 84.696 90.044 88.04 0 47.456 83.741 60.219 89.444 0 84.543 76.237 66.258 49.567 80.264 57.745 0 105.29 110.52 60.788 16.008 43.472 0 0 0 16.781 119.26 0 147.2 137.26 0 115.2 119.18 135.89 68.54 137.12 0 105.6 0 140.03 105.2 92.174 0 0 0 140.2 100.07 54.7 110.97 107 0 189.87 160.68 106.4 128.3 111.17 0 0 111.91 135.58
45.047 34.583 37.507 76.024 16.532 35.569 67.576 40.382 54.788 81.467 20.694 69.769 21.808 32.065 38.224 58.605 28.239 42.533 30.358 82.685 32.265 45.598 28.777 52.437 22.192 47.764 46.445 55.505 22.474 26.006 50.402 16.555 16.781 0 119.5 43.978 80.027 147.75 0 143.2 118.46 138.55 64.718 149.16 38.474 120.91 35.128 136.19 0 73.567 84.025 45.627 65.207 150.53 86.357 48.16 89.246 105.4 33.523 50.645 51.556 112.38 123.1 108.16 49.566 0 119.67 65.605
114.76 0 153.74 136.21 0 141.22 109.89 126.58 65.139 140.41 192.8 106.6 0 136.42 110.84 106.72 168.4 0 146.87 137.02 112.97 71.8 125.58 100.25 177.3 158.58 146.64 107.94 119.99 109.55 0 0 119.26 119.5 0 97.763 102.63 65.974 119.8 59.142 37.875 57.435 50.346 63.035 68.733 62.381 98.271 17.261 86.613 81.512 103.03 109.57 105.92 63.003 69.781 65.015 81.186 54.046 112.9 105.69 109.16 58.664 14.731 26.878 101.31 56.808 19.5 38.952
115.4 13.033 49.263 0 0 0 116.65 150.48 76.629 191.6 55.449 0 52.131 129.69 0 92.247 55.002 61.06 45.391 0 80.656 12.519 60.254 105.87 28.35 51.84 43.362 128.74 114.8 120.4 64.8 0 0 43.978 97.763 0 33.853 111.6 127.2 128.11 98.147 118.71 59.042 154.63 40.27 125.63 35.362 107.67 101.29 49.123 44.304 54.03 45.647 125.67 74.795 26.502 45.736 66.29 20.215 43.563 24.154 80.708 92.742 89.938 55.874 111.4 88.85 49.239
143.35 55.398 81.038 179.2 0 180.55 144.46 165.75 99.84 186.03 123.6 0 121 156.11 134.4 104.45 86.424 114.4 92.644 179.87 112.1 65.212 85.198 131.69 83.2 83.194 75.237 131.48 139.12 129.69 0 0 147.2 80.027 102.63 33.853 0 113.69 157.4 116.62 87.379 113.16 86.37 108.52 145.3 0 116.8 108.15 132.93 49.19 38.42 64.031 54.509 106.25 55.563 44.169 33.258 90.383 199 32.599 30.527 86.125 128.3 67.322 67.7 157.83 79.9 43.39
134.37 0 0 134.22 0 126.74 125.51 130.68 72.393 141.78 0 112.26 0 161.04 102.04 130.2 0 0 0 130.67 136.75 0 168.04 107.93 0 0 168.9 132.67 153.89 136.39 0 180.6 137.26 147.75 65.974 111.6 113.69 0 110.4 44.136 48.617 65.43 55.533 32.551 131.78 35.358 161.36 85.754 70.114 75.067 136.71 151.52 143.47 16.161 81.747 75.8 95.716 24.866 0 148.86 132.45 20.406 80.124 72.05 165.67 115.02 78.319 89.926
0 0 0 0 0 0 152.2 0 0 0 0 0 0 0 0 0 0 0 0 163.8 0 0 0 0 0 0 0 0 0 0 0 0 0 0 119.8 127.2 157.4 110.4 0 16.678 98.163 14.993 38.391 98.44 53.508 48.086 84.4 17.776 13.854 0 0 80.15 77.6 94.108 132.6 84.4 143.2 66.153 0 104.5 160.2 100.71 21.05 87.6 0 11.685 0 14.568
131.5 0 0 127.8 0 133.85 118.73 124.56 70.513 133.87 0 111.15 0 155.3 149.6 131.74 0 175.4 192.4 124.37 137.99 101.8 165.9 106.08 0 0 165.13 130.23 146.11 142.8 0 0 115.2 143.2 59.142 128.11 116.62 44.136 16.678 18.8 41.581 23.114 35.21 23.246 83.386 30.777 116.97 36.689 17.239 101.82 142.39 119.81 132.39 31.658 84.587 100.44 95.736 59.87 114 135.94 128.69 46.769 54.773 75.409 127.19 19.576 88.979 41.595
117.8 112.31 143.26 124.43 0 124.03 110.95 120.52 61.873 132.76 150.6 105.83 0 137.03 107.98 110.52 151.97 0 155.27 121 116.72 81.8 131.3 100.38 152.8 151.39 139.32 108.98 123.57 112.55 0 170.1 119.18 118.46 37.875 98.147 87.379 48.617 98.163 41.581 0 42.443 45.828 24.01 94.027 70.554 147.09 36.135 60.568 80.411 93.081 109.99 102.41 57.149 53.75 71.464 63.998 48.392 0 106.26 101.48 30.676 61.57 32.577 147.2 100.65 56.548 58.872
126.46 0 163.53 130.96 0 130.62 121.79 127.04 70.819 138.14 0 111.72 0 153.19 114.88 130.82 0 0 0 127.41 136.15 98.671 154.69 109.36 0 171.07 168.93 128.55 143.91 138.76 0 186.7 135.89 138.55 57.435 118.71 113.16 65.43 14.993 23.114 42.443 0 58.276 34.587 51.248 56.794 83.028 23.272 32.393 108.91 134.23 96.668 140.65 58.356 83.393 89.992 94.741 60.727 79.267 131.83 124.19 46.707 26.689 72.055 88.845 25.771 83.314 23.865
66.318 111.2 109.58 73.099 98.8 59.088 57.867 71.668 11.074 79.991 140.2 43.854 116 85.601 52.221 51.747 123.4 0 135.6 66.085 62.514 45.933 73.022 45.768 0 142.4 114.47 58.117 72.515 57.85 0 0 68.54 64.718 50.346 59.042 86.37 55.533 38.391 35.21 45.828 58.276 0 61.863 116.06 18.727 101.63 65.546 17.085 49.876 100.67 119.51 107.07 50.874 48.995 27.177 83.288 22.889 90.051 105.37 73.119 48.528 54.356 45.483 0 86.491 51.577 60.645
133.87 0 0 139.78 0 133.92 129.01 134.44 78.856 147.4 230.4 117.2 0 161.09 102.63 127.18 0 0 177 136.38 130.76 94.8 157.17 113.52 0 0 172.67 137.42 151.9 134.96 0 180.4 137.12 149.16 63.035 154.63 108.52 32.551 98.44 23.246 24.01 34.587 61.863 0 114.53 16.571 147.04 74.449 63.871 92.877 130.59 138.35 135.91 19.631 77.928 79.7 87.649 33.474 149.1 133.56 131.62 31.134 77.299 69.6 147.87 98.112 80.244 77.911
0 0 0 195.2 0 0 175.11 188.7 127.64 193.75 72.009 0 71.322 0 0 0 0 81.738 77.873 208.2 0 0 164.7 174.58 46.57 79.474 69.684 176.15 203.67 175.76 84.618 0 0 38.474 68.733 40.27 145.3 131.78 53.508 83.386 94.027 51.248 116.06 114.53 0 105.81 17.897 56.71 59.975 118.13 22.759 16.989 19.087 117.75 45.279 75.22 29.491 120.96 24.46 28.776 38.969 123.87 42.703 69.991 22.745 42.41 59.4 19.863
0 0 0 112.4 0 96.35 102.59 107.24 42.854 120.43 192 38.704 143.4 129.98 77.6 0 210.2 0 175.2 106.56 0 0 251.4 86.492 171.2 163.7 182.48 111.09 126.66 111.47 0 169.6 105.6 120.91 62.381 125.63 0 35.358 48.086 30.777 70.554 56.794 18.727 16.571 105.81 0 130.86 64.829 21.24 0 142.04 127.44 120.89 17.438 151.73 77.544 165.12 25.414 134.7 138.21 143.01 42.541 73.041 93.64 135.19 81.33 83.425 72.637
0 44.055 126.4 0 0 0 0 168.1 0 0 70.76 0 70.222 123.8 0 140.9 82.4 78.918 79.124 0 197.2 90.9 142 204.1 37.591 75.818 76.165 226.4 226.4 0 78.666 0 0 35.128 98.271 35.362 116.8 161.36 84.4 116.97 147.09 83.028 101.63 147.04 17.897 130.86 0 88.118 0 105.65 76.5 35.001 45.294 148.25 131.56 68.306 110.38 116.85 21.583 19.195 22.223 148.43 74.809 118.8 17.878 76.53 0 34.96
135.5 118.6 161.78 134.14 0 135.41 127.31 135.19 79.267 142.45 0 114.65 131.4 155.91 129.43 126.12 181.4 146.13 141.26 133.79 130.49 92.967 147.77 117.53 128.64 155.2 151.17 125.74 144.91 129.14 153.6 180.6 140.03 136.19 17.261 107.67 108.15 85.754 17.776 36.689 36.135 23.272 65.546 74.449 56.71 64.829 88.118 0 31.194 101.56 122.62 91.049 118.96 76.298 78.739 85.953 90.75 71.918 92.448 117.07 107.42 76.922 20.847 51.174 90.802 27.365 54.105 31.519
0 0 0 139.5 0 94.6 110.32 117.6 40.878 134.25 0 66.2 0 158.96 0 0 0 0 0 74 130 0 122.33 101.13 0 0 113.4 107.2 122 105.34 0 0 105.2 0 86.613 101.29 132.93 70.114 13.854 17.239 60.568 32.393 17.085 63.871 59.975 21.24 0 31.194 0 0 136.4 90 75.4 54.831 0 73.635 110.92 41.588 137.8 97.8 115.58 66.433 41.464 59.889 97.4 19.423 84.4 35.131
99.971 69.8 102.83 142.33 0 149.2 113.82 129.77 44.782 141.31 0 0 0 114.57 115.8 81.937 121.03 0 100.05 143.2 86.594 44.875 86.173 82.58 0 121.85 81.997 82.309 88.45 93.437 0 0 92.174 73.567 81.512 49.123 49.19 75.067 0 101.82 80.411 108.91 49.876 92.877 118.13 0 105.65 101.56 0 0 76.608 103.3 96.519 82.4 30.369 23.962 22.29 26.164 87.657 88.367 32.755 17.733 60.437 54.286 101.5 0 53.549 62.05
0 56.172 91.913 197.7 0 0 179.92 0 114.13 0 0 0 0 161.6 0 133.03 95.008 106.7 87.881 204.6 146.21 78.625 128.41 156.71 68.75 89.308 88.034 151.73 199.9 151.72 0 0 0 84.025 103.03 44.304 38.42 136.71 0 142.39 93.081 134.23 100.67 130.59 22.759 142.04 76.5 122.62 136.4 76.608 0 42.795 17.093 162.52 69.225 63.526 37.077 103.4 74.2 36.789 56.282 102.82 127.9 67.46 0 175.09 115.75 17.653
0 66.527 115.8 0 0 131 205.65 0 155.4 0 79.938 0 78.233 122.05 0 154.8 0 89.241 88.34 0 0 0 147.2 181.07 50.423 87.423 83.708 193.3 104.6 193.25 91.569 0 0 45.627 109.57 54.03 64.031 151.52 80.15 119.81 109.99 96.668 119.51 138.35 16.989 127.44 35.001 91.049 90 103.3 42.795 0 19.138 139.74 76.597 86.622 63.44 132.68 38.164 24.312 50.137 119.71 67.726 94.627 36.467 71.03 115 38.681
187.8 52.54 104.31 241.8 0 0 188.12 196.2 155.6 0 79.279 0 77.211 214.9 0 145.45 94.327 88.265 83.235 227.2 151.26 90.6 141.11 165.92 60.49 86.198 84.922 179.75 179.27 167.7 90.84 0 0 65.207 105.92 45.647 54.509 143.47 77.6 132.39 102.41 140.65 107.07 135.91 19.087 120.89 45.294 118.96 75.4 96.519 17.093 19.138 11 133.88 64.941 76.422 57.163 120.13 37.058 31.098 55.494 110.07 69.605 86.341 42.029 76.855 102.15 29.036
130.2 0 0 133.21 0 126.57 125.67 129.81 70.896 141.13 0 107.87 0 162.68 119.47 120.84 0 0 186 128.77 127.55 0 0 108.76 167.4 206.8 166.4 131.78 147.71 128.24 0 0 140.2 150.53 63.003 125.67 106.25 16.161 94.108 31.658 57.149 58.356 50.874 19.631 117.75 17.438 148.25 76.298 54.831 82.4 162.52 139.74 133.88 0 76.149 68.2 92.552 20.132 0 149.05 150.18 21.402 77.476 71.644 149.25 102.21 75.574 81.194
109.73 83.76 128.05 152.74 0 159.07 126.88 139.34 56.189 161.16 0 0 0 128.63 123.23 89.995 132.85 0 122.96 159.48 99.66 59.077 101.14 91.194 0 120.56 98.152 98.47 97.402 101.7 0 0 100.07 86.357 69.781 74.795 55.563 81.747 132.6 84.587 53.75 83.393 48.995 77.928 45.279 151.73 131.56 78.739 0 30.369 69.225 76.597 64.941 76.149 38.4 43.6 38.11 55.842 102.4 75.628 61.306 39.269 72.439 25.893 0 127.12 63.178 31.606
60.04 35.84 66.477 130.4 0 126.56 105.37 124.62 11.324 131.09 102.32 0 79 116.14 0 47.495 74.65 95.45 75.867 0 53.606 11.218 59.643 47.915 64.667 103.58 52.699 52.285 51.963 55.514 0 0 54.7 48.16 65.015 26.502 44.169 75.8 84.4 100.44 71.464 89.992 27.177 79.7 75.22 77.544 68.306 85.953 73.635 23.962 63.526 86.622 76.422 68.2 43.6 0 44.412 33.069 54.731 69.065 30.802 40.588 53.44 51.994 84.771 0 50.907 55.607
149.2 72.886 90.204 161.29 0 166.91 143.1 160.81 78.958 168.45 116.8 164.2 0 153.82 118.25 86.079 109.13 0 103.58 167.72 97.593 57.637 95.248 97.767 107.33 122.25 88.918 110.24 110 106.1 0 0 110.97 89.246 81.186 45.736 33.258 95.716 143.2 95.736 63.998 94.741 83.288 87.649 29.491 165.12 110.38 90.75 110.92 22.29 37.077 63.44 57.163 92.552 38.11 44.412 0 80.942 81.375 60.696 51.651 51.791 101.12 39.994 102.5 136.61 81.16 40.519
105.02 120.2 131.85 103.93 0 104.97 98.077 104.24 42.22 111.64 173.64 83.271 157.87 125.5 99.895 86.735 157.87 212.2 159.96 101.9 95.549 53.608 105.98 84.662 0 162.84 132.43 92.157 112.7 96.816 0 162.23 107 105.4 54.046 66.29 90.383 24.866 66.153 59.87 48.392 60.727 22.889 33.474 120.96 25.414 116.85 71.918 41.588 26.164 103.4 132.68 120.13 20.132 55.842 33.069 80.942 0 98.202 112.15 72.113 19.29 66.311 57.121 148.03 108.52 63.56 67.592
0 22.583 68.4 0 0 133.4 168.2 0 0 0 44.042 127.6 39.869 86.4 0 123.89 71.4 54.249 51.002 0 109 35.2 128.03 0 20.557 52.604 47.14 0 0 0 55.68 0 0 33.523 112.9 20.215 199 0 0 114 0 79.267 90.051 149.1 24.46 134.7 21.583 92.448 137.8 87.657 74.2 38.164 37.058 0 102.4 54.731 81.375 98.202 0 39.347 28.567 115.75 84.093 125.4 41.501 0 0 43.855
167.87 50.092 90.387 193.73 0 134.8 191.44 204.75 133.03 222.14 81.448 181.2 78.768 170.71 0 137.88 87.949 90.874 81.557 197.8 141.88 94.145 134.26 170.33 56.069 86.049 80.647 166.46 167.9 154.72 92.591 110.4 189.87 50.645 105.69 43.563 32.599 148.86 104.5 135.94 106.26 131.83 105.37 133.56 28.776 138.21 19.195 117.07 97.8 88.367 36.789 24.312 31.098 149.05 75.628 69.065 60.696 112.15 39.347 17.4 38.802 111.85 82.51 84.17 20.919 87.065 124.24 49.051
149.87 42.884 73.79 168.04 0 167.9 139.43 161.97 112.02 165.81 76.993 0 73.285 159.07 159.6 86.261 86.48 83.161 78.41 174.98 107.14 50.967 88.077 123.24 49.34 79.053 74.48 145.21 152.81 133.24 84.021 0 160.68 51.556 109.16 24.154 30.527 132.45 160.2 128.69 101.48 124.19 73.119 131.62 38.969 143.01 22.223 107.42 115.58 32.755 56.282 50.137 55.494 150.18 61.306 30.802 51.651 72.113 28.567 38.802 0 63.665 85.123 95.04 22.431 86.703 108.14 53.728
112.24 113.85 141.32 132.66 0 120.76 107 122.33 60.841 140.17 178.6 111.64 184 131.59 104.16 88.239 167.11 0 165.45 130.31 99.915 58.181 117.8 92.529 211 178.37 137.48 101.91 109.37 101 0 166.8 106.4 112.38 58.664 80.708 86.125 20.406 100.71 46.769 30.676 46.707 48.528 31.134 123.87 42.541 148.43 76.922 66.433 17.733 102.82 119.71 110.07 21.402 39.269 40.588 51.791 19.29 115.75 111.85 63.665 0 71.847 41.743 159.5 112.08 64.903 66.252
122.46 0 163.33 147.53 0 132.98 122.47 138.51 68.458 155.5 191.4 124.47 0 144.02 122.37 105.34 199.15 173.2 104 148.88 111.42 66.696 135.7 109.7 87.5 147.28 140.31 114.02 130.22 116.07 0 0 128.3 123.1 14.731 92.742 128.3 80.124 21.05 54.773 61.57 26.689 54.356 77.299 42.703 73.041 74.809 20.847 41.464 60.437 127.9 67.726 69.605 77.476 72.439 53.44 101.12 66.311 84.093 82.51 85.123 71.847 0 27.329 76.771 14.17 15.418 20.565
111.71 90.125 135.45 127.34 0 135.02 107.88 125.37 59.904 135.74 0 0 0 133.63 107.68 94.733 146.44 0 128.33 117.92 99.047 57.83 105.04 96.258 121.8 135.3 133.99 104.02 112.21 104.48 0 164.6 111.17 108.16 26.878 89.938 67.322 72.05 87.6 75.409 32.577 72.055 45.483 69.6 69.991 93.64 118.8 51.174 59.889 54.286 67.46 94.627 86.341 71.644 25.893 51.994 39.994 57.121 125.4 84.17 95.04 41.743 27.329 8.4 171.2 92.1 44.126 22.327
0 0 0 0 0 0 222.5 0 0 0 82.626 0 81.265 0 0 0 0 91.878 92.895 0 0 0 0 198.9 50.935 90.721 83.47 0 0 0 94.25 0 0 49.566 101.31 55.874 67.7 165.67 0 127.19 147.2 88.845 0 147.87 22.745 135.19 17.878 90.802 97.4 101.5 0 36.467 42.029 149.25 0 84.771 102.5 148.03 41.501 20.919 22.431 159.5 76.771 171.2 0 80.092 0 54.345
0 0 0 176 0 0 159.04 190.4 123.4 188 0 145.4 0 0 0 0 255.4 0 0 148.6 0 0 0 154.57 0 0 0 162.77 192.6 170.13 0 0 0 0 56.808 111.4 157.83 115.02 11.685 19.576 100.65 25.771 86.491 98.112 42.41 81.33 76.53 27.365 19.423 0 175.09 71.03 76.855 102.21 127.12 0 136.61 108.52 0 87.065 86.703 112.08 14.17 92.1 80.092 0 0 16.41
114.8 0 0 139.9 0 170.87 117.61 131.33 64.93 144.4 0 0 0 139.73 132.2 100.55 0 0 0 133.68 105.78 52.35 129.36 104.64 0 0 142.8 110.06 122.64 112.21 0 0 111.91 119.67 19.5 88.85 79.9 78.319 0 88.979 56.548 83.314 51.577 80.244 59.4 83.425 0 54.105 84.4 53.549 115.75 115 102.15 75.574 63.178 50.907 81.16 63.56 0 124.24 108.14 64.903 15.418 44.126 0 0 0 15.153
122.1 58.392 88.278 158.89 0 148.67 132.41 152.21 71.521 167.71 92.2 136.8 53.929 157.39 117.95 97.707 90.077 101.26 93.555 160.93 100.98 56.152 105.01 114.48 76.025 95.736 86.293 116.61 134.7 118 0 0 135.58 65.605 38.952 49.239 43.39 89.926 14.568 41.595 58.872 23.865 60.645 77.911 19.863 72.637 34.96 31.519 35.131 62.05 17.653 38.681 29.036 81.194 31.606 55.607 40.519 67.592 43.855 49.051 53.728 66.252 20.565 22.327 54.345 16.41 15.153 0
