0.0	20.33	16.6338087691495	14.424402618657936	0.0	13.226592178770952	4.948544529716224	4.911119453412419	12.504550669216062	12.24475215946844	16.036477987421385	14.935700934579438	22.285714285714285	4.181646284982776	0.0	18.44	18.242390670553934	27.28	20.98198830409357	14.765113835376534	13.923379549393411	13.474285714285712	15.670623791952206	12.897079107505071	28.040000000000003	18.99302857142857	20.918790931989925	13.113222502099076	3.771614407635985	5.847248022884065	26.453333333333337	12.965475285171104	12.836923076923076	9.552688014638608	29.42	20.28	0.0	33.89	0.0	33.480000000000004	26.87333333333333	35.18666666666667	15.51170731707317	34.406666666666666	0.0	0.0	0.0	33.040000000000006	0.0	0.0	0.0	0.0	0.0	32.0	0.0	0.0	0.0	23.07236842105264	0.0	0.0	27.0	26.297049180327868	31.802222222222223	23.7875	0.0	0.0	0.0	28.776
20.33	0.0	7.494068589243959	24.92	0.0	25.17	19.123109540636044	28.125	13.187873316783268	23.846666666666668	7.630612959719791	0.0	7.744524259609326	26.61241379310345	20.746666666666663	12.4348623853211	7.515946398659968	10.305	6.755332197614992	0.0	10.248771929824562	4.697621470733623	9.638795602995062	13.247062611200542	4.540413676083821	6.910049261083745	4.782809171782985	17.75271186440678	23.493333333333336	18.490181818181817	11.754594594594597	0.0	25.640000000000004	7.223068181818182	0.0	2.089087071240105	9.816470588235294	0.0	0.0	0.0	0.0	26.840000000000003	11.98	0.0	0.0	0.0	11.636129032258063	32.440000000000005	0.0	15.660000000000002	12.467605633802815	0.0	11.460740740740745	0.0	17.48	2.0425806451612902	11.39897435897436	15.613333333333332	5.492525252525253	9.786421052631578	8.129742913645353	26.040000000000003	0.0	0.0	0.0	0.0	0.0	10.09818181818182
16.6338087691495	7.494068589243959	0.0	24.6268085106383	0.0	23.232558139534888	15.958642155628308	22.00918955453149	17.287955801104975	22.228759278897137	18.081621621621625	29.29777777777778	17.109090909090913	21.339929625285517	0.0	13.788232848232848	6.492417553609816	14.47090047393365	9.780637227501398	27.95111111111111	9.5244020224951	8.163169606512891	7.335086774171666	17.193509615384617	12.484000000000002	4.394017138736992	7.291721531921456	15.45229800443459	19.256671797503	10.306442285218203	16.178536585365855	32.330461538461535	18.66642857142857	7.901163714303726	0.0	9.836641883519206	16.73494653911086	0.0	0.0	0.0	27.568	38.24	22.160000000000004	0.0	22.84	0.0	0.0	0.0	0.0	21.209142857142854	19.73777777777778	0.0	21.815	0.0	24.310303030303032	10.437615176151764	19.636479217603917	27.75733333333333	0.0	19.05790476190476	16.47763985716715	30.43636363636364	0.0	24.051428571428573	0.0	0.0	0.0	18.625882352941176
14.424402618657936	24.92	24.6268085106383	0.0	18.58222222222222	10.999910378821829	6.420636604774536	17.548222370173104	10.699436654323373	6.048230641752962	28.46333333333334	8.191536558314137	34.17333333333333	19.805368399919693	13.286734693877552	0.0	28.68	34.46	32.733333333333334	3.1678793418647166	19.82777777777778	16.04	21.132363636363635	3.6561074430292	0.0	28.4975	29.1975	3.0328399397198917	18.89730464030304	17.053333333333335	0.0	26.10447257383966	14.958754171301448	20.33841315225161	28.31068493150685	0.0	41.88	30.578872651357	0.0	29.792828438949	25.286582278481013	30.26797202797203	14.28520442088238	29.71971098265896	44.52	30.15375	0.0	33.64622030237581	34.660000000000004	29.380000000000003	0.0	48.720000000000006	0.0	29.36713266761769	0.0	0.0	37.38	22.972604363048752	0.0	0.0	41.08800000000001	27.28936448598131	34.29877094972067	32.83	0.0	43.3	32.96	35.63897435897436
0.0	0.0	0.0	18.58222222222222	0.0	2.685616375344986	17.96	2.606372025254978	7.872727272727273	18.880000000000003	0.0	8.261742160278747	0.0	4.44	2.9133290330903696	0.0	0.0	0.0	0.0	19.464	0.0	18.24	0.0	13.573333333333332	0.0	0.0	0.0	19.848000000000003	3.3560000000000003	0.0	0.0	2.4876859284461217	0.0	2.37970893970894	0.0	0.0	0.0	0.0	0.0	0.0	0.0	0.0	0.0	0.0	0.0	0.0	0.0	0.0	0.0	0.0	0.0	0.0	0.0	0.0	0.0	0.0	0.0	0.0	0.0	0.0	0.0	0.0	0.0	0.0	0.0	0.0	0.0	0.0
13.226592178770952	25.17	23.232558139534888	10.999910378821829	2.685616375344986	0.0	9.22361399706801	4.560411951980728	14.4793228478809	6.440130983827645	13.492046724225494	6.775951873876366	18.505060240963857	5.9406005089058525	3.0185599157229395	0.0	24.781894736842105	22.66333333333333	23.48170212765957	10.27092977601173	20.48692667706708	19.9625	21.81794676806084	12.18260690365791	22.6	24.19670588235294	26.226989619377168	11.420476547158737	9.231836139108818	14.603021658742737	21.742666666666672	5.313740129828668	18.60617142857143	8.157067940669965	31.465376344086025	0.0	0.0	34.39312406576981	0.0	33.147772925764194	28.29889570552147	34.13769585253456	18.15718440185063	33.100987831066575	46.4	33.04086956521739	0.0	34.68300847457628	33.42	32.496	0.0	0.0	0.0	32.6557264957265	0.0	0.0	46.92	25.98994345718901	0.0	0.0	0.0	29.04273449920509	35.865	28.424615384615382	0.0	41.08	33.89142857142858	37.95655913978494
4.948544529716224	19.123109540636044	15.958642155628308	6.420636604774536	17.96	9.22361399706801	0.0	8.579898043982487	8.692314599661298	3.672790113892841	23.080540540540543	10.2108	28.68923076923077	5.371338612538263	12.815238095238096	10.435675675675675	18.835707070707077	31.472	23.98867924528302	7.403181336161188	11.469488669604898	11.96714563106796	13.283386327503976	6.62921629117198	27.18833333333334	19.826305231770128	19.320473346604736	5.235395610823587	12.459921988364815	5.032004532973021	31.5	20.66204918032787	10.349548133595286	15.45196633941094	25.42	24.835	33.96	28.586074600355243	0.0	27.412709030100338	22.67305313243457	28.011026694045174	12.3432610178742	27.37019390581717	40.32000000000001	27.46	0.0	29.265041693393204	29.340000000000003	25.40842105263158	0.0	0.0	0.0	27.295181818181817	24.44	18.5216	29.97714285714286	19.708278455052984	0.0	0.0	31.212903225806457	22.53869244935543	28.994036243822077	21.48804733727811	0.0	37.58857142857143	26.355	29.76
4.911119453412419	28.125	22.00918955453149	17.548222370173104	2.606372025254978	4.560411951980728	8.579898043982487	0.0	15.6650284728214	10.04136480331263	12.980956836062088	15.30211228837525	18.47928571428572	5.013905766296861	7.031679389312977	34.06666666666667	23.44356744704571	21.97052631578948	25.191314285714284	16.247235978961054	19.22656179775281	19.543384615384618	20.82643112196956	13.867364293591471	19.45230769230769	24.02294561933535	25.4674321880651	13.975547324558502	6.9110751926313	12.437997867235405	21.12	5.349977728285078	16.844	6.081976141909715	30.798947368421057	0.0	0.0	35.80793893129771	0.0	34.586666666666666	29.34560975609756	34.604721311475416	18.638907849829355	34.62261603375528	0.0	31.826666666666664	0.0	34.04645892351275	0.0	31.320000000000004	0.0	0.0	0.0	33.785909090909094	0.0	24.380000000000003	39.08	25.15213957759412	0.0	54.52	38.55	28.20940828402367	35.068201438848924	27.83904761904762	0.0	46.68	31.920000000000005	34.80477611940299
12.504550669216062	13.187873316783268	17.287955801104975	10.699436654323373	7.872727272727273	14.4793228478809	8.692314599661298	15.6650284728214	0.0	12.436910261914983	26.19355704697987	3.203965104526836	24.310857142857145	15.045792855307118	3.542478407294555	8.711304347826088	21.225161290322585	26.66588235294118	21.672912912912917	12.907630348795395	14.672323232323231	5.19696179009717	18.903204419889505	5.181197962087484	19.32536048879837	21.56083857442348	17.925276215202654	10.05737925229712	14.872941599281225	8.638766744631088	26.160000000000004	27.04851063829787	10.791803628601922	12.074045922406969	15.467719298245616	17.420689655172417	0.0	18.28753710996668	0.0	17.816823104693142	13.144824902723736	18.364986522911053	2.2923710217103728	17.249103535353537	29.840000000000003	16.571428571428573	0.0	19.48820717131474	8.807777777777778	11.37818181818182	28.72	0.0	29.57333333333333	16.995900497512437	12.208333333333332	2.5118644067796607	23.85	10.71967850308314	11.44	29.936	26.169600000000003	13.205257257592235	19.636618464961067	10.967423822714682	0.0	28.968	16.566315789473684	19.05828571428572
12.24475215946844	23.846666666666668	22.228759278897137	6.048230641752962	18.880000000000003	6.440130983827645	3.672790113892841	10.04136480331263	12.436910261914983	0.0	24.666611275964392	5.193630830301026	30.128524590163934	16.768566366106235	12.605221799746516	0.0	28.869629629629635	30.98888888888889	28.85615384615385	4.060583737210555	17.016461824953446	17.304444444444446	18.133722201968645	7.886324566461171	29.76	27.36156097560976	25.618116591928253	6.27276863278941	18.09057754704737	14.64937093275488	32.182	21.246987740805604	15.749369676320274	17.959832392056843	29.06098765432099	0.0	0.0	31.384660081348056	0.0	30.86256317689531	25.99855585831063	31.00688311688312	15.511545796012715	30.193607118412046	43.52	30.504415584415582	0.0	33.103602991162475	34.028571428571425	30.548571428571428	0.0	0.0	0.0	30.236019900497517	37.36	33.02	39.13	23.22119506386664	0.0	0.0	39.86	27.17758715236976	34.2659633027523	28.07692307692308	0.0	42.28	29.48	36.12694444444445
16.036477987421385	7.630612959719791	18.081621621621625	28.46333333333334	0.0	13.492046724225494	23.080540540540543	12.980956836062088	26.19355704697987	24.666611275964392	0.0	24.921089385474865	3.79675926111367	14.227401717126074	18.555	22.868411214953277	7.940361445783134	2.9600435734897035	3.037466771426701	27.18335535006605	30.635454545454547	16.315	23.56409090909091	26.01674418604652	3.5592573199401576	4.928406430845849	7.215192639889445	27.85414364640884	10.370364464692484	24.60235294117647	6.784238684621248	11.16	13.574202898550729	4.371758542735415	47.16	10.602	0.0	48.28	0.0	0.0	46.48	49.085	32.84	49.55	16.240000000000002	51.84	10.534736842105264	51.208000000000006	0.0	0.0	0.0	0.0	16.060000000000002	48.2	0.0	0.0	42.86	39.20444444444445	6.08661938534279	15.056315789473684	12.929185185185188	42.43	44.92	36.720000000000006	14.9	0.0	0.0	18.880000000000003
14.935700934579438	0.0	29.29777777777778	8.191536558314137	8.261742160278747	6.775951873876366	10.2108	15.30211228837525	3.203965104526836	5.193630830301026	24.921089385474865	0.0	30.86360655737705	18.22611222566721	3.542942264988897	0.0	0.0	31.1621052631579	29.091578947368426	3.8612837785930942	30.140000000000004	11.84	27.76	3.377942566339513	32.21333333333334	31.510724637681164	32.60266666666667	10.354617629889082	18.246317867719647	20.44571428571429	32.47619047619048	20.191389786683903	21.87	18.089562226096792	31.536	0.0	0.0	32.464800000000004	0.0	34.58	28.2648275862069	34.66105263157895	17.97876923076923	32.617000000000004	0.0	29.640000000000004	0.0	35.49764705882353	31.120000000000005	0.0	0.0	0.0	0.0	31.53333333333334	0.0	0.0	0.0	25.32038095238095	0.0	0.0	42.08	29.342352941176472	38.409523809523805	28.4	0.0	0.0	34.040000000000006	37.08800000000001
22.285714285714285	7.744524259609326	17.109090909090913	34.17333333333333	0.0	18.505060240963857	28.68923076923077	18.47928571428572	24.310857142857145	30.128524590163934	3.79675926111367	30.86360655737705	0.0	19.446	0.0	21.466	16.247058823529414	5.931893446989878	8.203656207366986	32.984	20.84	16.32617142857143	19.736	26.17069767441861	3.321166361818878	5.12948711943794	4.361892451172152	29.3925	15.982446043165467	28.03	3.371965535810447	0.0	18.45	7.851068480409255	0.0	9.915555555555557	0.0	0.0	0.0	0.0	0.0	0.0	0.0	0.0	13.0	0.0	11.538712871287128	0.0	0.0	0.0	0.0	14.36	13.43	0.0	0.0	18.84	0.0	45.88	6.072557808609036	14.54923076923077	13.518370370370372	50.92	0.0	0.0	15.407500000000002	0.0	0.0	0.0
4.181646284982776	26.61241379310345	21.339929625285517	19.805368399919693	4.44	5.9406005089058525	5.371338612538263	5.013905766296861	15.045792855307118	16.768566366106235	14.227401717126074	18.22611222566721	19.446	0.0	10.54	25.524444444444445	23.086812371134023	23.691764705882356	24.63954674220963	19.727357332600533	18.4488823860439	17.441495327102807	20.022993367297897	14.336924444444444	23.135	23.24497512437811	24.98981156595192	15.561379418041748	5.557195485156028	11.605397058823533	21.7351724137931	6.397643540669857	12.213028571428572	7.596146824930466	29.5425	0.0	32.08	39.41207547169812	0.0	36.46666666666667	29.71094339622642	35.2592523364486	19.88383916990921	37.56936170212767	0.0	42.540000000000006	0.0	36.12657777777778	51.68000000000001	28.95	39.16	0.0	0.0	37.1091891891892	28.48	19.0	33.720000000000006	26.357436250861475	0.0	0.0	32.10666666666667	27.70970358814353	33.78763358778626	26.711225806451612	0.0	38.2	30.69454545454545	32.72225352112676
0.0	20.746666666666663	0.0	13.286734693877552	2.9133290330903696	3.0185599157229395	12.815238095238096	7.031679389312977	3.542478407294555	12.605221799746516	18.555	3.542942264988897	0.0	10.54	0.0	0.0	31.0	0.0	27.51	13.175	0.0	14.455478260869564	26.02	8.184056301983366	27.22571428571429	27.07555555555556	26.10280991735537	13.721476014760148	8.718490566037735	13.920000000000002	32.96	6.486835680751175	0.0	9.28990291262136	0.0	0.0	0.0	37.2	0.0	0.0	0.0	0.0	18.19333333333333	41.58	0.0	0.0	0.0	39.68	30.48	0.0	0.0	0.0	0.0	0.0	0.0	0.0	0.0	25.368	0.0	0.0	0.0	24.44	21.8	25.48	0.0	0.0	25.880000000000003	0.0
18.44	12.4348623853211	13.788232848232848	0.0	0.0	0.0	10.435675675675675	34.06666666666667	8.711304347826088	0.0	22.868411214953277	0.0	21.466	25.524444444444445	0.0	0.0	17.62625641025641	24.15515151515152	19.499780219780224	36.4	5.502531671392726	4.904731848269361	3.9888928374828416	4.005023662756015	17.762716049382718	17.675883575883578	6.018551406897294	5.645096283027317	11.67	12.002681690140848	23.011929824561403	0.0	0.0	11.103419282511211	29.733333333333334	16.9	20.193191489361705	0.0	0.0	0.0	27.4	34.440000000000005	8.746782608695652	0.0	24.0	0.0	0.0	0.0	0.0	16.72550094010207	25.04	0.0	27.746666666666663	0.0	18.801068524970965	8.779774859287055	17.06490998363339	18.95692307692308	0.0	28.153333333333336	17.88232304900182	19.878490566037737	27.57333333333333	17.393623188405797	0.0	0.0	0.0	18.55
18.242390670553934	7.515946398659968	6.492417553609816	28.68	0.0	24.781894736842105	18.835707070707077	23.44356744704571	21.225161290322585	28.869629629629635	7.940361445783134	0.0	16.247058823529414	23.086812371134023	31.0	17.62625641025641	0.0	10.909213483146068	3.273586947828637	31.68	12.038580139372822	14.540695296523518	4.53362292189558	22.257621832358677	12.694375	4.492971442219114	9.520044300541652	20.58857543859649	16.092828962636343	11.840929189362384	16.108	33.64153846153847	17.77916666666667	4.230173324682548	0.0	9.707931034482758	17.43483870967742	0.0	0.0	0.0	0.0	0.0	26.110000000000003	0.0	0.0	0.0	0.0	0.0	0.0	25.520000000000003	20.30769230769231	0.0	20.44888888888889	0.0	27.568	16.18	27.56	0.0	0.0	16.957333333333334	17.045	38.9	32.32000000000001	0.0	0.0	0.0	0.0	16.14
27.28	10.305	14.47090047393365	34.46	0.0	22.66333333333333	31.472	21.97052631578948	26.66588235294118	30.98888888888889	2.9600435734897035	31.1621052631579	5.931893446989878	23.691764705882356	0.0	24.15515151515152	10.909213483146068	0.0	2.6594402402402406	32.970000000000006	25.906666666666663	19.73837837837838	19.08606060606061	29.48275862068966	7.130229147571036	5.789997865831969	8.991079405044996	30.345454545454544	17.425641025641028	22.74	8.108987555692119	16.4	17.333333333333336	9.622779291553131	0.0	14.422857142857143	0.0	0.0	0.0	0.0	0.0	0.0	0.0	0.0	0.0	0.0	15.52	0.0	0.0	0.0	0.0	0.0	20.020000000000003	0.0	0.0	0.0	0.0	0.0	10.707586206896552	17.98	17.388059701492537	0.0	0.0	0.0	19.21333333333333	0.0	0.0	0.0
20.98198830409357	6.755332197614992	9.780637227501398	32.733333333333334	0.0	23.48170212765957	23.98867924528302	25.191314285714284	21.672912912912917	28.85615384615385	3.037466771426701	29.091578947368426	8.203656207366986	24.63954674220963	27.51	19.499780219780224	3.273586947828637	2.6594402402402406	0.0	32.936	19.57778894472362	14.801073512252042	13.223899159663867	23.76948640483384	5.543827937306944	5.079484595576945	6.97131082380984	24.744558139534885	18.25754749568221	14.56605504587156	9.323055639097744	34.88	19.92	4.355855136733186	0.0	8.753398058252428	20.54	0.0	0.0	0.0	31.28	0.0	0.0	52.080000000000005	19.4	0.0	15.5	0.0	0.0	30.08	17.44571428571429	0.0	17.90666666666667	0.0	0.0	30.48	27.040000000000003	0.0	9.42413223140496	15.657583892617447	15.605575364667748	32.24	0.0	0.0	18.78	0.0	0.0	17.880000000000003
14.765113835376534	0.0	27.95111111111111	3.1678793418647166	19.464	10.27092977601173	7.403181336161188	16.247235978961054	12.907630348795395	4.060583737210555	27.18335535006605	3.8612837785930942	32.984	19.727357332600533	13.175	36.4	31.68	32.970000000000006	32.936	0.0	27.564000000000004	0.0	26.3456	5.441686354378819	0.0	32.861333333333334	35.96	3.890250823410186	19.802915260681527	18.770666666666667	35.0	24.96046434494196	17.802448979591837	20.879593356242843	30.381052631578942	0.0	0.0	32.53194805194805	0.0	31.91881656804734	27.73471502590673	32.59114666666667	16.494622309197656	31.461076487252125	0.0	30.957142857142863	0.0	34.54619289340102	36.17333333333333	33.52	0.0	0.0	0.0	31.561818181818182	32.56	0.0	0.0	24.55418304323414	0.0	0.0	40.06	29.08951351351352	35.93821138211383	27.040000000000003	0.0	42.040000000000006	30.56	38.24111111111112
13.923379549393411	10.248771929824562	9.5244020224951	19.82777777777778	0.0	20.48692667706708	11.469488669604898	19.22656179775281	14.672323232323231	17.016461824953446	30.635454545454547	30.140000000000004	20.84	18.4488823860439	0.0	5.502531671392726	12.038580139372822	25.906666666666663	19.57778894472362	27.564000000000004	0.0	8.898645228150615	7.91652529577645	5.868583340014432	22.0225	13.998729689807975	11.705876255949232	7.3029371961726515	13.605597509811885	5.850269890759295	33.06666666666667	29.466808510638295	14.683000000000002	7.403405828180195	38.56	13.241111111111111	22.499428571428574	0.0	0.0	45.8	25.8	0.0	13.027124463519314	0.0	0.0	0.0	0.0	0.0	0.0	19.283372859025032	28.457142857142863	0.0	28.82	48.56	21.954314850223074	11.731862464183385	21.23921963499056	23.2083870967742	0.0	28.93	19.08039920159681	24.787741935483872	30.5	20.613440860215057	0.0	0.0	0.0	21.98025974025974
13.474285714285712	4.697621470733623	8.163169606512891	16.04	18.24	19.9625	11.96714563106796	19.543384615384618	5.19696179009717	17.304444444444446	16.315	11.84	16.32617142857143	17.441495327102807	14.455478260869564	4.904731848269361	14.540695296523518	19.73837837837838	14.801073512252042	0.0	8.898645228150615	0.0	8.867373292091868	5.535928764731558	12.341993399339934	14.659662058371737	6.709435521899532	8.378763052208836	13.337955555555558	9.492672792648822	19.283137254901963	0.0	12.5675	8.842556538839727	0.0	3.025074626865672	9.66283987915408	0.0	0.0	0.0	23.160000000000004	26.4	2.4044078530715645	0.0	19.520000000000003	0.0	23.0	0.0	0.0	9.055482054890922	17.06909090909091	0.0	19.84	0.0	12.641216216216218	2.223776598987867	11.873964803312628	11.602105263157894	16.720000000000002	17.335	8.553478380611404	13.262	19.22	11.406	0.0	0.0	0.0	12.88
15.670623791952206	9.638795602995062	7.335086774171666	21.132363636363635	0.0	21.81794676806084	13.283386327503976	20.82643112196956	18.903204419889505	18.133722201968645	23.56409090909091	27.76	19.736	20.022993367297897	26.02	3.9888928374828416	4.53362292189558	19.08606060606061	13.223899159663867	26.3456	7.91652529577645	8.867373292091868	0.0	11.246797304942652	16.680975609756096	9.703284452022944	10.313606698772391	9.202466690416816	16.278924651621658	8.25128900786549	21.883076923076924	31.55333333333333	15.943076923076925	7.8377505227601745	0.0	12.143723105706268	18.623212896053364	50.8	0.0	0.0	30.860000000000003	38.28	21.6	0.0	27.8	0.0	0.0	38.68	0.0	17.408419631665218	24.88923076923077	0.0	28.52	0.0	22.532623574144488	11.24636802882647	19.82569894982497	22.516036036036034	20.44	24.346666666666668	18.647030440414508	26.390000000000004	32.730000000000004	21.3	0.0	0.0	0.0	24.234
12.897079107505071	13.247062611200542	17.193509615384617	3.6561074430292	13.573333333333332	12.18260690365791	6.62921629117198	13.867364293591471	5.181197962087484	7.886324566461171	26.01674418604652	3.377942566339513	26.17069767441861	14.336924444444444	8.184056301983366	4.005023662756015	22.257621832358677	29.48275862068966	23.76948640483384	5.441686354378819	5.868583340014432	5.535928764731558	11.246797304942652	0.0	20.996161358811044	22.55602011494253	14.82496401701014	4.605655742580146	14.377140686577087	10.311647780772102	28.222325581395346	25.178630136986307	11.704460043196544	11.138216897856244	23.005714285714284	19.32842105263158	31.992	25.470816777041943	0.0	25.196141176470583	20.807596899224805	26.315902246358924	9.93786160180635	24.55625	35.68	24.98588235294118	30.12	28.04792383292384	25.92	19.877826086956524	29.56	40.24	38.6	24.32914285714286	20.45705583756345	11.025180023228804	23.10076923076923	18.722582078773403	23.653333333333336	33.480000000000004	29.55903614457831	20.298924182196128	26.065494437577257	19.141118219749654	0.0	35.151428571428575	24.420122699386503	25.21160191591272
28.040000000000003	4.540413676083821	12.484000000000002	0.0	0.0	22.6	27.18833333333334	19.45230769230769	19.32536048879837	29.76	3.5592573199401576	32.21333333333334	3.321166361818878	23.135	27.22571428571429	17.762716049382718	12.694375	7.130229147571036	5.543827937306944	0.0	22.0225	12.341993399339934	16.680975609756096	20.996161358811044	0.0	5.230452390447074	4.578157133145576	24.984590163934428	20.181538461538462	27.342857142857145	6.191154285714285	0.0	0.0	7.80763157894737	0.0	5.345382262996942	16.34	0.0	0.0	0.0	28.640000000000004	0.0	0.0	0.0	9.887761194029853	0.0	7.735045871559635	0.0	0.0	0.0	19.08	12.537142857142856	12.567619047619049	0.0	0.0	0.0	0.0	0.0	3.3710210160516305	11.91053745239103	10.839644114921224	18.0	0.0	0.0	11.854000000000005	0.0	0.0	15.88
18.99302857142857	6.910049261083745	4.394017138736992	28.4975	0.0	24.19670588235294	19.826305231770128	24.02294561933535	21.56083857442348	27.36156097560976	4.928406430845849	31.510724637681164	5.12948711943794	23.24497512437811	27.07555555555556	17.675883575883578	4.492971442219114	5.789997865831969	5.079484595576945	32.861333333333334	13.998729689807975	14.659662058371737	9.703284452022944	22.55602011494253	5.230452390447074	0.0	5.940108733974769	20.165732689210948	18.755922818791948	15.497815239379635	5.809830009641245	33.06857142857143	19.24	5.426368239114494	0.0	8.60702241869277	18.72642857142857	0.0	0.0	0.0	35.720000000000006	0.0	18.12	0.0	16.81142857142857	0.0	14.530322580645162	46.06	0.0	27.32	18.13733333333333	18.72	17.558740157480315	0.0	25.773333333333333	17.288	24.770909090909093	39.92	9.89299539170507	15.988656346749227	14.961916092673764	0.0	0.0	22.32	17.84	0.0	0.0	17.191111111111113
20.918790931989925	4.782809171782985	7.291721531921456	29.1975	0.0	26.226989619377168	19.320473346604736	25.4674321880651	17.925276215202654	25.618116591928253	7.215192639889445	32.60266666666667	4.361892451172152	24.98981156595192	26.10280991735537	6.018551406897294	9.520044300541652	8.991079405044996	6.97131082380984	35.96	11.705876255949232	6.709435521899532	10.313606698772391	14.82496401701014	4.578157133145576	5.940108733974769	0.0	13.86795989291475	24.317810218978103	15.656197636949518	5.281759792477303	34.888000000000005	20.443076923076923	7.106342147977817	29.133333333333336	7.688782837518398	16.481216879293424	0.0	0.0	0.0	28.116000000000003	39.8	21.024615384615387	57.36	16.065	0.0	13.7375	35.34666666666667	0.0	15.97928079571538	17.09062937062937	16.941818181818185	16.150702341137126	0.0	23.53538461538461	9.230125523012552	17.921584478577206	22.56776119402985	9.219015384615384	14.978825597749651	15.186476652899078	30.44941176470588	38.24	23.660000000000004	19.51	0.0	0.0	15.047751937984495
13.113222502099076	17.75271186440678	15.45229800443459	3.0328399397198917	19.848000000000003	11.420476547158737	5.235395610823587	13.975547324558502	10.05737925229712	6.27276863278941	27.85414364640884	10.354617629889082	29.3925	15.561379418041748	13.721476014760148	5.645096283027317	20.58857543859649	30.345454545454544	24.744558139534885	3.890250823410186	7.3029371961726515	8.378763052208836	9.202466690416816	4.605655742580146	24.984590163934428	20.165732689210948	13.86795989291475	0.0	16.914352154260186	7.576767705960745	29.905806451612904	25.413804347826087	12.887384416424185	9.207750183941217	25.633663366336634	23.46	32.160000000000004	29.778133802816903	0.0	28.812	23.781147695202257	29.04875369666244	13.03788714969609	28.73754838709678	40.760000000000005	28.6616	0.0	30.2455111976631	29.290000000000003	18.6656862745098	0.0	0.0	0.0	28.67193434935522	21.51094890510949	11.245703349282298	26.443636363636365	20.297711607389022	0.0	37.4	30.611891891891894	22.925377403464168	28.48110325318246	20.951390955924445	0.0	38.92307692307693	25.62377358490566	28.141076345431788
3.771614407635985	23.493333333333336	19.256671797503	18.89730464030304	3.3560000000000003	9.231836139108818	12.459921988364815	6.9110751926313	14.872941599281225	18.09057754704737	10.370364464692484	18.246317867719647	15.982446043165467	5.557195485156028	8.718490566037735	11.67	16.092828962636343	17.425641025641028	18.25754749568221	19.802915260681527	13.605597509811885	13.337955555555558	16.278924651621658	14.377140686577087	20.181538461538462	18.755922818791948	24.317810218978103	16.914352154260186	0.0	5.245154784240151	17.64142857142857	3.2294874089224086	3.902036932271494	4.905705252026029	31.195238095238096	0.0	0.0	42.229090909090914	0.0	39.85363636363637	34.540000000000006	39.88971428571429	18.90503649635037	40.815625	0.0	0.0	0.0	39.56727272727273	0.0	39.0	38.220000000000006	0.0	0.0	41.34518518518519	25.25	14.973333333333333	36.56	26.27034047919293	0.0	27.6	32.053333333333335	28.924566523605147	34.144403669724774	24.30274336283186	0.0	51.120000000000005	27.996666666666663	30.935670103092782
5.847248022884065	18.490181818181817	10.306442285218203	17.053333333333335	0.0	14.603021658742737	5.032004532973021	12.437997867235405	8.638766744631088	14.64937093275488	24.60235294117647	20.44571428571429	28.03	11.605397058823533	13.920000000000002	12.002681690140848	11.840929189362384	22.74	14.56605504587156	18.770666666666667	5.850269890759295	9.492672792648822	8.25128900786549	10.311647780772102	27.342857142857145	15.497815239379635	15.656197636949518	7.576767705960745	5.245154784240151	0.0	30.62	22.273359683794467	8.265082706766918	3.925272858982615	24.355200000000004	0.0	24.73	0.0	0.0	27.880000000000003	25.268571428571427	31.291428571428572	11.38877840909091	0.0	0.0	0.0	0.0	28.635789473684213	0.0	18.789595375722545	26.6	0.0	27.28	0.0	22.6018045112782	11.301704545454545	22.27254237288136	18.707222994900327	26.160000000000004	28.92	26.98	21.67552699228792	25.550434782608697	20.122748091603054	0.0	0.0	24.14769230769231	22.960476190476196
26.453333333333337	11.754594594594597	16.178536585365855	0.0	0.0	21.742666666666672	31.5	21.12	26.160000000000004	32.182	6.784238684621248	32.47619047619048	3.371965535810447	21.7351724137931	32.96	23.011929824561403	16.108	8.108987555692119	9.323055639097744	35.0	33.06666666666667	19.283137254901963	21.883076923076924	28.222325581395346	6.191154285714285	5.809830009641245	5.281759792477303	29.905806451612904	17.64142857142857	30.62	0.0	17.68	21.613333333333337	11.87351524879615	0.0	15.080000000000002	0.0	0.0	0.0	0.0	0.0	0.0	0.0	57.86	0.0	0.0	15.214285714285714	0.0	0.0	0.0	0.0	0.0	0.0	0.0	0.0	0.0	0.0	0.0	11.337391304347824	17.8	16.210625	0.0	0.0	0.0	0.0	0.0	0.0	0.0
12.965475285171104	0.0	32.330461538461535	26.10447257383966	2.4876859284461217	5.313740129828668	20.66204918032787	5.349977728285078	27.04851063829787	21.246987740805604	11.16	20.191389786683903	0.0	6.397643540669857	6.486835680751175	0.0	33.64153846153847	16.4	34.88	24.96046434494196	29.466808510638295	0.0	31.55333333333333	25.178630136986307	0.0	33.06857142857143	34.888000000000005	25.413804347826087	3.2294874089224086	22.273359683794467	17.68	0.0	19.46666666666667	3.4977393278837425	0.0	0.0	0.0	46.77333333333333	0.0	45.08	41.14	45.720000000000006	30.63368421052632	45.664	0.0	0.0	0.0	46.29714285714285	0.0	0.0	0.0	0.0	0.0	47.43	0.0	0.0	0.0	38.11022222222223	0.0	0.0	0.0	40.157647058823535	46.27	35.2	0.0	0.0	0.0	0.0
12.836923076923076	25.640000000000004	18.66642857142857	14.958754171301448	0.0	18.60617142857143	10.349548133595286	16.844	10.791803628601922	15.749369676320274	13.574202898550729	21.87	18.45	12.213028571428572	0.0	0.0	17.77916666666667	17.333333333333336	19.92	17.802448979591837	14.683000000000002	12.5675	15.943076923076925	11.704460043196544	0.0	19.24	20.443076923076923	12.887384416424185	3.902036932271494	8.265082706766918	21.613333333333337	19.46666666666667	0.0	3.667674975355584	0.0	0.0	0.0	0.0	0.0	0.0	0.0	0.0	12.913103448275862	0.0	0.0	0.0	0.0	31.820000000000004	0.0	0.0	0.0	0.0	0.0	0.0	0.0	0.0	0.0	19.13895833333333	0.0	0.0	0.0	23.31652173913044	28.186666666666667	22.704827586206896	0.0	0.0	25.72	26.75
9.552688014638608	7.223068181818182	7.901163714303726	20.33841315225161	2.37970893970894	8.157067940669965	15.45196633941094	6.081976141909715	12.074045922406969	17.959832392056843	4.371758542735415	18.089562226096792	7.851068480409255	7.596146824930466	9.28990291262136	11.103419282511211	4.230173324682548	9.622779291553131	4.355855136733186	20.879593356242843	7.403405828180195	8.842556538839727	7.8377505227601745	11.138216897856244	7.80763157894737	5.426368239114494	7.106342147977817	9.207750183941217	4.905705252026029	3.925272858982615	11.87351524879615	3.4977393278837425	3.667674975355584	0.0	26.722105263157896	8.9085	16.416666666666668	43.58482758620689	0.0	40.51428571428572	36.003157894736844	41.2075	12.95907258064516	42.692413793103455	0.0	41.96	0.0	39.21531914893617	0.0	17.837647058823528	20.06	0.0	0.0	42.70333333333333	20.335	10.504761904761905	22.81	21.24754666666667	0.0	16.720000000000002	15.290602409638556	26.226666666666667	28.638980891719747	22.219076923076923	0.0	0.0	26.752	28.6
29.42	0.0	0.0	28.31068493150685	0.0	31.465376344086025	25.42	30.798947368421057	15.467719298245616	29.06098765432099	47.16	31.536	0.0	29.5425	0.0	29.733333333333334	0.0	0.0	0.0	30.381052631578942	38.56	0.0	0.0	23.005714285714284	0.0	0.0	29.133333333333336	25.633663366336634	31.195238095238096	24.355200000000004	0.0	0.0	0.0	26.722105263157896	0.0	22.47809523809524	17.760490838796436	15.12160583941606	0.0	10.405714285714287	5.787057914735479	7.196561738973573	12.239820224719102	11.3826082906381	19.48017857142857	12.00443820224719	27.78857142857143	4.1550698438783895	16.662222222222223	16.876923076923077	17.80313929916015	25.208849557522125	21.89227194492255	12.736807935076644	14.16656062701706	15.186153846153848	16.691733061380585	12.728344885883349	22.520000000000003	21.663036888761795	22.88455414012739	12.898736754622895	4.784282534886366	5.095738165068283	28.506666666666668	14.30092307692308	12.202857142857145	12.689552635955431
20.28	2.089087071240105	9.836641883519206	0.0	0.0	0.0	24.835	0.0	17.420689655172417	0.0	10.602	0.0	9.915555555555557	0.0	0.0	16.9	9.707931034482758	14.422857142857143	8.753398058252428	0.0	13.241111111111111	3.025074626865672	12.143723105706268	19.32842105263158	5.345382262996942	8.60702241869277	7.688782837518398	23.46	0.0	0.0	15.080000000000002	0.0	0.0	8.9085	22.47809523809524	0.0	7.644109232769831	0.0	0.0	0.0	23.17818181818182	29.6	11.150424095551326	0.0	9.7740350877193	16.76	5.367853136155024	26.69212121212121	21.68	11.06625	9.090452577725303	11.787692307692309	8.976586695747	0.0	19.24857142857143	4.146378173929972	14.201702127659576	12.22255438084822	3.2136427664242007	7.3362687288545185	4.859299251336898	17.902857142857144	21.360727272727274	17.954814814814817	12.4	0.0	21.81	7.815747368421053
0.0	9.816470588235294	16.73494653911086	41.88	0.0	0.0	33.96	0.0	0.0	0.0	0.0	0.0	0.0	32.08	0.0	20.193191489361705	17.43483870967742	0.0	20.54	0.0	22.499428571428574	9.66283987915408	18.623212896053364	31.992	16.34	18.72642857142857	16.481216879293424	32.160000000000004	0.0	24.73	0.0	0.0	0.0	16.416666666666668	17.760490838796436	7.644109232769831	0.0	33.4	0.0	22.290969529085874	16.66153892508757	23.29254308093995	17.09818181818182	28.352727272727275	12.78857142857143	43.56	14.60909090909091	21.49036086019533	0.0	12.886	7.166889219853003	13.009761904761906	9.34747922437673	30.4	10.920943417621045	9.183954802259889	6.530625797183175	17.337594728171336	10.17777777777778	6.382457145275752	6.069359856916763	16.560024729520865	21.608888888888888	10.842471598780827	14.99956989247312	32.81945945945946	19.61714285714286	8.017333919929609
33.89	0.0	0.0	30.578872651357	0.0	34.39312406576981	28.586074600355243	35.80793893129771	18.28753710996668	31.384660081348056	48.28	32.464800000000004	0.0	39.41207547169812	37.2	0.0	0.0	0.0	0.0	32.53194805194805	0.0	0.0	50.8	25.470816777041943	0.0	0.0	0.0	29.778133802816903	42.229090909090914	0.0	0.0	46.77333333333333	0.0	43.58482758620689	15.12160583941606	0.0	33.4	0.0	0.0	13.238256034596883	9.152967032967034	16.857768036529684	14.723350623860927	5.680021011331111	28.45	7.731942812377595	0.0	19.99401710344828	15.92861167002012	20.2	42.32000000000001	33.68	28.792	3.142773176656686	23.895000000000003	0.0	27.701538461538465	5.542454721031822	0.0	33.072	33.32333333333334	4.799034342060524	19.82223092302566	21.515	0.0	26.148679245283024	19.04914285714286	20.19187165775401
0.0	0.0	0.0	0.0	0.0	0.0	0.0	0.0	0.0	0.0	0.0	0.0	0.0	0.0	0.0	0.0	0.0	0.0	0.0	0.0	0.0	0.0	0.0	0.0	0.0	0.0	0.0	0.0	0.0	0.0	0.0	0.0	0.0	0.0	0.0	0.0	0.0	0.0	0.0	2.1463247863247865	0.0	2.340473728507876	0.0	0.0	0.0	0.0	0.0	4.094117647058824	2.1333681632653065	0.0	0.0	0.0	0.0	0.0	0.0	0.0	0.0	0.0	0.0	0.0	0.0	0.0	3.3474402730375425	0.0	0.0	2.1225665440380874	0.0	2.845138539042821
33.480000000000004	0.0	0.0	29.792828438949	0.0	33.147772925764194	27.412709030100338	34.586666666666666	17.816823104693142	30.86256317689531	0.0	34.58	0.0	36.46666666666667	0.0	0.0	0.0	0.0	0.0	31.91881656804734	45.8	0.0	0.0	25.196141176470583	0.0	0.0	0.0	28.812	39.85363636363637	27.880000000000003	0.0	45.08	0.0	40.51428571428572	10.405714285714287	0.0	22.290969529085874	13.238256034596883	2.1463247863247865	0.0	9.1817240745506	4.698915863414007	14.30482456140351	6.347201047066982	17.95888888888889	5.9953191087018185	25.2	9.465936576938082	3.2701285317607995	20.30333333333333	23.623529411764707	23.95	23.648000000000003	9.071542663293467	17.3037386569873	21.0	19.99731147540984	12.3107630103039	0.0	26.576271186440675	25.810267379679143	12.973341178521618	7.013746209824136	12.597099697885197	0.0	3.7458008035018286	21.84	10.09022338841217
26.87333333333333	0.0	27.568	25.286582278481013	0.0	28.29889570552147	22.67305313243457	29.34560975609756	13.144824902723736	25.99855585831063	46.48	28.2648275862069	0.0	29.71094339622642	0.0	27.4	0.0	0.0	31.28	27.73471502590673	25.8	23.160000000000004	30.860000000000003	20.807596899224805	28.640000000000004	35.720000000000006	28.116000000000003	23.781147695202257	34.540000000000006	25.268571428571427	0.0	41.14	0.0	36.003157894736844	5.787057914735479	23.17818181818182	16.66153892508757	9.152967032967034	0.0	9.1817240745506	0.0	8.403883501967398	9.548186887137089	3.819618475618476	21.427954545454547	14.33408	29.2	9.50593640251332	12.88447204968944	10.701333333333334	16.822418437593534	24.667733333333334	21.022433487052147	14.221241379310346	11.130399968994652	14.11205479452055	13.928898243303625	6.524151921730409	21.64	21.040820130475304	18.967040679165198	6.141369260900938	13.828741434306435	4.118407900531262	28.56	21.430117647058825	13.562306940371457	14.698496222568654
35.18666666666667	26.840000000000003	38.24	30.26797202797203	0.0	34.13769585253456	28.011026694045174	34.604721311475416	18.364986522911053	31.00688311688312	49.085	34.66105263157895	0.0	35.2592523364486	0.0	34.440000000000005	0.0	0.0	0.0	32.59114666666667	0.0	26.4	38.28	26.315902246358924	0.0	0.0	39.8	29.04875369666244	39.88971428571429	31.291428571428572	0.0	45.720000000000006	0.0	41.2075	7.196561738973573	29.6	23.29254308093995	16.857768036529684	2.340473728507876	4.698915863414007	8.403883501967398	0.0	15.744235318317394	10.215345030449567	16.908595041322315	13.722810650887576	14.080000000000002	4.64282960524438	4.498725834797892	19.73891737891738	24.527749381698268	26.512857142857143	27.59302533532042	15.188069005750478	17.567375886524825	24.183030303030307	20.687911054094503	12.752035940011892	0.0	27.689606197546805	25.984093307414604	13.58300252622029	5.317412009548876	13.46295357174084	25.5	4.578462293794187	14.6825	3.972035476794113
15.51170731707317	11.98	22.160000000000004	14.28520442088238	0.0	18.15718440185063	12.3432610178742	18.638907849829355	2.2923710217103728	15.511545796012715	32.84	17.97876923076923	0.0	19.88383916990921	18.19333333333333	8.746782608695652	26.110000000000003	0.0	0.0	16.494622309197656	13.027124463519314	2.4044078530715645	21.6	9.93786160180635	0.0	18.12	21.024615384615387	13.03788714969609	18.90503649635037	11.38877840909091	0.0	30.63368421052632	12.913103448275862	12.95907258064516	12.239820224719102	11.150424095551326	17.09818181818182	14.723350623860927	0.0	14.30482456140351	9.548186887137089	15.744235318317394	0.0	13.842534375842543	24.746666666666663	3.2771834273487648	20.92727272727273	15.59725360643101	3.418822341687489	6.033601895734597	20.745695364238408	26.173333333333336	22.868669527897	13.4930947054437	8.973172690763054	4.019025613797397	19.663783783783785	4.590403233183372	16.94909090909091	19.76191754554171	11.372402088772848	9.273098553098553	14.316360996854584	8.088605094437707	31.253333333333337	24.67478260869565	13.51186846038864	15.143428348301446
34.406666666666666	0.0	0.0	29.71971098265896	0.0	33.100987831066575	27.37019390581717	34.62261603375528	17.249103535353537	30.193607118412046	49.55	32.617000000000004	0.0	37.56936170212767	41.58	0.0	0.0	0.0	52.080000000000005	31.461076487252125	0.0	0.0	0.0	24.55625	0.0	0.0	57.36	28.73754838709678	40.815625	0.0	57.86	45.664	0.0	42.692413793103455	11.3826082906381	0.0	28.352727272727275	5.680021011331111	0.0	6.347201047066982	3.819618475618476	10.215345030449567	13.842534375842543	0.0	25.15746031746032	4.18788463981705	32.260000000000005	17.188767739763648	11.55013612565445	16.6	24.69333333333333	31.211428571428577	30.072	4.038633031627492	27.391111111111115	0.0	24.880816326530613	8.699862306368331	0.0	31.32857142857143	28.42755555555556	5.5279601251088994	17.556718608016695	18.153015873015875	0.0	21.16340206185567	17.25777777777778	17.891572112422388
0.0	0.0	22.84	44.52	0.0	46.4	40.32000000000001	0.0	29.840000000000003	43.52	16.240000000000002	0.0	13.0	0.0	0.0	24.0	0.0	0.0	19.4	0.0	0.0	19.520000000000003	27.8	35.68	9.887761194029853	16.81142857142857	16.065	40.760000000000005	0.0	0.0	0.0	0.0	0.0	0.0	19.48017857142857	9.7740350877193	12.78857142857143	28.45	0.0	17.95888888888889	21.427954545454547	16.908595041322315	24.746666666666663	25.15746031746032	0.0	23.97230769230769	3.1252858503251617	17.42562141491396	15.354285714285714	19.282857142857143	4.3396	4.0375639611498855	4.53230904894053	25.80976377952756	16.81387254901961	17.32761904761905	16.3635850388144	24.409292929292928	4.352137030995107	4.747834431107694	5.770806884219938	24.432849162011177	12.570029498525074	12.931910828025476	5.907479989889628	13.875555555555556	14.866666666666667	3.510649304475357
0.0	0.0	0.0	30.15375	0.0	33.04086956521739	27.46	31.826666666666664	16.571428571428573	30.504415584415582	51.84	29.640000000000004	0.0	42.540000000000006	0.0	0.0	0.0	0.0	0.0	30.957142857142863	0.0	0.0	0.0	24.98588235294118	0.0	0.0	0.0	28.6616	0.0	0.0	0.0	0.0	0.0	41.96	12.00443820224719	16.76	43.56	7.731942812377595	0.0	5.9953191087018185	14.33408	13.722810650887576	3.2771834273487648	4.18788463981705	23.97230769230769	0.0	29.380000000000003	15.42988799566435	4.142951150925287	17.580000000000002	0.0	28.695	26.135	3.676888477700023	30.146666666666665	10.872000000000002	33.720000000000006	3.7655392970282096	0.0	30.56	29.95	8.952468699839487	17.34741907208705	15.986666666666668	27.4	20.79067193675889	18.160000000000004	17.33660215329403
