0.0	20.03	19.493519553072627	15.641904761904764	15.460000000000004	13.68603773584906	5.774745596578251	9.500149667871858	12.31	13.720000000000002	21.379487179487175	16.580000000000002	18.7	5.25161431749771	17.28	0.0	19.70543543543544	27.903333333333336	24.46313253012048	14.22888888888889	13.809367088607596	14.471515151515153	17.508035825869612	12.101269841269842	0.0	22.48843102427472	24.56927152317881	12.736521739130437	4.441719375329962	6.409406082176109	0.0	17.236923076923077	9.409032258064515	10.811791613723	0.0	0.0	30.525714285714287	0.0	0.0	0.0	26.906666666666663	0.0	14.74	31.56	0.0	0.0	0.0	0.0	0.0	26.8	0.0	0.0	0.0	0.0	23.986666666666668	15.8	32.767272727272726	23.86518518518519	0.0	38.84	30.905	24.82814814814815	27.68	24.84	0.0	0.0	0.0	27.28
20.03	0.0	7.289916167664669	0.0	20.72	26.26222222222222	21.23905882352941	24.887804878048783	13.23516309770512	24.697142857142858	7.920335195530727	20.06714285714286	7.10190014459471	24.85492537313433	20.3483185840708	10.986666666666668	9.33989909182644	11.569803921568628	7.320672268907563	0.0	13.653333333333332	5.1979668751288575	10.12887417218543	14.319001941889862	4.354727567303638	10.3419865709655	4.75224827370094	18.878750000000004	20.965925925925927	19.84492307692308	0.0	0.0	21.56	9.095920398009952	0.0	2.1201107726391584	9.943428571428573	0.0	0.0	0.0	29.040000000000003	28.040000000000003	0.0	41.16	10.887272727272729	0.0	16.442597402597404	25.33	0.0	28.68	12.156942675159234	13.920000000000002	11.113293413173654	0.0	25.44	3.709090909090909	12.323803278688525	28.884444444444444	8.0525	10.981031190324634	8.344599161174356	29.45142857142857	31.520000000000003	33.52	19.625454545454545	0.0	0.0	12.24
19.493519553072627	7.289916167664669	0.0	22.953548387096777	30.25230769230769	24.296199233716475	18.442030220369634	24.251012764656423	22.228571428571428	23.35350462487153	31.70508474576271	32.77333333333333	32.160000000000004	23.143149674620396	26.668	12.507562189054727	6.827654320987655	19.007272727272728	11.076065573770494	26.473600000000005	11.134218073593075	8.036177777777777	6.598631471967029	18.58540727902946	0.0	5.829049582304264	5.947833068965034	15.941145157682843	23.484525668715733	16.9795762925599	0.0	33.461621621621624	23.131447368421057	8.025082446056723	31.231578947368423	9.54580985915493	17.69180576581856	0.0	0.0	37.5	30.61945945945946	37.22451612903226	20.8	35.34666666666667	44.120000000000005	0.0	27.445714285714285	34.57543307086614	0.0	23.460289855072467	18.969670781893004	25.380000000000003	20.059079497907952	33.84	23.26374603174603	11.698146718146718	19.08128518791452	26.76	0.0	18.35690241011458	16.14050402045085	29.09096446700508	34.04318181818182	26.007291941875827	0.0	0.0	27.167272727272728	20.457263157894737
15.641904761904764	0.0	22.953548387096777	0.0	25.48	10.322849553248007	8.542783384182117	18.228397790055247	9.95861709770115	4.207297042434634	27.660000000000004	7.173401351351352	24.97	18.543684210526315	12.441810699588478	0.0	0.0	32.160000000000004	30.948571428571427	3.2277696729069043	18.211382113821134	17.860000000000003	19.972894736842107	4.369764323224247	0.0	29.92648648648649	24.81313432835821	3.687838500930332	17.189771528998243	17.416666666666668	0.0	23.733333333333334	16.468110403397027	15.36868495742668	0.0	0.0	43.56	24.46174228675136	0.0	27.743529411764705	26.46252491694352	28.40342857142857	13.42971134955418	29.460516923076927	0.0	26.16288	0.0	32.25	20.42857142857143	29.26666666666667	0.0	0.0	0.0	27.10659388646288	29.744	28.540000000000003	34.52969696969697	22.04787339864356	0.0	43.73333333333333	36.32000000000001	27.09962005277045	30.59219512195122	28.57757575757576	0.0	0.0	28.03428571428572	26.65846153846154
15.460000000000004	20.72	30.25230769230769	25.48	0.0	3.5305438907159123	20.08193103448276	3.339202472952086	8.786000000000001	19.51529411764706	11.2806309148265	14.497343358395993	5.830988423864649	14.069830508474578	3.068761415019062	0.0	27.8	17.803478260869564	14.431338199513382	20.34	26.03384615384616	26.12	30.01538461538461	20.18	16.8	19.225233644859816	20.44451612903226	22.15	3.163481209381181	21.06057142857143	0.0	2.633235809209849	0.0	3.3685791516124715	0.0	0.0	0.0	0.0	0.0	0.0	0.0	0.0	0.0	0.0	0.0	0.0	0.0	39.28	0.0	0.0	0.0	0.0	0.0	0.0	0.0	0.0	0.0	32.86	0.0	28.160000000000004	27.52	34.720000000000006	0.0	0.0	0.0	0.0	0.0	21.4
13.68603773584906	26.26222222222222	24.296199233716475	10.322849553248007	3.5305438907159123	0.0	9.684002316954002	5.913809396974218	7.529718213058419	5.592752977378456	16.53806081468732	5.312716248989491	8.479768891591913	10.784242282689087	3.671917334620957	17.160544217687075	24.68918335901387	22.52036036036036	20.863038981702463	7.44253642898776	17.847428132205998	17.593293413173654	20.767820283861266	11.854798191257746	21.24	27.98040589617603	25.711057467123045	10.105030317367431	11.067561129582089	15.142463452566096	25.2	5.6238018087018	17.656396694214877	9.458891622534509	32.0	28.360000000000003	36.90347826086956	25.372075471698118	0.0	29.906666666666663	27.445989304812837	35.80888888888889	13.783255813953488	28.576	0.0	23.375	0.0	35.34315789473685	18.528	32.55822784810127	40.06	0.0	47.24	26.986857142857144	31.28372093023256	23.52857142857143	35.624133016627084	27.35308027380212	0.0	39.004444444444445	35.16551724137931	29.674545454545456	30.921941747572816	31.102	0.0	0.0	30.292	26.711428571428577
5.774745596578251	21.23905882352941	18.442030220369634	8.542783384182117	20.08193103448276	9.684002316954002	0.0	10.348858562797767	9.87041819132253	5.620371652947299	26.48491544532131	9.192790404040403	22.54583153347732	9.904184761068205	13.912878787878787	10.76291151284491	18.41133075198696	32.198750000000004	24.558087649402392	12.022367871485944	12.094051769393332	10.999803715387312	14.780269880308248	6.730285468457119	26.7	23.842380055401662	18.964566943964844	5.687741638670746	14.38654879523611	5.255655976453499	0.0	22.34866019417476	13.745982438462644	13.109267785598268	26.878888888888888	31.440000000000005	32.184477611940295	26.423828045035822	0.0	26.250188679245287	24.84061855670103	28.74577777777778	12.349857531615177	28.43409803267756	37.114285714285714	28.72	0.0	30.12285261489699	22.2224	26.497982195845697	36.36744186046512	44.56	40.57714285714286	26.756300290335965	26.260057971014493	20.88776119402985	30.029203187251	22.597313251179067	0.0	38.96711111111112	30.390044977511245	24.95449936720304	27.13974851091992	25.684249433647317	0.0	32.9	26.381818181818183	26.100093023255813
9.500149667871858	24.887804878048783	24.251012764656423	18.228397790055247	3.339202472952086	5.913809396974218	10.348858562797767	0.0	14.520319042871389	8.99744212962963	12.747059325650875	13.380299938320556	6.663068278562916	5.403065110422767	7.029836786356673	17.704	24.85018409714062	25.044943820224724	26.92875432525952	13.662573967743114	17.93652075160025	17.90377049180328	21.52904929659613	16.71796661608498	0.0	27.602338398145765	27.19656707674282	16.539705126470984	4.899839196307712	14.231433246965771	0.0	4.037238587812008	17.48888888888889	6.797505371348935	26.08	30.360000000000003	36.87045871559633	33.77333333333333	0.0	40.5	29.187873303167425	35.895384615384614	17.520000000000003	34.7325	41.68	0.0	0.0	35.635000000000005	27.68	29.613333333333337	42.2	0.0	43.17	31.34666666666667	29.885454545454547	27.790000000000003	37.46064516129032	27.339438377535107	0.0	37.21818181818183	36.00915662650603	28.54746433502071	30.272	29.852133676092546	0.0	0.0	29.465000000000003	29.33090909090909
12.31	13.23516309770512	22.228571428571428	9.95861709770115	8.786000000000001	7.529718213058419	9.87041819132253	14.520319042871389	0.0	11.341843971631208	23.242666666666672	3.133420168067228	22.63428571428572	15.35168421052632	3.5329526281635304	5.569239130434783	19.54	24.71111111111112	22.809090909090912	8.786567746973839	8.369739524348812	5.208465051219813	19.40355555555556	4.845998699240613	18.97204783258595	23.477270029673598	15.352670956483806	9.43241345737776	12.864036458333334	9.982612419700214	0.0	19.15333333333333	13.291542288557215	13.882278481012658	15.395	15.720000000000002	24.45684210526316	14.570349650349652	0.0	11.35157894736842	13.974718614718617	20.783000000000005	2.2797156496471565	16.893	0.0	9.521028571428571	32.448	18.4125	9.048	9.364498480243162	32.42666666666666	0.0	25.4	14.38958659217877	14.684642857142858	2.253056133056133	21.625365853658536	10.134430772035367	23.84	0.0	23.45714285714286	13.4333221062086	14.5141975308642	16.1805376344086	0.0	0.0	14.770731707317074	14.13161290322581
13.720000000000002	24.697142857142858	23.35350462487153	4.207297042434634	19.51529411764706	5.592752977378456	5.620371652947299	8.99744212962963	11.341843971631208	0.0	23.98969696969697	3.7529307321350287	20.59	16.056603988929155	11.631460674157305	14.539666666666667	30.605	30.654545454545456	27.12385185185185	2.7915429975579418	17.098262068965518	14.566977886977886	19.334434250764524	9.260213454075032	0.0	29.459333333333337	22.92157855547282	6.13786108644908	16.976111956932147	17.08682170542636	0.0	20.500837209302325	17.125954198473284	15.283142978202534	30.05333333333333	0.0	37.56	28.55641449459631	0.0	27.78608695652174	27.33912783453776	29.919503105590064	14.640190150218675	30.697604934041458	0.0	28.28155844155844	0.0	33.13132075471698	22.03076923076923	30.04827586206897	42.32000000000001	0.0	0.0	28.916627816627816	29.828000000000003	27.8	33.356904761904765	23.4931815907954	0.0	44.64	34.90272727272728	28.071093897205067	31.25793103448276	29.19813698630137	0.0	35.8	30.883076923076924	29.067500000000003
21.379487179487175	7.920335195530727	31.70508474576271	27.660000000000004	11.2806309148265	16.53806081468732	26.48491544532131	12.747059325650875	23.242666666666672	23.98969696969697	0.0	20.690727923627687	4.186080964242668	14.142091084028223	14.503577817531308	20.41333333333333	9.73684705882353	4.445317288151075	3.6066823948830873	24.323727959697734	30.40421052631579	16.00287081339713	34.20422535211268	25.68786885245901	3.883783346806792	5.638028238839341	8.866260973323106	27.21418439716312	9.81008221752408	25.472	3.8295569742696847	10.968300950806118	0.0	4.630956006888601	0.0	12.4	21.520000000000003	0.0	0.0	0.0	37.440000000000005	0.0	0.0	0.0	18.39333333333333	0.0	16.90028531983433	0.0	0.0	0.0	24.206666666666667	18.865714285714287	17.51	41.32000000000001	40.96	0.0	49.24	36.28363636363637	10.298833333333334	18.16726403823178	15.761102362204724	38.06270270270271	35.160000000000004	38.67	19.572905811623247	0.0	0.0	0.0
16.580000000000002	20.06714285714286	32.77333333333333	7.173401351351352	14.497343358395993	5.312716248989491	9.192790404040403	13.380299938320556	3.133420168067228	3.7529307321350287	20.690727923627687	0.0	17.284732984293193	16.421925251256283	3.737621558289397	0.0	27.326666666666664	26.342905982905982	23.447991967871484	3.094149614348109	19.92	14.331818181818184	26.986666666666668	5.300796703296703	25.008000000000003	27.169201520912548	28.407794871794877	9.26396176314392	15.274944875349972	23.68	0.0	16.202421473443746	16.97529411764706	14.33443587614189	0.0	34.480000000000004	31.173333333333336	20.99964444444445	0.0	24.057142857142857	22.0332288401254	26.248	7.060635120925342	24.28132283464567	0.0	16.6	0.0	25.096	14.012	20.92	0.0	0.0	35.32000000000001	21.812589641434265	19.666	0.0	24.55111111111112	17.573452647278152	0.0	36.37818181818182	38.704	21.346134751773054	21.19030303030303	20.513288590604027	0.0	0.0	21.128000000000004	16.88235294117647
18.7	7.10190014459471	32.160000000000004	24.97	5.830988423864649	8.479768891591913	22.54583153347732	6.663068278562916	22.63428571428572	20.59	4.186080964242668	17.284732984293193	0.0	9.555549132947975	8.931871227364185	31.8	25.12	7.165583284968079	8.267522935779818	20.911779141104297	23.076	15.974684684684686	31.018260869565218	23.906890756302523	4.35977893353891	3.4466966984090783	3.78040589883665	21.7	6.126069103655484	21.612048192771088	2.562782743878741	5.636861183031269	0.0	4.058204274514016	0.0	9.34	24.6	0.0	0.0	0.0	26.0	0.0	0.0	37.24	16.058449612403102	0.0	15.210369396608389	23.44	0.0	17.96	22.78	17.645765765765766	21.666666666666664	25.04	18.01	0.0	18.2	24.57333333333333	7.953980789754536	16.80726688102894	16.675290322580643	24.943030303030305	17.48	20.66933333333333	17.773713355048862	0.0	18.0	2.4
5.25161431749771	24.85492537313433	23.143149674620396	18.543684210526315	14.069830508474578	10.784242282689087	9.904184761068205	5.403065110422767	15.35168421052632	16.056603988929155	14.142091084028223	16.421925251256283	9.555549132947975	0.0	7.520082116788322	17.40977777777778	22.590607598409	28.73841860465117	26.33231150793651	16.644422268907565	17.30685356559608	17.395428571428575	20.657913981629974	15.267801418439715	30.0	25.68551985123805	26.84075111773473	16.574119782214158	5.729977329327809	11.43947661183364	0.0	3.796488651535381	13.902	9.475721424774058	28.386666666666667	30.05	34.57377777777778	33.4	0.0	33.52	30.6	35.312	18.29772727272728	34.1775	0.0	37.760000000000005	0.0	34.17333333333333	30.920000000000005	27.94620689655173	39.14	0.0	0.0	33.536	28.2	20.28	35.782222222222224	28.026060606060604	0.0	34.93066666666667	35.35302325581396	28.854298323036183	29.069523809523808	30.487126436781608	0.0	0.0	28.18	28.936
17.28	20.3483185840708	26.668	12.441810699588478	3.068761415019062	3.671917334620957	13.912878787878787	7.029836786356673	3.5329526281635304	11.631460674157305	14.503577817531308	3.737621558289397	8.931871227364185	7.520082116788322	0.0	16.8	24.576	20.86533333333333	17.3732183908046	10.725	23.416	14.461164556962029	24.997142857142855	5.83590584726808	26.50133333333333	21.271304347826085	22.490887573964496	13.50256619144603	7.511281903110854	13.576774193548388	0.0	7.96397857689365	18.82	8.179157726180945	0.0	0.0	30.2	22.268571428571427	0.0	0.0	21.28324324324324	37.84	8.226666666666667	24.68	0.0	18.62666666666667	0.0	28.08	0.0	17.67	0.0	0.0	29.8	0.0	22.07	0.0	22.12	20.253846153846155	0.0	35.040000000000006	29.56	22.623298969072167	24.346666666666668	22.544347826086955	0.0	0.0	24.34	18.41333333333333
0.0	10.986666666666668	12.507562189054727	0.0	0.0	17.160544217687075	10.76291151284491	17.704	5.569239130434783	14.539666666666667	20.41333333333333	0.0	31.8	17.40977777777778	16.8	0.0	18.509189189189197	0.0	18.9296551724138	0.0	2.72879160250165	5.250393145473105	3.902514132580653	4.932996902168482	0.0	16.604802182810367	5.346092455031004	5.73690854354822	21.437073170731708	13.56987788331072	0.0	0.0	17.96666666666667	12.11464406779661	20.808888888888887	0.0	25.020000000000003	25.92	32.52	31.08	25.910819672131147	29.00857142857143	10.15375	32.24666666666667	33.3	0.0	0.0	24.76661157024793	22.6	18.58010154883305	28.9912	34.81333333333334	31.790000000000003	28.3	19.8151279542763	9.845159698423576	19.402405877301785	19.863405760485094	0.0	29.963298969072166	19.68413145539906	19.53098027671475	21.24883392226149	20.36478957371708	0.0	0.0	20.07147540983607	19.829484536082475
19.70543543543544	9.33989909182644	6.827654320987655	0.0	27.8	24.68918335901387	18.41133075198696	24.85018409714062	19.54	30.605	9.73684705882353	27.326666666666664	25.12	22.590607598409	24.576	18.509189189189197	0.0	10.449614678899083	4.049715165511932	0.0	7.336599468464381	11.52995024875622	5.627695081871856	23.829777777777775	11.0	7.180924016170283	10.75418150690411	18.705939278937382	19.196095159967182	13.809366760024592	0.0	28.72	22.07851851851852	5.497066279016945	32.07000000000001	11.442146341463417	19.31510715043497	0.0	0.0	39.88	33.30285714285715	38.54363636363637	0.0	0.0	26.68	0.0	24.55428571428572	36.30181818181818	0.0	32.626666666666665	20.447738164815892	27.26	20.96697247706422	0.0	26.927	13.989333333333336	21.080562347188263	31.225	0.0	18.705118601747817	18.31043617446979	32.42727272727272	36.432	26.96461538461539	0.0	0.0	0.0	25.895
27.903333333333336	11.569803921568628	19.007272727272728	32.160000000000004	17.803478260869564	22.52036036036036	32.198750000000004	25.044943820224724	24.71111111111112	30.654545454545456	4.445317288151075	26.342905982905982	7.165583284968079	28.73841860465117	20.86533333333333	0.0	10.449614678899083	0.0	2.581351896148574	30.19555555555556	23.064	17.944000000000003	17.888461538461538	27.140000000000004	8.003029585798817	5.236901129710564	10.913833216538192	28.861666666666668	23.704191343963554	22.373472803347283	9.065555555555555	17.331333333333337	27.773333333333333	10.61488510007413	0.0	12.99	25.504	0.0	0.0	0.0	0.0	0.0	0.0	0.0	17.9572602739726	0.0	16.946223337515686	46.36	0.0	0.0	25.456	19.378275862068968	21.306666666666665	0.0	0.0	0.0	0.0	39.96	11.033436055469954	18.86369655777242	17.546362622884363	44.32000000000001	0.0	0.0	19.473836858006045	0.0	0.0	0.0
24.46313253012048	7.320672268907563	11.076065573770494	30.948571428571427	14.431338199513382	20.863038981702463	24.558087649402392	26.92875432525952	22.809090909090912	27.12385185185185	3.6066823948830873	23.447991967871484	8.267522935779818	26.33231150793651	17.3732183908046	18.9296551724138	4.049715165511932	2.581351896148574	0.0	26.860909090909093	14.824262123197904	16.6412	11.767790902236744	23.85159763313609	7.578032786885247	4.610342116543994	10.144051816782364	22.93670761670762	21.59297176820208	17.810470137700644	8.906206896551726	13.77656121045392	26.88347826086957	7.543947432942677	0.0	8.235323383084578	23.190638297872344	0.0	0.0	0.0	40.720000000000006	0.0	28.96	0.0	17.048275862068966	0.0	16.475835377487055	41.84	0.0	30.6	20.78252100840336	18.95906542056075	17.67612090680101	0.0	34.84	0.0	25.993142857142857	39.06153846153846	12.018175313059036	17.920079840319364	16.55820624790057	40.272000000000006	0.0	35.010000000000005	19.45748502994012	0.0	36.64	0.0
14.22888888888889	0.0	26.473600000000005	3.2277696729069043	20.34	7.44253642898776	12.022367871485944	13.662573967743114	8.786567746973839	2.7915429975579418	24.323727959697734	3.094149614348109	20.911779141104297	16.644422268907565	10.725	0.0	0.0	30.19555555555556	26.860909090909093	0.0	21.23	16.96	22.295483870967743	5.435318416523236	0.0	30.752156862745096	30.09696969696969	5.974467715303729	16.365129665769995	22.78	0.0	21.026303501945527	16.141432664756447	14.916366585563669	0.0	0.0	36.8	26.74505836575876	0.0	27.725882352941177	25.93083849648905	27.75116279069768	13.16063122923588	29.1538321536906	0.0	26.110491803278688	40.56	31.99125	19.78857142857143	26.190000000000005	0.0	0.0	0.0	27.50307137707282	26.4962962962963	27.32	33.87428571428572	21.739545056867893	0.0	40.720000000000006	37.806666666666665	26.543198535530035	29.523030303030303	27.34792452830189	0.0	0.0	28.773333333333333	25.903333333333336
13.809367088607596	13.653333333333332	11.134218073593075	18.211382113821134	26.03384615384616	17.847428132205998	12.094051769393332	17.93652075160025	8.369739524348812	17.098262068965518	30.40421052631579	19.92	23.076	17.30685356559608	23.416	2.72879160250165	7.336599468464381	23.064	14.824262123197904	21.23	0.0	8.46059743954481	5.13472450378471	2.916148417937628	0.0	17.769620317460316	10.780869041990805	6.384428255302221	19.02005237560793	4.826039384650272	0.0	27.860571428571436	15.875842696629215	6.676597281019857	23.190150753768844	22.72	27.471198501872657	27.9	0.0	29.365	24.853521126760565	29.974761904761905	11.944219554030877	29.208421052631586	0.0	33.28	39.8	26.46872266973533	22.588	19.55779939243611	31.917615894039734	39.48	33.958000000000006	28.392000000000003	21.35554611274985	11.558167898627245	21.11800789768374	20.882952051263167	0.0	32.75529411764706	24.379883040935677	22.028199321216736	22.58903686546999	22.23450372648764	0.0	0.0	21.4723006833713	20.269979633401224
14.471515151515153	5.1979668751288575	8.036177777777777	17.860000000000003	26.12	17.593293413173654	10.999803715387312	17.90377049180328	5.208465051219813	14.566977886977886	16.00287081339713	14.331818181818184	15.974684684684686	17.395428571428575	14.461164556962029	5.250393145473105	11.52995024875622	17.944000000000003	16.6412	16.96	8.46059743954481	0.0	8.997821544785067	5.776056537852119	11.530694850460986	14.032594156986978	5.857405128205128	8.693023255813955	14.863184713375798	11.862526315789474	0.0	23.360000000000003	14.11076923076923	10.430078328981724	17.30666666666667	3.2506666666666666	11.89115562403698	0.0	0.0	28.56	25.283000000000005	28.33	3.88896551724138	29.360000000000003	0.0	0.0	24.19333333333333	23.228	13.64	10.365045553702045	21.136000000000003	0.0	25.98	0.0	13.651921126760564	2.3654225673823666	12.65919112240123	12.838928571428571	20.96	22.56615384615385	11.075315865039483	14.140896686159843	14.829411764705885	14.197724288840265	27.28	0.0	13.693333333333332	13.778333333333332
17.508035825869612	10.12887417218543	6.598631471967029	19.972894736842107	30.01538461538461	20.767820283861266	14.780269880308248	21.52904929659613	19.40355555555556	19.334434250764524	34.20422535211268	26.986666666666668	31.018260869565218	20.657913981629974	24.997142857142855	3.902514132580653	5.627695081871856	17.888461538461538	11.767790902236744	22.295483870967743	5.13472450378471	8.997821544785067	0.0	9.882549960031977	0.0	11.020629420444717	9.684234967562537	11.26428315554217	21.391218831039296	11.163282202198031	0.0	30.724369747899164	20.178085539714868	8.289148490575677	29.22769230769231	11.727391304347826	19.364766645924085	0.0	0.0	35.480000000000004	30.15674074074074	36.24087912087912	19.722	34.93103448275862	27.840000000000003	0.0	0.0	29.635813953488373	27.860000000000003	18.880456632836683	23.46689361702128	35.32666666666667	29.62956521739131	34.35428571428572	21.53776826996067	11.850464674382447	20.273466913554227	22.997460701330112	0.0	27.172500000000003	18.78938277427342	23.91666527719883	23.15086757990868	21.52275921908894	0.0	0.0	20.41657894736842	21.2167335243553
12.101269841269842	14.319001941889862	18.58540727902946	4.369764323224247	20.18	11.854798191257746	6.730285468457119	16.71796661608498	4.845998699240613	9.260213454075032	25.68786885245901	5.300796703296703	23.906890756302523	15.267801418439715	5.83590584726808	4.932996902168482	23.829777777777775	27.140000000000004	23.85159763313609	5.435318416523236	2.916148417937628	5.776056537852119	9.882549960031977	0.0	19.986312433581297	22.58357036300348	13.719985559967787	3.6349881044999943	13.023571344823544	12.62198347107438	0.0	24.20888888888889	12.448159722222222	12.933590361445784	22.444371584699454	21.360000000000003	27.79575510204082	21.477106481481485	0.0	24.382117647058823	21.703054872178843	26.976283687943265	8.82718911564626	23.37948114630468	35.81411764705883	23.96854368932039	35.84	26.841595836947096	20.73371428571429	18.43762088535755	33.84207792207793	40.62315789473685	37.10315789473684	21.623577319587632	19.650948207171314	10.266314243759178	23.33419743782969	19.63287394628504	0.0	36.28699029126214	27.52076923076923	21.320038764302844	23.686148478387288	23.007324959742352	37.720000000000006	32.696000000000005	23.094664371772808	23.311900138696256
0.0	4.354727567303638	0.0	0.0	16.8	21.24	26.7	0.0	18.97204783258595	0.0	3.883783346806792	25.008000000000003	4.35977893353891	30.0	26.50133333333333	0.0	11.0	8.003029585798817	7.578032786885247	0.0	0.0	11.530694850460986	0.0	19.986312433581297	0.0	6.412734035176196	5.49728716453915	27.248	25.380000000000003	26.6	9.95818181818182	15.68	0.0	8.545797101449276	29.56	5.581889985895628	19.023030303030303	0.0	0.0	0.0	27.56	35.040000000000006	0.0	0.0	13.618775510204085	0.0	12.895381921645876	33.0	0.0	43.16	19.44812030075188	15.020490196078432	14.899032258064516	0.0	19.78666666666667	0.0	26.32	34.06	5.343225296442688	14.102950288356132	14.234965910002408	33.1	0.0	26.904000000000003	14.89986027014439	0.0	0.0	17.720000000000002
22.48843102427472	10.3419865709655	5.829049582304264	29.92648648648649	19.225233644859816	27.98040589617603	23.842380055401662	27.602338398145765	23.477270029673598	29.459333333333337	5.638028238839341	27.169201520912548	3.4466966984090783	25.68551985123805	21.271304347826085	16.604802182810367	7.180924016170283	5.236901129710564	4.610342116543994	30.752156862745096	17.769620317460316	14.032594156986978	11.020629420444717	22.58357036300348	6.412734035176196	0.0	5.043172518962146	22.36985019871599	21.931612928827956	18.08213085234093	2.270797342192691	19.79	25.311663865546222	8.119899695886465	34.480000000000004	9.670166666666669	18.019849146486703	0.0	0.0	39.4	33.77875	39.34509803921569	29.165714285714284	43.9	17.69156950672646	0.0	16.06888378368523	37.03428571428572	0.0	29.46620689655173	19.26228388031888	18.853598166539346	18.83921112871985	0.0	28.184415584415586	19.613714285714288	23.24240053944707	37.777777777777786	10.50617021276596	17.591326314771617	16.294626702997277	34.04626506024097	37.38222222222223	28.32602739726028	19.12221847118399	0.0	31.29333333333334	21.04
24.56927152317881	4.75224827370094	5.947833068965034	24.81313432835821	20.44451612903226	25.711057467123045	18.964566943964844	27.19656707674282	15.352670956483806	22.92157855547282	8.866260973323106	28.407794871794877	3.78040589883665	26.84075111773473	22.490887573964496	5.346092455031004	10.75418150690411	10.913833216538192	10.144051816782364	30.09696969696969	10.780869041990805	5.857405128205128	9.684234967562537	13.719985559967787	5.49728716453915	5.043172518962146	0.0	14.099574642246358	24.26751830756713	18.2404642456009	2.616393442622951	21.26439024390244	26.58842975206612	8.960742832602387	32.33170731707317	7.655255026857442	17.234989089759132	0.0	0.0	37.34666666666667	30.86173541963016	37.413678756476685	22.97	35.882222222222225	16.95557858376511	0.0	16.547835576217274	35.40904593639576	44.68	17.252880976374428	18.56528463360587	18.127143778207607	18.33657130565713	35.0	22.23431935246505	9.585200883002209	18.653869269995365	28.241333333333337	10.204181360201511	16.58676106815216	16.057003639284023	28.757637130801687	36.3167816091954	26.30777777777778	18.430751496342275	0.0	29.426666666666662	20.95369230769231
12.736521739130437	18.878750000000004	15.941145157682843	3.687838500930332	22.15	10.105030317367431	5.687741638670746	16.539705126470984	9.43241345737776	6.13786108644908	27.21418439716312	9.26396176314392	21.7	16.574119782214158	13.50256619144603	5.73690854354822	18.705939278937382	28.861666666666668	22.93670761670762	5.974467715303729	6.384428255302221	8.693023255813955	11.26428315554217	3.6349881044999943	27.248	22.36985019871599	14.099574642246358	1.64	14.311601232748226	5.563943321278236	0.0	24.636000000000003	12.564726109556178	11.367341697125358	23.91756097560976	31.28	29.90277227722772	26.80821325648415	36.08	26.972	24.004517911773416	28.981814207650277	12.185319967362163	28.207055764229988	37.29818181818182	27.32486274509804	0.0	27.77581798483207	22.84258064516129	18.55157894736842	34.336	41.98	40.525	26.60888250502729	21.580858147713958	11.168613376835236	26.3139970282318	21.25781884249833	0.0	37.98944	28.195508771929827	23.457327617117468	23.63052728106373	24.266956874847725	0.0	33.056	23.042155963302758	24.052347266881032
4.441719375329962	20.965925925925927	23.484525668715733	17.189771528998243	3.163481209381181	11.067561129582089	14.38654879523611	4.899839196307712	12.864036458333334	16.976111956932147	9.81008221752408	15.274944875349972	6.126069103655484	5.729977329327809	7.511281903110854	21.437073170731708	19.196095159967182	23.704191343963554	21.59297176820208	16.365129665769995	19.02005237560793	14.863184713375798	21.391218831039296	13.023571344823544	25.380000000000003	21.931612928827956	24.26751830756713	14.311601232748226	1.8400000000000003	8.266716081892735	0.0	2.960778557059751	2.668000699445213	4.990731268371693	29.056	33.760000000000005	33.4435	31.090000000000003	0.0	28.53333333333334	29.324727272727277	33.322857142857146	15.285882352941176	33.347317073170736	41.4	32.86666666666667	27.640000000000004	31.648888888888887	21.7	24.42823529411765	31.24	0.0	38.336	32.00923076923077	25.89655172413793	23.741818181818186	34.95747368421053	27.042688900468995	0.0	34.555	33.50434782608696	27.09508795669824	29.06222222222222	28.46423162583519	0.0	0.0	29.433333333333337	28.181176470588237
6.409406082176109	19.84492307692308	16.9795762925599	17.416666666666668	21.06057142857143	15.142463452566096	5.255655976453499	14.231433246965771	9.982612419700214	17.08682170542636	25.472	23.68	21.612048192771088	11.43947661183364	13.576774193548388	13.56987788331072	13.809366760024592	22.373472803347283	17.810470137700644	22.78	4.826039384650272	11.862526315789474	11.163282202198031	12.62198347107438	26.6	18.08213085234093	18.2404642456009	5.563943321278236	8.266716081892735	0.0	0.0	22.44	8.842648955377872	5.939396381922319	23.923050847457624	19.520000000000003	28.53104761904762	29.06	35.2	30.184615384615388	24.96461994076999	31.00552995391705	13.260452488687784	30.28	40.56	26.640000000000004	40.6	27.363677130044845	26.512	19.96640423921272	32.5145945945946	42.8	37.71333333333334	28.76	21.78486259040105	12.293941018766755	22.684122699386503	21.84354717707031	0.0	32.61221374045802	28.05705426356589	23.0619237405107	23.495014492753626	23.81449572649573	0.0	32.34	22.748080808080807	21.201854304635766
0.0	0.0	0.0	0.0	0.0	25.2	0.0	0.0	0.0	0.0	3.8295569742696847	0.0	2.562782743878741	0.0	0.0	0.0	0.0	9.065555555555555	8.906206896551726	0.0	0.0	0.0	0.0	0.0	9.95818181818182	2.270797342192691	2.616393442622951	0.0	0.0	0.0	0.0	0.0	0.0	13.055714285714288	0.0	0.0	0.0	0.0	0.0	0.0	0.0	0.0	0.0	0.0	23.28	0.0	18.96235294117647	0.0	0.0	0.0	0.0	23.133333333333336	0.0	0.0	0.0	0.0	0.0	0.0	13.573333333333332	21.64	18.14666666666667	0.0	0.0	0.0	22.880000000000003	0.0	0.0	0.0
17.236923076923077	0.0	33.461621621621624	23.733333333333334	2.633235809209849	5.6238018087018	22.34866019417476	4.037238587812008	19.15333333333333	20.500837209302325	10.968300950806118	16.202421473443746	5.636861183031269	3.796488651535381	7.96397857689365	0.0	28.72	17.331333333333337	13.77656121045392	21.026303501945527	27.860571428571436	23.360000000000003	30.724369747899164	24.20888888888889	15.68	19.79	21.26439024390244	24.636000000000003	2.960778557059751	22.44	0.0	0.0	0.0	3.634362751911049	0.0	0.0	0.0	0.0	0.0	0.0	35.52	0.0	23.28	0.0	0.0	0.0	31.08	0.0	0.0	0.0	0.0	0.0	0.0	0.0	0.0	0.0	0.0	34.20285714285715	0.0	28.984	28.24	34.39466666666667	0.0	34.9	30.48	0.0	0.0	0.0
9.409032258064515	21.56	23.131447368421057	16.468110403397027	0.0	17.656396694214877	13.745982438462644	17.48888888888889	13.291542288557215	17.125954198473284	0.0	16.97529411764706	0.0	13.902	18.82	17.96666666666667	22.07851851851852	27.773333333333333	26.88347826086957	16.141432664756447	15.875842696629215	14.11076923076923	20.178085539714868	12.448159722222222	0.0	25.311663865546222	26.58842975206612	12.564726109556178	2.668000699445213	8.842648955377872	0.0	0.0	0.0	2.8907179333133075	0.0	0.0	34.373333333333335	28.68	0.0	28.4	27.44461538461539	31.840000000000003	15.120909090909093	30.752	0.0	29.96	0.0	34.4	0.0	0.0	0.0	0.0	0.0	30.733333333333334	0.0	0.0	35.30285714285715	24.608771929824563	0.0	0.0	36.6	26.456666666666667	28.02	27.088000000000005	0.0	0.0	0.0	30.28
10.811791613723	9.095920398009952	8.025082446056723	15.36868495742668	3.3685791516124715	9.458891622534509	13.109267785598268	6.797505371348935	13.882278481012658	15.283142978202534	4.630956006888601	14.33443587614189	4.058204274514016	9.475721424774058	8.179157726180945	12.11464406779661	5.497066279016945	10.61488510007413	7.543947432942677	14.916366585563669	6.676597281019857	10.430078328981724	8.289148490575677	12.933590361445784	8.545797101449276	8.119899695886465	8.960742832602387	11.367341697125358	4.990731268371693	5.939396381922319	13.055714285714288	3.634362751911049	2.8907179333133075	0.0	0.0	10.144324324324325	17.282745098039218	34.0	0.0	0.0	27.96030769230769	35.220000000000006	14.755862068965516	31.83219512195122	0.0	28.912	22.76	32.50769230769231	0.0	19.484615384615388	19.11945945945946	25.62	19.701176470588237	30.37333333333333	27.023529411764702	12.562105263157894	19.089950900163668	25.70473794549266	15.44	18.80851851851852	16.292827487473158	28.18378504672897	28.21333333333334	28.453643410852717	0.0	0.0	29.144	23.813333333333336
0.0	0.0	31.231578947368423	0.0	0.0	32.0	26.878888888888888	26.08	15.395	30.05333333333333	0.0	0.0	0.0	28.386666666666667	0.0	20.808888888888887	32.07000000000001	0.0	0.0	0.0	23.190150753768844	17.30666666666667	29.22769230769231	22.444371584699454	29.56	34.480000000000004	32.33170731707317	23.91756097560976	29.056	23.923050847457624	0.0	0.0	0.0	0.0	0.0	0.0	20.75737457563184	14.901322957198442	15.44	15.240384615384617	6.592044967259663	10.764112792297112	11.36	13.471935483870968	23.078072289156623	15.451666666666668	31.233333333333334	5.183906870506399	12.080000000000002	15.070000000000002	23.155816767502163	27.26881953867029	24.80235107227959	14.211783960720132	14.486188679245284	12.32	16.485436013590036	11.54111801242236	0.0	24.889519959575544	26.153315363881404	13.71791224018476	3.6887910597476727	5.851589969203696	24.84	17.94666666666667	6.516981132075472	12.86484988452656
0.0	2.1201107726391584	9.54580985915493	0.0	0.0	28.360000000000003	31.440000000000005	30.360000000000003	15.720000000000002	0.0	12.4	34.480000000000004	9.34	30.05	0.0	0.0	11.442146341463417	12.99	8.235323383084578	0.0	22.72	3.2506666666666666	11.727391304347826	21.360000000000003	5.581889985895628	9.670166666666669	7.655255026857442	31.28	33.760000000000005	19.520000000000003	0.0	0.0	0.0	10.144324324324325	0.0	0.0	6.9776299376299376	28.640000000000004	0.0	0.0	22.21333333333333	0.0	11.746534540038953	26.37333333333333	6.755	18.6211320754717	5.976561493882807	27.440000000000005	18.452591170825336	11.508387096774191	9.43625	10.12	8.626913580246914	22.85	13.213333333333331	5.219564493856885	9.705841584158415	12.63571143328414	3.5938871224165347	7.141890427453342	4.584715070543874	16.67577777777778	20.35555555555556	20.186666666666667	14.2	0.0	23.2	14.25
30.525714285714287	9.943428571428573	17.69180576581856	43.56	0.0	36.90347826086956	32.184477611940295	36.87045871559633	24.45684210526316	37.56	21.520000000000003	31.173333333333336	24.6	34.57377777777778	30.2	25.020000000000003	19.31510715043497	25.504	23.190638297872344	36.8	27.471198501872657	11.89115562403698	19.364766645924085	27.79575510204082	19.023030303030303	18.019849146486703	17.234989089759132	29.90277227722772	33.4435	28.53104761904762	0.0	0.0	34.373333333333335	17.282745098039218	20.75737457563184	6.9776299376299376	0.0	23.63826086956521	33.720000000000006	24.46410738255034	18.458702195533878	25.10774683969594	22.08	23.94135458167331	24.701294964028776	26.45142857142857	16.54511627906977	23.677424301697837	25.75	10.936524216524218	8.175260903051893	15.975006605019814	12.325113402061856	23.804761904761904	12.257221369358309	7.897786561264823	6.218937495261511	16.65310015898251	0.0	6.833587989556136	6.0494846690035855	15.7687243295482	28.39148307692308	15.319179316096749	17.456	31.929230769230777	20.12	18.862249742002064
0.0	0.0	0.0	24.46174228675136	0.0	25.372075471698118	26.423828045035822	33.77333333333333	14.570349650349652	28.55641449459631	0.0	20.99964444444445	0.0	33.4	22.268571428571427	25.92	0.0	0.0	0.0	26.74505836575876	27.9	0.0	0.0	21.477106481481485	0.0	0.0	0.0	26.80821325648415	31.090000000000003	29.06	0.0	0.0	28.68	34.0	14.901322957198442	28.640000000000004	23.63826086956521	0.0	0.0	9.48611144397843	10.41863354037267	12.449627228525122	10.73580399887356	3.3674301322143934	26.793846153846157	6.640206790123457	0.0	17.399833630421867	11.471794871794872	14.21	27.773333333333333	32.120000000000005	35.52	2.897729601097084	16.922909090909094	0.0	20.30688524590164	3.7070255539483887	0.0	29.91428571428572	27.13272727272728	3.810729536024142	16.883463862161555	19.592727272727277	0.0	23.68	16.17939879759519	15.931517779705118
0.0	0.0	0.0	0.0	0.0	0.0	0.0	0.0	0.0	0.0	0.0	0.0	0.0	0.0	0.0	32.52	0.0	0.0	0.0	0.0	0.0	0.0	0.0	0.0	0.0	0.0	0.0	36.08	0.0	35.2	0.0	0.0	0.0	0.0	15.44	0.0	33.720000000000006	0.0	0.0	2.312449468996232	21.294117647058822	4.19904761904762	9.622857142857145	20.99111111111112	10.680983606557378	15.395555555555555	0.0	7.19219512195122	2.972981518691073	0.0	31.880000000000003	16.758666666666667	18.41333333333333	15.64	27.76	17.32	13.16	12.28	0.0	20.248275862068965	19.09714285714286	0.0	3.931428571428572	19.92	0.0	2.1275650364203957	0.0	2.707631310034744
0.0	0.0	37.5	27.743529411764705	0.0	29.906666666666663	26.250188679245287	40.5	11.35157894736842	27.78608695652174	0.0	24.057142857142857	0.0	33.52	0.0	31.08	39.88	0.0	0.0	27.725882352941177	29.365	28.56	35.480000000000004	24.382117647058823	0.0	39.4	37.34666666666667	26.972	28.53333333333334	30.184615384615388	0.0	0.0	28.4	0.0	15.240384615384617	0.0	24.46410738255034	9.48611144397843	2.312449468996232	0.0	10.32386488878737	5.350291083819982	5.630808510638298	5.380162271805274	16.47025676613463	5.370550892471487	23.123478260869568	10.223044953855316	3.1488779093993693	15.712	28.89491124260355	23.702462686567166	25.275370919881308	8.374107390529028	17.858782249742003	16.673333333333336	19.9343342601174	10.60003633060854	0.0	27.378167865707432	26.69624548736462	8.415860089612027	9.518539639881752	15.524302176696542	27.18	3.747084609742417	16.77078260869565	6.265492545332438
26.906666666666663	29.040000000000003	30.61945945945946	26.46252491694352	0.0	27.445989304812837	24.84061855670103	29.187873303167425	13.974718614718617	27.33912783453776	37.440000000000005	22.0332288401254	26.0	30.6	21.28324324324324	25.910819672131147	33.30285714285715	0.0	40.720000000000006	25.93083849648905	24.853521126760565	25.283000000000005	30.15674074074074	21.703054872178843	27.56	33.77875	30.86173541963016	24.004517911773416	29.324727272727277	24.96461994076999	0.0	35.52	27.44461538461539	27.96030769230769	6.592044967259663	22.21333333333333	18.458702195533878	10.41863354037267	21.294117647058822	10.32386488878737	2.3200000000000003	10.659161409333125	10.33722033898305	5.21193129871215	24.12865497076024	19.34577586206897	30.468235294117648	9.353975783082657	12.49035856573705	12.833504273504271	18.841963848039217	26.78150417827298	23.96670041126226	15.327583892617447	12.24553185084848	19.953846153846158	13.885339452214453	9.363952095808385	0.0	22.90069609842753	22.80914346140289	6.203101475416768	13.550221296359538	6.769762851841959	31.488000000000007	20.929174311926605	13.077879123311934	13.070872590471753
0.0	28.040000000000003	37.22451612903226	28.40342857142857	0.0	35.80888888888889	28.74577777777778	35.895384615384614	20.783000000000005	29.919503105590064	0.0	26.248	0.0	35.312	37.84	29.00857142857143	38.54363636363637	0.0	0.0	27.75116279069768	29.974761904761905	28.33	36.24087912087912	26.976283687943265	35.040000000000006	39.34509803921569	37.413678756476685	28.981814207650277	33.322857142857146	31.00552995391705	0.0	0.0	31.840000000000003	35.220000000000006	10.764112792297112	0.0	25.10774683969594	12.449627228525122	4.19904761904762	5.350291083819982	10.659161409333125	0.0	13.112985274431058	8.668518600872318	12.443858018955584	15.165990938971309	23.31323943661972	5.006038422579704	7.241543556761608	17.144680851063832	29.216869658119656	23.954613304488912	29.01146720757269	15.6474069591528	18.079169476194394	25.016	20.186989813493437	11.997617935544138	0.0	28.916527810465208	27.481379310344828	12.185590624665332	6.909156297052664	14.802366079878857	20.931538461538462	3.508227173831496	18.12483516483517	5.449311661645334
14.74	0.0	20.8	13.42971134955418	0.0	13.783255813953488	12.349857531615177	17.520000000000003	2.2797156496471565	14.640190150218675	0.0	7.060635120925342	0.0	18.29772727272728	8.226666666666667	10.15375	0.0	0.0	28.96	13.16063122923588	11.944219554030877	3.88896551724138	19.722	8.82718911564626	0.0	29.165714285714284	22.97	12.185319967362163	15.285882352941176	13.260452488687784	0.0	23.28	15.120909090909093	14.755862068965516	11.36	11.746534540038953	22.08	10.73580399887356	9.622857142857145	5.630808510638298	10.33722033898305	13.112985274431058	0.0	14.091771489875285	21.59368421052632	4.277843272276547	25.53	14.842399342645852	3.7260373565625264	4.125985790408526	21.25025641025641	26.440000000000005	25.08	9.60424378617637	13.493333333333334	5.797583592534992	16.878750000000004	4.89398737211461	16.93321428571429	21.603934426229507	15.719078827229382	10.44514818065213	11.000851657940665	10.420110831234258	0.0	17.364	12.118050847457628	12.505514950166114
