0.0	21.04	19.11313237221494	14.5436704805492	0.0	15.507179487179489	6.223727027072389	4.12119261713204	11.02781954887218	13.608622012790306	22.239016393442625	13.830909090909092	24.586666666666662	3.308498485265767	15.815	13.76	19.81811543322567	27.62	20.202235033259424	12.940733153638812	11.344457935819602	12.02	15.6267770647899	11.105889898450028	0.0	22.60874587458746	24.36732394366197	13.046377183143727	2.959607667009548	6.494252924299272	30.96	16.151111111111113	4.9634042553191495	9.009362035225047	22.95272727272728	23.08	28.67	26.87333333333333	0.0	26.3	23.56	25.292	13.263636363636362	26.773333333333333	0.0	0.0	0.0	27.09935483870968	0.0	19.99428571428572	0.0	0.0	37.56	26.040000000000003	21.94625	12.008	29.840000000000003	21.004782608695653	0.0	33.57333333333334	29.973600000000005	22.448295454545452	24.49142857142857	22.34171428571428	0.0	0.0	22.96	24.42
21.04	0.0	7.456551724137931	24.32	25.48	32.0	22.04	28.8	11.353886038347287	0.0	10.024873949579831	19.874285714285712	7.825529010238908	28.8	20.164040404040406	12.122021660649818	7.869866666666667	11.514386554621847	9.709974160206718	0.0	17.57714285714286	4.278354934349852	12.962666666666667	13.43635584137192	4.081255819412386	9.079875776397516	5.74616835610401	17.110909090909093	18.94	17.220000000000002	10.47391304347826	0.0	17.44	6.916681222707425	0.0	2.606575682382134	11.07962962962963	0.0	0.0	0.0	22.462222222222223	0.0	22.24	0.0	0.0	0.0	8.811034482758622	23.72	0.0	13.96	11.234418604651164	13.305454545454548	10.507950310559009	0.0	16.752000000000002	7.167999999999999	14.577142857142857	24.04	4.516581196581197	10.018373205741629	8.576823949735125	22.770000000000003	0.0	18.025	0.0	0.0	0.0	11.678333333333333
19.11313237221494	7.456551724137931	0.0	24.053270142180097	0.0	24.360473372781065	17.42674881659028	21.818160031689445	15.842666666666668	23.98591905564924	13.28538116591928	28.85333333333333	16.076756756756758	20.629487179487175	28.6	14.439024390243905	8.517072082606273	14.057777777777778	9.338224115334208	24.189931972789115	10.539274620099068	7.806338797814209	6.184875154559135	19.10188524590164	35.480000000000004	6.495806312680736	6.370763505182884	18.293727968074496	21.76451006711409	13.760986349625716	15.13939393939394	31.53263157894737	18.239047619047614	7.501479955039342	30.748571428571427	9.852545201668985	16.207631774313292	0.0	0.0	0.0	28.65263157894737	32.70666666666666	21.916	0.0	0.0	0.0	25.28	32.35636363636364	0.0	20.56615384615385	18.38257261410789	23.160000000000004	20.86227848101266	0.0	25.610434782608696	13.295454545454549	18.04089775561097	26.37052631578948	13.68	18.07747474747475	14.75802597153213	28.26472727272728	32.665000000000006	27.090000000000003	0.0	0.0	0.0	17.65555555555556
14.5436704805492	24.32	24.053270142180097	0.0	0.0	13.074976303317536	7.3493052281237	17.085157955198163	10.162597892750432	6.864557967071721	28.42181818181818	6.392790064102565	0.0	17.879234588833718	13.312313725490196	19.048571428571428	28.68285714285714	35.84	30.270967741935483	2.9795551774804734	18.409150326797384	18.62857142857143	19.671694725028058	4.826429447118979	0.0	28.21630695443645	28.309090909090912	2.98817644417839	16.846034431455898	15.2128	0.0	24.68	15.95201612903226	15.20472233009709	27.24266666666667	0.0	35.84	26.843390044108386	0.0	25.56042857142857	24.886169354838707	26.19216806722689	14.619801742264944	27.955843463780184	39.040000000000006	22.47948331539289	0.0	26.82772861356932	27.9	28.46666666666667	39.540000000000006	0.0	48.36	26.641180758017494	30.548571428571428	26.08	32.257777777777775	20.78542159422516	0.0	38.74666666666667	33.608333333333334	26.531192771084346	29.506301369863014	25.4688	0.0	35.2	27.98	31.778947368421058
0.0	25.48	0.0	0.0	0.0	3.750637251553856	18.78424242424243	5.254405594405595	9.360701754385966	18.16509090909091	10.831111111111111	13.680712694877508	0.0	5.0	2.851012374303788	0.0	13.88	0.0	0.0	19.64727272727273	0.0	19.0	29.4	17.39	13.16	0.0	0.0	21.736	3.19850622406639	17.46	0.0	2.681828070779908	0.0	3.3063642707606418	0.0	0.0	0.0	0.0	0.0	0.0	0.0	0.0	19.76	0.0	0.0	0.0	0.0	0.0	0.0	0.0	0.0	0.0	0.0	0.0	0.0	0.0	0.0	0.0	0.0	0.0	0.0	0.0	0.0	0.0	0.0	0.0	0.0	0.0
15.507179487179489	32.0	24.360473372781065	13.074976303317536	3.750637251553856	0.0	7.76630065650384	4.216859287532926	7.934402467232076	4.992538064882862	15.126486486486488	5.471173777337929	18.49081081081081	11.479943868090013	4.52571907118386	19.795652173913044	29.349908814589668	25.186666666666667	29.5689552238806	7.752168843494374	18.00719257540603	20.34608695652174	19.727221217600963	10.010509042787827	17.855	29.383539094650207	27.51863574351978	10.193637062471174	9.738878825800157	16.56456057007126	20.24	5.569698582096321	17.58210242587601	7.113767275419546	28.245	0.0	36.11	25.34834285714286	0.0	26.77	24.805714285714284	26.123076923076923	11.8175	26.784827586206895	0.0	19.270000000000003	0.0	27.08205128205129	18.92	29.840000000000003	0.0	26.2	0.0	25.313043478260877	31.81333333333334	25.312	33.38117647058824	20.99421686746988	26.68	26.96	33.57973333333334	24.151630170316302	26.596	27.00421052631579	0.0	0.0	34.17333333333333	29.733333333333334
6.223727027072389	22.04	17.42674881659028	7.3493052281237	18.78424242424243	7.76630065650384	0.0	9.143714210609328	8.705780650373663	4.69345588604103	24.8414598540146	9.470893371757926	31.617777777777786	10.02610642358252	11.631448516579407	14.035072632190586	19.725652880876638	30.88648648648649	21.86682597402597	8.703238095238095	9.95144334578481	14.271460674157304	12.704883731290092	6.768253742791399	30.632	23.219963563953733	20.37976418318524	6.890670416310952	13.16263790512986	5.21555590901861	31.53333333333334	21.136283185840707	12.586468315301392	13.515273461777502	21.978936026936022	23.330434782608695	28.89230769230769	25.10142974527527	30.440000000000005	23.745245901639347	22.19036492139045	24.35858132898492	11.573427065026362	25.80261163734777	35.02133333333334	20.518452138492872	0.0	25.461260478112383	22.06301369863014	22.764372469635628	35.984	41.13	37.624	25.134889589905367	25.37688888888889	21.073191489361704	28.62056782334385	19.615426893224253	33.64	38.28777777777778	27.886872645064056	21.40001949507749	24.494242968282467	21.57527924130664	44.5	31.80888888888889	23.521978021978025	26.48238213399504
4.12119261713204	28.8	21.818160031689445	17.085157955198163	5.254405594405595	4.216859287532926	9.143714210609328	0.0	10.64494287169784	9.86435724166758	15.593064133016629	13.6822570563295	17.485818181818182	4.478746689994326	8.472490110125094	21.777391304347827	24.37813152827216	26.53384615384616	24.90827508455468	15.673267109680072	16.01516376663255	21.576	18.37711302658735	12.168894659395828	16.856842105263162	26.40585691308751	28.508139682539685	14.805056975669851	8.279430381772217	11.976262403050391	43.0	6.862176899063476	17.35826086956522	8.076467093005691	25.315031055900626	30.096	33.15052631578948	26.135062571103525	0.0	24.912413793103447	24.103700862895494	25.40887159533074	14.333667711598746	26.88737471264368	37.74	21.448446601941747	33.620000000000005	27.03736625514404	23.520000000000003	25.953846153846158	0.0	0.0	39.24	25.96221138211382	27.86744186046512	24.9232	32.16119402985075	20.84708794526061	0.0	40.949333333333335	32.39397260273973	24.46548039440496	27.701007194244603	25.073760000000004	0.0	38.08	26.265000000000004	30.44166666666667
11.02781954887218	11.353886038347287	15.842666666666668	10.162597892750432	9.360701754385966	7.934402467232076	8.705780650373663	10.64494287169784	0.0	12.331490028644003	23.241666666666667	3.6447405026462354	20.15756097560976	13.67953443258972	3.6874608285039714	4.516678402747961	18.964800000000004	23.751627906976747	23.610909090909093	9.415859680989954	8.447955511939812	4.355666703343341	11.400225669957688	4.14465747050432	18.088795811518327	21.226012269938654	15.926822277711434	8.571765279810439	10.720909725129063	8.432688377018797	21.84	20.68	10.3483621140764	10.957622641509436	13.027785547785546	15.325714285714287	19.968	14.478583976577056	0.0	14.102553191489363	12.374501142421934	14.163745123537064	2.2148358669310424	15.771191836734696	25.528	8.57081081081081	0.0	15.853462365591398	8.175652173913045	8.956384505021521	22.826666666666664	31.08	31.120000000000005	14.17912343470483	11.237758112094395	2.264872196139802	15.791594202898551	8.444076004998061	0.0	26.606666666666666	22.404000000000003	12.168254925613189	13.691615500754908	11.980762852404643	0.0	24.68	12.986072874493928	14.304186046511628
13.608622012790306	0.0	23.98591905564924	6.864557967071721	18.16509090909091	4.992538064882862	4.69345588604103	9.86435724166758	12.331490028644003	0.0	23.883417085427137	4.311214479171145	27.753548387096775	16.13948229803175	11.60877702942219	18.224444444444444	28.06612440191388	31.60571428571429	29.954615384615387	4.705656376362276	18.09579831932773	18.53066666666667	19.70477513227513	7.209175363558598	28.140000000000004	28.275615384615385	26.911498257839725	5.125222049782129	17.459102335298848	16.6488275862069	0.0	21.39388127853881	16.939185348910645	16.293373630525124	28.081518987341774	38.32000000000001	37.20666666666666	28.355323442136505	0.0	26.773703703703703	26.552238457042662	27.62824132043256	15.99817383669886	29.48002004384591	38.75	24.08564437194127	0.0	28.48930011862396	26.85	28.261333333333333	0.0	0.0	0.0	28.22529229031347	32.23172413793104	26.21818181818182	33.690322580645166	22.32781117895726	0.0	44.42857142857143	33.16122448979592	28.03346601736185	31.099411764705884	27.14742857142857	0.0	37.6	28.880000000000003	33.5424
22.239016393442625	10.024873949579831	13.28538116591928	28.42181818181818	10.831111111111111	15.126486486486488	24.8414598540146	15.593064133016629	23.241666666666667	23.883417085427137	0.0	22.16503464203233	3.3561753803751726	13.29325270528326	13.971881188118813	19.116	5.918036155289935	3.5168267608485366	3.917355680824768	25.117538461538462	17.965457570715476	15.434705882352944	13.962009132420093	25.13885714285714	5.720658600616369	4.300318429749575	7.226888504753672	19.785021276595742	11.44473165388828	16.925093632958802	6.44454893384363	10.829828571428571	18.00888888888889	4.138762761964861	38.56	11.089714285714283	24.72	0.0	0.0	0.0	30.12	0.0	28.040000000000003	46.08	14.401714285714286	38.4	14.15199291408326	0.0	0.0	0.0	0.0	15.987556170065677	15.8558372456964	0.0	0.0	20.46461538461539	23.360000000000003	34.72727272727273	8.808316831683168	16.289547689282205	15.39864448552064	35.720000000000006	38.28	0.0	16.525149700598803	0.0	0.0	18.44
13.830909090909092	19.874285714285712	28.85333333333333	6.392790064102565	13.680712694877508	5.471173777337929	9.470893371757926	13.6822570563295	3.6447405026462354	4.311214479171145	22.16503464203233	0.0	25.001518987341772	15.20258099737533	4.476720558922423	0.0	0.0	27.28	23.520000000000003	3.441489115923884	0.0	12.004255319148935	21.946666666666665	6.058447488584475	23.901333333333334	27.30181818181818	25.425882352941176	6.677104659014179	15.63626389852122	18.924444444444443	0.0	17.106534031413613	17.608	13.953783548527491	21.32	0.0	0.0	22.45233716475096	0.0	22.22909090909091	21.16672897196262	22.343896103896107	8.770708661417324	23.439678284182307	0.0	7.740803571428572	0.0	22.92969696969697	13.24	0.0	0.0	0.0	0.0	21.574	0.0	0.0	32.84	16.654137931034484	25.520000000000003	36.24	0.0	22.32745614035088	24.893333333333334	0.0	0.0	29.08	0.0	27.360000000000003
24.586666666666662	7.825529010238908	16.076756756756758	0.0	0.0	18.49081081081081	31.617777777777786	17.485818181818182	20.15756097560976	27.753548387096775	3.3561753803751726	25.001518987341772	0.0	15.633357400722025	17.04888888888889	21.733333333333334	14.333846153846157	7.495412821152408	10.4905476673428	26.62	24.293333333333337	13.140763358778628	22.345454545454547	24.044210526315787	4.310303750742954	3.600604539357478	4.790274086261936	28.099310344827582	13.828181818181818	23.488000000000003	3.1798847942258317	14.778823529411769	0.0	4.361566367672376	0.0	10.426105263157895	24.2	0.0	0.0	0.0	0.0	0.0	23.2	0.0	14.264329896907215	28.68	14.044375510204082	26.28	0.0	0.0	0.0	15.64666666666667	15.442152133580706	0.0	0.0	15.8	0.0	31.57333333333333	7.973793103448275	15.753581183611534	14.656966000225912	36.8	0.0	0.0	16.253040293040293	0.0	0.0	10.785806451612904
3.308498485265767	28.8	20.629487179487175	17.879234588833718	5.0	11.479943868090013	10.02610642358252	4.478746689994326	13.67953443258972	16.13948229803175	13.29325270528326	15.20258099737533	15.633357400722025	0.0	6.6624645435244165	20.561111111111117	22.920201406886346	19.397241379310344	23.06731832430892	16.965675401289616	14.822396503581402	18.67	17.980030361914014	14.42981876029771	14.541772151898735	24.868549295047256	27.393263850795396	16.17248758049678	4.772444329161533	10.797964837680922	20.14	5.991192325262678	9.491111111111111	6.413073286285348	27.283380281690143	25.937142857142856	31.222857142857144	32.20878048780488	0.0	31.06	27.405806451612904	30.6385	17.120245398773008	32.21764705882354	0.0	25.996923076923075	24.76	31.182197802197805	31.792	22.9136	32.32000000000001	24.410000000000004	42.98	32.5352380952381	25.726376811594207	23.227692307692312	30.76363636363637	25.10076791808874	17.28	34.142857142857146	31.813013100436685	26.31831340465701	28.803541666666668	26.726981818181816	0.0	0.0	27.946666666666665	31.47818181818182
15.815	20.164040404040406	28.6	13.312313725490196	2.851012374303788	4.52571907118386	11.631448516579407	8.472490110125094	3.6874608285039714	11.60877702942219	13.971881188118813	4.476720558922423	17.04888888888889	6.6624645435244165	0.0	0.0	29.4	25.12	34.56	11.335971530249113	15.90666666666667	13.972415254237289	16.198	9.252227862380147	24.89028571428572	23.544000000000004	25.427407407407408	13.039936908517353	7.251586174520274	11.48964705882353	21.2	5.903166115950737	16.74823529411765	7.644815441923468	22.168333333333337	0.0	26.880000000000003	20.408	0.0	29.92	21.59607843137255	22.976	10.44421052631579	20.526666666666664	0.0	15.52	0.0	25.886315789473684	0.0	23.160000000000004	0.0	0.0	0.0	23.893333333333334	24.645000000000003	0.0	23.65	19.978947368421053	0.0	0.0	31.920000000000005	20.832040302267	24.473142857142857	21.535135135135132	0.0	0.0	26.440000000000005	23.59
13.76	12.122021660649818	14.439024390243905	19.048571428571428	0.0	19.795652173913044	14.035072632190586	21.777391304347827	4.516678402747961	18.224444444444444	19.116	0.0	21.733333333333334	20.561111111111117	0.0	3.16	16.410610079575598	21.61818181818182	18.73008130081301	15.88	6.817899233495926	4.705398046111762	3.765749838350456	6.177639266142483	18.54439024390244	18.22471698113208	4.976121416526139	5.638106776727467	11.717534246575344	11.503937666286584	0.0	0.0	12.043809523809523	11.720941176470587	21.34451612903226	18.44943820224719	20.89010989010989	26.040000000000003	0.0	26.348333333333336	22.104716006884683	26.163678160919535	10.34944	25.435384615384613	0.0	0.0	28.18	25.224666666666668	0.0	16.387401493690447	26.60603773584906	30.96	29.09066666666667	24.168000000000003	17.998919355430754	9.499051174366157	17.21573884568154	17.347037701974866	24.77714285714286	27.5761038961039	17.25214561941592	17.647752959341226	21.067089947089947	18.94662150719729	0.0	0.0	20.11015873015873	19.54148148148148
19.81811543322567	7.869866666666667	8.517072082606273	28.68285714285714	13.88	29.349908814589668	19.725652880876638	24.37813152827216	18.964800000000004	28.06612440191388	5.918036155289935	0.0	14.333846153846157	22.920201406886346	29.4	16.410610079575598	0.0	9.340413793103448	3.43330552621686	27.869629629629635	12.087193398296902	13.884657534246577	8.07634971003392	21.788269662921348	12.173333333333334	8.177212422721125	10.901246446110106	19.77996604414261	18.042062144070336	12.765779924599435	14.555625	33.99230769230769	17.88878048780488	5.647750667853963	33.68	11.00039800995025	17.28483422459893	0.0	0.0	0.0	30.394782608695653	0.0	24.68	0.0	0.0	42.040000000000006	16.48	36.28	0.0	24.206666666666667	19.001604938271605	0.0	18.8654157782516	0.0	26.57	14.93	21.826086956521745	31.574736842105267	14.28	17.589765886287626	17.295981791847716	33.422000000000004	39.83	29.288000000000004	0.0	51.08	0.0	18.015483870967746
27.62	11.514386554621847	14.057777777777778	35.84	0.0	25.186666666666667	30.88648648648649	26.53384615384616	23.751627906976747	31.60571428571429	3.5168267608485366	27.28	7.495412821152408	19.397241379310344	25.12	21.61818181818182	9.340413793103448	0.0	3.083713044399704	31.24	21.964878048780488	16.901	15.311372549019609	26.79428571428572	7.879224416517056	6.796805200927054	9.464725413477575	30.107368421052637	18.661818181818184	19.866666666666667	9.295218552695484	14.564444444444444	0.0	8.506602687140116	0.0	12.2119587628866	22.880000000000003	0.0	0.0	35.08	0.0	0.0	0.0	0.0	16.34758620689655	0.0	15.783673469387756	29.226666666666667	0.0	0.0	21.34	17.84828089375285	17.65309872922776	0.0	0.0	19.09	0.0	42.440000000000005	10.849756097560975	18.17472677092916	16.632181738366988	0.0	34.64	0.0	18.375652173913046	0.0	0.0	20.2512
20.202235033259424	9.709974160206718	9.338224115334208	30.270967741935483	0.0	29.5689552238806	21.86682597402597	24.90827508455468	23.610909090909093	29.954615384615387	3.917355680824768	23.520000000000003	10.4905476673428	23.06731832430892	34.56	18.73008130081301	3.43330552621686	3.083713044399704	0.0	26.75	16.512497589199615	16.425104602510462	7.111633965099775	24.038702702702704	8.651761006289309	6.741619224924513	9.678243712658054	17.720882503848127	17.393369413947735	13.539520664276278	10.30543535620053	18.282222222222224	16.908571428571427	6.071630891590221	29.37333333333333	9.078157894736842	18.52878048780488	0.0	0.0	38.48	31.05333333333333	0.0	27.12	35.4	15.574647887323945	35.040000000000006	15.824761904761903	28.25111111111111	0.0	20.01	17.576164383561643	17.668042704626338	16.647056047197644	37.2	24.591111111111115	15.173333333333332	20.71555555555556	31.992	10.200391389432486	16.31141924959217	15.6820956494909	33.09	20.8	25.666666666666668	18.57894736842105	0.0	0.0	18.710917874396134
12.940733153638812	0.0	24.189931972789115	2.9795551774804734	19.64727272727273	7.752168843494374	8.703238095238095	15.673267109680072	9.415859680989954	4.705656376362276	25.117538461538462	3.441489115923884	26.62	16.965675401289616	11.335971530249113	15.88	27.869629629629635	31.24	26.75	0.0	18.413157894736845	0.0	19.63610810810811	3.6984859434211694	31.06	27.99221238938053	27.97931034482759	3.580349777102827	17.245708142659986	22.770909090909093	31.2	22.50497017892644	15.247424111014745	16.537027917461423	27.404615384615383	0.0	35.973333333333336	26.13459614010007	32.760000000000005	24.87406451612903	24.199475524475524	25.482753346080308	13.217001837752694	27.275189483413783	41.64	21.31294117647059	0.0	26.758568232662192	14.8	28.640000000000004	40.92	0.0	45.440000000000005	25.754825061025223	31.895000000000003	0.0	33.544000000000004	20.379640653357534	0.0	39.56	34.995555555555555	26.061516303260653	29.77567567567568	23.58363636363637	0.0	29.72	26.736	32.18511627906977
11.344457935819602	17.57714285714286	10.539274620099068	18.409150326797384	0.0	18.00719257540603	9.95144334578481	16.01516376663255	8.447955511939812	18.09579831932773	17.965457570715476	0.0	24.293333333333337	14.822396503581402	15.90666666666667	6.817899233495926	12.087193398296902	21.964878048780488	16.512497589199615	18.413157894736845	0.0	8.31466541294468	5.311518915114974	6.631592039800995	23.64666666666667	15.268558075239444	16.51556771545828	3.661817569120012	10.82471530999578	4.9561326236273215	23.58	24.72	13.25157894736842	6.4529781842431175	22.593375796178343	16.1312	22.420721649484538	27.34909090909091	0.0	27.59873684210526	23.344372948128694	27.230233766233766	12.502857142857142	26.152500000000003	0.0	0.0	39.440000000000005	26.098942065491183	26.0	17.318865307837783	29.24230769230769	0.0	30.251428571428573	25.51	19.9320302742779	10.721197561850127	19.51868513897255	19.10978230662344	21.8	28.37643636363636	21.428779840848808	19.983001996701105	22.28334705075446	19.80949663526245	0.0	0.0	21.15660377358491	20.19535714285714
12.02	4.278354934349852	7.806338797814209	18.62857142857143	19.0	20.34608695652174	14.271460674157304	21.576	4.355666703343341	18.53066666666667	15.434705882352944	12.004255319148935	13.140763358778628	18.67	13.972415254237289	4.705398046111762	13.884657534246577	16.901	16.425104602510462	0.0	8.31466541294468	0.0	8.769403254972875	6.550004376204621	10.64835175170468	15.697387057387058	7.188709210446952	8.587921052631579	8.947768595041321	8.38777777777778	16.445333333333334	0.0	9.913333333333334	9.1196261682243	14.36	2.5038153098420413	13.042352941176471	0.0	0.0	20.360000000000003	16.360000000000003	19.734285714285715	9.186666666666667	18.96	0.0	0.0	18.18	18.593333333333334	0.0	8.974978386167148	15.725	0.0	18.12	0.0	11.815396500795272	2.243649930711012	11.527383601153687	10.721560130010834	7.040000000000001	18.82896551724138	10.193320581484317	11.63618008185539	13.339130434782607	11.566064516129032	0.0	0.0	10.47	11.2304
15.6267770647899	12.962666666666667	6.184875154559135	19.671694725028058	29.4	19.727221217600963	12.704883731290092	18.37711302658735	11.400225669957688	19.70477513227513	13.962009132420093	21.946666666666665	22.345454545454547	17.980030361914014	16.198	3.765749838350456	8.07634971003392	15.311372549019609	7.111633965099775	19.63610810810811	5.311518915114974	8.769403254972875	0.0	10.927543993879112	22.386666666666667	11.837734079857412	10.075610558855832	7.495040680936287	16.22782984236666	9.625676192367854	18.57333333333333	28.530285714285714	16.052775665399242	5.755412532919658	25.116486486486487	12.050841530054646	17.039648625672996	33.608000000000004	0.0	33.18	26.260278074866317	30.93741935483871	14.604444444444445	31.43466666666667	32.940000000000005	50.28	28.4	29.553478260869564	24.465	17.23468386203315	25.6816	29.440000000000005	28.22266666666667	0.0	20.227398983789016	11.928526572403706	19.04957271167625	21.19550338600452	25.605	26.851264367816093	17.61541257597008	23.56059894779441	27.13964601769912	21.008205128205127	0.0	0.0	25.871515151515148	21.00224561403509
11.105889898450028	13.43635584137192	19.10188524590164	4.826429447118979	17.39	10.010509042787827	6.768253742791399	12.168894659395828	4.14465747050432	7.209175363558598	25.13885714285714	6.058447488584475	24.044210526315787	14.42981876029771	9.252227862380147	6.177639266142483	21.788269662921348	26.79428571428572	24.038702702702704	3.6984859434211694	6.631592039800995	6.550004376204621	10.927543993879112	0.0	20.35664864864865	23.892394366197184	15.728213151718744	3.5151745514302126	12.14167231250804	10.175371744803716	25.805714285714288	21.218918918918924	11.549042544667897	10.487411845594735	20.049410646387837	21.174545454545456	26.33765765765766	21.585853143159007	0.0	21.216424167694207	20.07590452626983	21.872631889183616	9.153550347222222	22.703607274716266	34.91666666666667	17.298429118773946	40.82000000000001	23.506548016314422	20.22575	16.516021064950266	31.341538461538462	36.21333333333334	33.184615384615384	21.75165755919854	18.23883975273419	9.58302934179223	19.553457489878543	16.932312245436165	0.0	34.066415094339625	24.647709750566893	18.50578746424735	21.939593702387	19.25153120464441	39.78	30.91428571428572	20.928779487179487	22.89522299306244
0.0	4.081255819412386	35.480000000000004	0.0	13.16	17.855	30.632	16.856842105263162	18.088795811518327	28.140000000000004	5.720658600616369	23.901333333333334	4.310303750742954	14.541772151898735	24.89028571428572	18.54439024390244	12.173333333333334	7.879224416517056	8.651761006289309	31.06	23.64666666666667	10.64835175170468	22.386666666666667	20.35664864864865	0.0	7.527511461580781	5.532715646940823	24.42518518518519	11.549714285714286	0.0	8.227213420316868	13.25818181818182	0.0	4.438369216674301	35.46	5.66992125984252	16.64	0.0	0.0	0.0	30.56	0.0	0.0	0.0	9.313962264150945	34.24	7.518280373831776	25.728	0.0	0.0	13.75	10.084657933042212	12.097994579945802	33.480000000000004	0.0	12.933333333333334	21.466666666666665	0.0	4.111428571428572	11.21378424334026	9.868064200430611	42.2	17.5	24.360000000000003	10.187046263345197	0.0	0.0	15.205000000000002
22.60874587458746	9.079875776397516	6.495806312680736	28.21630695443645	0.0	29.383539094650207	23.219963563953733	26.40585691308751	21.226012269938654	28.275615384615385	4.300318429749575	27.30181818181818	3.600604539357478	24.868549295047256	23.544000000000004	18.22471698113208	8.177212422721125	6.796805200927054	6.741619224924513	27.99221238938053	15.268558075239444	15.697387057387058	11.837734079857412	23.892394366197184	7.527511461580781	0.0	8.547314302061835	24.39980903415351	23.16900248491303	18.96598944591029	7.749820788530466	28.5548717948718	21.058536585365857	9.552822818603344	31.71555555555556	10.36808678500986	16.638782608695653	0.0	0.0	0.0	30.27875	34.21333333333334	28.48	0.0	15.894827586206898	32.74	15.16365789473684	31.040000000000003	0.0	24.37	17.861673758865248	17.484548751866868	17.239666269368296	41.36	24.1125	20.71555555555556	24.45	32.568888888888885	10.520844444444446	17.209730944222883	15.810648941273216	35.67411764705882	29.456	27.059459459459458	18.144237288135592	0.0	0.0	19.147184466019414
24.36732394366197	5.74616835610401	6.370763505182884	28.309090909090912	0.0	27.51863574351978	20.37976418318524	28.508139682539685	15.926822277711434	26.911498257839725	7.226888504753672	25.425882352941176	4.790274086261936	27.393263850795396	25.427407407407408	4.976121416526139	10.901246446110106	9.464725413477575	9.678243712658054	27.97931034482759	16.51556771545828	7.188709210446952	10.075610558855832	15.728213151718744	5.532715646940823	8.547314302061835	0.0	15.366777963272122	23.924212637913744	18.77717754172989	7.433672316384181	25.18	22.103492063492062	9.288918846195244	29.32705882352941	8.672311081736066	15.047304435314832	33.78	0.0	33.026666666666664	27.86436046511628	33.78545454545455	22.894054054054056	34.53333333333334	13.936800000000002	36.496	15.2330550918197	30.233846153846155	22.68	16.399414396095974	17.60686918445539	16.741591825759613	16.984451850970125	33.28	19.630388019060582	10.539841103282866	17.783576556020055	26.485459610027856	9.427974603174604	16.129420241061208	14.895966354339322	27.496367432150315	28.062790697674423	26.79776951672863	16.693921568627452	0.0	28.56	17.258573281452662
13.046377183143727	17.110909090909093	18.293727968074496	2.98817644417839	21.736	10.193637062471174	6.890670416310952	14.805056975669851	8.571765279810439	5.125222049782129	19.785021276595742	6.677104659014179	28.099310344827582	16.17248758049678	13.039936908517353	5.638106776727467	19.77996604414261	30.107368421052637	17.720882503848127	3.580349777102827	3.661817569120012	8.587921052631579	7.495040680936287	3.5151745514302126	24.42518518518519	24.39980903415351	15.366777963272122	0.0	14.34502557272243	6.54623305030308	24.68	24.024	12.157616030785114	11.100923102909508	21.587923547968085	25.7475	26.296666666666663	26.534950819672133	0.0	26.045454545454543	21.79567277321541	25.71004566210046	11.623386549340037	27.48452569169961	35.230909090909094	22.21861386138614	45.28	25.14861239445595	21.43936	16.461785714285714	30.346	38.66	35.94909090909091	26.355847133757965	19.69391442613472	10.457013801756586	22.047990815155	18.43140599082837	0.0	33.291267605633806	29.041450151057404	20.38144921942842	22.8046023655169	20.8046278448939	0.0	32.55428571428572	22.01281273692191	23.32172839506173
2.959607667009548	18.94	21.76451006711409	16.846034431455898	3.19850622406639	9.738878825800157	13.16263790512986	8.279430381772217	10.720909725129063	17.459102335298848	11.44473165388828	15.63626389852122	13.828181818181818	4.772444329161533	7.251586174520274	11.717534246575344	18.042062144070336	18.661818181818184	17.393369413947735	17.245708142659986	10.82471530999578	8.947768595041321	16.22782984236666	12.14167231250804	11.549714285714286	23.16900248491303	23.924212637913744	14.34502557272243	0.0	5.5452476007677545	27.790000000000003	2.4232228571428576	3.2015661912678275	4.494759741259818	23.99761403508772	22.96	27.824	30.77808695652174	0.0	29.222857142857144	24.713497536945813	28.78257839721254	14.502961608775138	30.379246861924685	40.73333333333333	25.332857142857144	45.28	28.981504787961693	24.4	17.69004484304933	39.98	20.92	35.85333333333334	29.542608695652177	19.48041552761072	10.392580645161292	21.99928143712575	22.539847294456127	0.0	33.58	30.56282352941177	21.87314178491849	26.045	22.441812688821752	0.0	38.52	24.528205128205126	26.94098360655738
6.494252924299272	17.220000000000002	13.760986349625716	15.2128	17.46	16.56456057007126	5.21555590901861	11.976262403050391	8.432688377018797	16.6488275862069	16.925093632958802	18.924444444444443	23.488000000000003	10.797964837680922	11.48964705882353	11.503937666286584	12.765779924599435	19.866666666666667	13.539520664276278	22.770909090909093	4.9561326236273215	8.38777777777778	9.625676192367854	10.175371744803716	0.0	18.96598944591029	18.77717754172989	6.54623305030308	5.5452476007677545	0.0	27.6	21.23098591549296	8.694350086655113	5.201231620994864	21.910000000000004	24.08	25.937142857142856	27.277647058823533	0.0	28.559555555555555	22.50973431936456	27.75167235494881	11.57006085192698	26.992340425531918	35.152	22.293333333333337	0.0	25.827646544181977	21.06787878787879	18.68740814796301	30.344	38.65	33.540000000000006	25.648888888888887	20.33976922685915	11.102881944444444	21.219011406844107	19.363158915545814	0.0	30.94400000000001	26.64811188811189	20.1999282719604	23.21442435775452	20.896157857646237	0.0	34.026666666666664	22.44279475982533	23.599341563786005
30.96	10.47391304347826	15.13939393939394	0.0	0.0	20.24	31.53333333333334	43.0	21.84	0.0	6.44454893384363	0.0	3.1798847942258317	20.14	21.2	0.0	14.555625	9.295218552695484	10.30543535620053	31.2	23.58	16.445333333333334	18.57333333333333	25.805714285714288	8.227213420316868	7.749820788530466	7.433672316384181	24.68	27.790000000000003	27.6	0.0	0.0	0.0	10.080490797546014	0.0	12.96	0.0	0.0	0.0	0.0	0.0	0.0	0.0	0.0	16.923636363636366	0.0	15.73329268292683	30.72000000000001	0.0	0.0	0.0	18.313784615384616	18.16796812749004	0.0	0.0	0.0	0.0	0.0	11.135909090909092	18.518284600389865	16.804204310599353	0.0	0.0	0.0	18.85	0.0	0.0	0.0
16.151111111111113	0.0	31.53263157894737	24.68	2.681828070779908	5.569698582096321	21.136283185840707	6.862176899063476	20.68	21.39388127853881	10.829828571428571	17.106534031413613	14.778823529411769	5.991192325262678	5.903166115950737	0.0	33.99230769230769	14.564444444444444	18.282222222222224	22.50497017892644	24.72	0.0	28.530285714285714	21.218918918918924	13.25818181818182	28.5548717948718	25.18	24.024	2.4232228571428576	21.23098591549296	0.0	0.0	0.0	3.311085426998374	0.0	0.0	0.0	36.120000000000005	0.0	0.0	34.02	37.34	0.0	36.08	0.0	33.92	0.0	36.120000000000005	0.0	0.0	0.0	0.0	0.0	0.0	0.0	0.0	0.0	32.44533333333334	0.0	22.08	0.0	33.36	0.0	32.92	0.0	0.0	0.0	0.0
4.9634042553191495	17.44	18.239047619047614	15.95201612903226	0.0	17.58210242587601	12.586468315301392	17.35826086956522	10.3483621140764	16.939185348910645	18.00888888888889	17.608	0.0	9.491111111111111	16.74823529411765	12.043809523809523	17.88878048780488	0.0	16.908571428571427	15.247424111014745	13.25157894736842	9.913333333333334	16.052775665399242	11.549042544667897	0.0	21.058536585365857	22.103492063492062	12.157616030785114	3.2015661912678275	8.694350086655113	0.0	0.0	0.0	3.356102955195424	23.852	0.0	29.440000000000005	27.45142857142857	0.0	23.04	23.83514450867052	27.17833333333333	13.70796460176991	27.424615384615382	0.0	21.12	0.0	28.00509090909091	21.04	18.4348717948718	0.0	0.0	0.0	28.040000000000003	20.01346733668342	10.94	22.19391304347826	21.400741289844326	0.0	37.973333333333336	32.136	21.280496712929143	25.660751879699244	22.234585152838427	0.0	0.0	22.38222222222222	27.116000000000003
9.009362035225047	6.916681222707425	7.501479955039342	15.20472233009709	3.3063642707606418	7.113767275419546	13.515273461777502	8.076467093005691	10.957622641509436	16.293373630525124	4.138762761964861	13.953783548527491	4.361566367672376	6.413073286285348	7.644815441923468	11.720941176470587	5.647750667853963	8.506602687140116	6.071630891590221	16.537027917461423	6.4529781842431175	9.1196261682243	5.755412532919658	10.487411845594735	4.438369216674301	9.552822818603344	9.288918846195244	11.100923102909508	4.494759741259818	5.201231620994864	10.080490797546014	3.311085426998374	3.356102955195424	0.0	23.89941176470588	8.795675675675676	16.005490196078433	29.55	0.0	28.640000000000004	23.69286343612335	27.70915254237288	12.943668639053255	29.83277777777778	7.694823529411765	24.181538461538462	7.025582860743542	27.23731092436975	0.0	14.713333333333331	16.805	9.12540716612378	13.041428571428572	30.106666666666666	17.271375464684017	9.632	17.84923076923077	21.08027298273786	6.704615384615384	10.128931572629051	10.31121452894438	22.47582142857143	24.62099447513813	21.632656250000004	9.913131313131313	0.0	23.933333333333337	13.121081081081082
22.95272727272728	0.0	30.748571428571427	27.24266666666667	0.0	28.245	21.978936026936022	25.315031055900626	13.027785547785546	28.081518987341774	38.56	21.32	0.0	27.283380281690143	22.168333333333337	21.34451612903226	33.68	0.0	29.37333333333333	27.404615384615383	22.593375796178343	14.36	25.116486486486487	20.049410646387837	35.46	31.71555555555556	29.32705882352941	21.587923547968085	23.99761403508772	21.910000000000004	0.0	0.0	23.852	23.89941176470588	0.0	19.5525	20.525298013245035	13.194861515249489	23.96	11.82847888953152	7.574993571894645	11.486908752327746	10.069120214909336	12.607018157463909	13.746666666666666	12.47623971797885	19.654117647058825	3.452188343227199	17.32266666666667	16.302300884955752	20.60541871921182	21.913513513513514	21.183935309973045	12.600566920711326	13.956116910229648	13.002976744186046	16.237108433734942	10.809291133934186	22.58	21.138178506375237	21.831071428571427	11.732756916996047	2.946131895885557	5.375659808772648	20.26181818181818	11.361632653061225	3.9	7.790447304702434
23.08	2.606575682382134	9.852545201668985	0.0	0.0	0.0	23.330434782608695	30.096	15.325714285714287	38.32000000000001	11.089714285714283	0.0	10.426105263157895	25.937142857142856	0.0	18.44943820224719	11.00039800995025	12.2119587628866	9.078157894736842	0.0	16.1312	2.5038153098420413	12.050841530054646	21.174545454545456	5.66992125984252	10.36808678500986	8.672311081736066	25.7475	22.96	24.08	12.96	0.0	0.0	8.795675675675676	19.5525	0.0	6.770588235294118	22.32	25.44	25.622857142857143	19.629444444444445	23.742857142857144	11.808324536893304	30.926666666666662	8.053965087281796	25.126	7.07235457063712	21.53424657534247	20.25795918367347	9.824518388791594	8.860813920853214	10.805988023952096	9.129482517482518	25.133333333333336	14.959032258064516	5.300460659445304	9.147115531752103	13.25796435369441	4.042946239180788	8.712551771350334	4.830748440334057	16.141518987341772	18.54832684824903	17.987656065959953	11.174736842105265	22.28	17.770000000000003	9.847728026533996
28.67	11.07962962962963	16.207631774313292	35.84	0.0	36.11	28.89230769230769	33.15052631578948	19.968	37.20666666666666	24.72	0.0	24.2	31.222857142857144	26.880000000000003	20.89010989010989	17.28483422459893	22.880000000000003	18.52878048780488	35.973333333333336	22.420721649484538	13.042352941176471	17.039648625672996	26.33765765765766	16.64	16.638782608695653	15.047304435314832	26.296666666666663	27.824	25.937142857142856	0.0	0.0	29.440000000000005	16.005490196078433	20.525298013245035	6.770588235294118	0.0	22.737704918032787	31.48	23.32478260869565	17.475759352101814	22.631684246342296	17.274	21.703501483679524	29.059310344827587	0.0	23.360000000000003	21.629431272276463	26.586666666666662	9.83801652892562	7.683931603424064	12.806297872340426	10.90174217246808	21.25	11.112556324285968	8.833808049535605	6.6515454322801855	18.07657142857143	39.8	6.519796278679467	6.10542977619202	17.22505327245053	25.659366515837103	13.464400606980274	13.54	31.56571428571429	15.98	8.678079075645424
26.87333333333333	0.0	0.0	26.843390044108386	0.0	25.34834285714286	25.10142974527527	26.135062571103525	14.478583976577056	28.355323442136505	0.0	22.45233716475096	0.0	32.20878048780488	20.408	26.040000000000003	0.0	0.0	0.0	26.13459614010007	27.34909090909091	0.0	33.608000000000004	21.585853143159007	0.0	0.0	33.78	26.534950819672133	30.77808695652174	27.277647058823533	0.0	36.120000000000005	27.45142857142857	29.55	13.194861515249489	22.32	22.737704918032787	0.0	22.08	8.827146377525874	9.723497757847534	13.085928954766164	11.106615780936934	6.510141053566519	26.35555555555556	7.071532880569821	32.272000000000006	17.150896461905795	14.02276288659794	15.013333333333332	27.342608695652174	30.303529411764707	28.69333333333333	3.2321116944827386	16.349488054607512	15.16	19.143119266055045	4.9732220689655176	0.0	29.77298245614035	26.48903225806452	4.081287266438588	16.024840446909415	14.41	33.13333333333334	23.003733333333336	15.66377358490566	17.98526962838782
0.0	0.0	0.0	0.0	0.0	0.0	30.440000000000005	0.0	0.0	0.0	0.0	0.0	0.0	0.0	0.0	0.0	0.0	0.0	0.0	32.760000000000005	0.0	0.0	0.0	0.0	0.0	0.0	0.0	0.0	0.0	0.0	0.0	0.0	0.0	0.0	23.96	25.44	31.48	22.08	0.0	3.335695320278792	19.6325	2.9985059016883318	7.678228782287823	19.688	10.701666666666668	9.61729468599034	16.880000000000003	3.5551219512195127	2.770798990748528	0.0	0.0	16.03	15.52	18.821538461538463	26.52	16.880000000000003	28.640000000000004	13.230588235294118	0.0	20.9	32.040000000000006	20.142857142857142	4.21	17.520000000000003	0.0	2.336924320626826	0.0	2.9136089976844195
26.3	0.0	0.0	25.56042857142857	0.0	26.77	23.745245901639347	24.912413793103447	14.102553191489363	26.773703703703703	0.0	22.22909090909091	0.0	31.06	29.92	26.348333333333336	0.0	35.08	38.48	24.87406451612903	27.59873684210526	20.360000000000003	33.18	21.216424167694207	0.0	0.0	33.026666666666664	26.045454545454543	29.222857142857144	28.559555555555555	0.0	0.0	23.04	28.640000000000004	11.82847888953152	25.622857142857143	23.32478260869565	8.827146377525874	3.335695320278792	3.76	8.316278496868478	4.622714679122948	7.041954022988506	4.649218113706679	16.67711775043937	6.155405377789306	23.394	7.3377898084861615	3.447875469336671	20.363478260869567	28.478734177215188	23.961951219512198	26.477073170731707	6.331548565502939	16.91748052827633	20.088	19.14718826405868	11.973945119208278	22.8	27.18820375335121	25.738874172185422	9.353795401349306	10.954698645070865	15.081745454545455	25.4375	3.915100022769411	17.795789473684213	8.318979310344828
23.56	22.462222222222223	28.65263157894737	24.886169354838707	0.0	24.805714285714284	22.19036492139045	24.103700862895494	12.374501142421934	26.552238457042662	30.12	21.16672897196262	0.0	27.405806451612904	21.59607843137255	22.104716006884683	30.394782608695653	0.0	31.05333333333333	24.199475524475524	23.344372948128694	16.360000000000003	26.260278074866317	20.07590452626983	30.56	30.27875	27.86436046511628	21.79567277321541	24.713497536945813	22.50973431936456	0.0	34.02	23.83514450867052	23.69286343612335	7.574993571894645	19.629444444444445	17.475759352101814	9.723497757847534	19.6325	8.316278496868478	0.0	8.488591163561608	9.165671701913396	4.802093388547766	18.80542155816436	14.11076923076923	29.41777777777778	7.227054898418882	12.113618421052632	16.082265372168287	18.616232275489534	21.998668012108983	20.48126195954948	11.429707602339182	10.750057129962972	14.292769953051645	12.799672687135024	9.678383092921838	0.0	21.25143569614408	20.29512951477563	6.135265304275013	12.313994212411163	6.515406245662734	29.440000000000005	20.1303355704698	11.309532920652783	11.774472396325232
