0.0	21.46	16.107916818679314	12.17318409425626	13.820000000000002	10.959757575757576	6.623792097346934	5.535313700384124	10.479050064184854	12.199537037037038	17.39565459610028	10.86127659574468	16.775737704918036	4.279400914491897	14.48	17.453333333333333	17.288069792802617	23.34608695652174	19.79465478841871	11.811083333333334	11.037257142857143	17.018129496402878	13.956668685645065	11.312876712328768	21.8	19.94169665809769	22.39961443622506	11.874024129208015	4.425676703688848	5.65880816157717	20.72	11.622666666666667	5.942702702702704	7.378997070480786	23.60206896551724	23.76	28.74	25.768571428571427	0.0	29.6	21.955560840269523	29.642222222222223	12.99524886877828	25.09904761904762	0.0	27.06666666666667	33.56	27.263214285714287	0.0	21.26823529411765	31.757500000000004	0.0	33.3372972972973	24.360000000000003	23.24521739130435	18.67	25.28754716981132	20.95342672413793	22.6	31.476417910447765	28.781538461538464	21.409034220532323	25.14	23.25187279151944	0.0	0.0	23.901333333333334	24.333831775700936
21.46	0.0	6.889254891797331	0.0	0.0	20.26620689655173	20.312207792207797	25.118641509433964	10.917399598393576	26.53428571428572	9.137329050022949	18.2096551724138	7.502336244541486	24.074688796680498	18.84888888888889	12.18065934065934	8.898303906038713	10.054718446601942	8.810772381509656	29.28	15.179402460456943	4.8703065791124684	11.104169587714903	13.1602743484225	3.942966908024655	7.1404049757693615	4.421004150653344	16.786712802768168	20.83272727272728	17.83787755102041	0.0	17.720000000000002	24.54	8.71547877591313	21.45818181818182	1.9845821325648416	8.999419047619048	0.0	0.0	25.4	21.04730434782609	26.40571428571429	19.84	23.84	13.44	0.0	15.12	24.595789473684214	0.0	20.0	11.21121375921376	13.56	10.699070990359337	29.92	14.806060606060608	2.0733333333333333	11.619719626168225	0.0	0.0	9.36001972386588	6.892544042748601	21.626666666666665	25.026666666666664	18.505411764705883	22.4	0.0	0.0	9.88327485380117
16.107916818679314	6.889254891797331	0.0	21.18177215189873	28.48	21.5106960950764	15.70911770713848	20.16269786163522	17.07231732776618	18.822780748663103	30.75586206896552	30.03	32.87220779220779	18.298161834375595	22.28	16.481538461538463	7.400449199282344	16.489066666666666	13.307692307692308	0.0	9.73094022582544	8.082140119576882	7.052329946024831	19.125070866141733	13.767647058823531	5.686594458642652	6.217193975490817	11.444361736859287	19.592196354448657	12.028353662444191	0.0	28.513758865248228	18.4	10.109717223650389	26.668936170212767	9.212420872540632	16.480507257768696	0.0	0.0	33.160000000000004	26.40225733634312	30.481666666666666	17.443636363636365	30.21454545454546	23.880000000000003	0.0	29.78	29.936764705882357	0.0	19.04346153846154	18.98621782178218	28.840000000000003	19.450159574468085	0.0	22.280625	8.881189358372456	18.14788500111433	24.34867724867725	31.2	17.364654377880186	15.896956053015412	26.29435745937962	28.3864	26.574857142857145	0.0	0.0	27.368	18.15179487179487
12.17318409425626	0.0	21.18177215189873	0.0	23.24	9.103545195371458	5.736694826615175	14.55714693804678	8.999035216620218	3.8995453440074703	26.37673469387755	5.690875978747203	28.709767441860464	15.24488228756189	10.419154929577465	0.0	30.820000000000004	32.56	28.946666666666665	3.03327561480852	13.745714285714287	19.48	16.26857142857143	3.821860410187773	30.51	28.003636363636367	30.430188679245287	2.4714487187559024	15.118794019933556	11.125301204819277	0.0	22.508101265822784	13.914842868654311	15.253620071684589	24.411111111111115	25.6	34.690000000000005	23.54187932739861	0.0	25.09846153846154	22.06893873704053	25.01065743944637	12.619987550022232	24.5025	36.5	19.41945945945946	0.0	26.82454545454545	18.44	0.0	34.28	40.120000000000005	40.16	24.93766233766234	34.660000000000004	0.0	32.760000000000005	19.877291869128605	0.0	40.96333333333333	35.45777777777778	23.555758128228504	27.48078431372549	24.58	0.0	35.906666666666666	26.46	27.32558659217877
13.820000000000002	0.0	28.48	23.24	0.0	2.8462105128533066	18.64	5.793046153846154	7.508318584070797	21.923076923076927	0.0	10.228354430379747	0.0	7.306526315789474	2.7745144021100465	0.0	0.0	0.0	0.0	21.2	0.0	0.0	0.0	18.15	0.0	29.52	19.2	0.0	3.2985000000000007	21.520000000000003	0.0	2.3439788660841296	0.0	2.4550393700787403	0.0	0.0	0.0	0.0	0.0	0.0	0.0	0.0	0.0	0.0	0.0	0.0	0.0	0.0	0.0	0.0	0.0	0.0	0.0	0.0	0.0	0.0	0.0	0.0	0.0	0.0	25.880000000000003	0.0	0.0	0.0	0.0	0.0	0.0	0.0
10.959757575757576	20.26620689655173	21.5106960950764	9.103545195371458	2.8462105128533066	0.0	6.400104337230113	5.231816332925058	10.388525149190112	5.178355584316042	13.596947394418375	4.802725175746924	15.71700303161542	6.752383413602726	2.446219210694992	19.02769230769231	27.24129032258065	17.522702702702702	16.145157232704403	6.5892015649905815	15.35	20.29	18.75	9.773837023080548	17.122779922779923	20.13405152224825	20.00326726726727	9.499579170095217	5.3639236749116606	13.30955414012739	22.05	3.841564783001279	17.087272727272726	6.653655220907067	25.59478260869565	22.3	32.760000000000005	26.08890995260664	0.0	27.433846153846154	23.51578536585366	27.22725274725275	14.801874125874129	26.574967741935485	42.77333333333333	22.862222222222226	27.133333333333336	28.506461538461544	0.0	26.72	0.0	28.8875	29.664705882352944	27.261052631578945	31.25	0.0	32.160000000000004	22.108924050632915	18.48	27.38972972972973	26.728253968253966	24.733333333333334	28.41373134328358	26.584615384615383	0.0	37.2	29.173333333333336	28.35813953488373
6.623792097346934	20.312207792207797	15.70911770713848	5.736694826615175	18.64	6.400104337230113	0.0	9.275640667746078	7.674835496595341	3.9163573201966577	24.117750611246944	8.490444049733572	26.134545454545457	7.271293154655057	11.162471544715448	11.28	17.652202247191013	26.21212121212121	22.7783870967742	6.284306498545102	10.273693935330057	12.104455569461829	12.413704128636748	6.468573936930942	26.704761904761902	21.415999264570694	17.816342572224666	5.628622186234819	12.263456214309208	5.2253466266376485	29.440000000000005	19.969891540130156	11.904821706697271	12.419631493506492	21.626	23.985000000000003	27.2048401826484	23.30097019286967	0.0	23.68458015267176	19.942904756393936	24.286747720364744	11.623625366568916	23.26771224886585	36.581538461538464	23.8710447761194	39.220000000000006	25.09072710103872	0.0	22.38700280112045	30.3008	40.08	35.61875	24.580121212121213	23.71088172043011	17.5921568627451	26.59560538116592	19.098266397891145	40.28	35.58337662337662	26.682376910016977	20.59063137184761	24.52492585428756	22.00407766990292	41.36	33.8	23.03537037037037	24.60716101694916
5.535313700384124	25.118641509433964	20.16269786163522	14.55714693804678	5.793046153846154	5.231816332925058	9.275640667746078	0.0	10.922080676142912	11.684163423378516	15.477708779443256	12.497974101687316	16.917819799777533	3.927094330300161	12.102028985507248	20.579200000000004	22.35771277599547	25.28304568527919	23.910822942643392	13.72656578104205	15.178222722159733	21.56027272727273	17.38495706055006	11.66946701437531	17.507175572519085	24.22321611860863	25.56707247872066	14.009705312970532	5.550742259678219	10.975584339410528	21.19	5.453037993109806	14.44140350877193	6.671060075895717	25.02331550802139	27.325333333333333	31.763089430894315	24.88999088422972	0.0	25.661098901098903	22.86099716645566	26.18981052631579	14.333250810492192	25.256958934517204	38.74285714285715	24.827272727272724	37.74	27.996977152899824	0.0	28.11555555555556	35.3	30.549333333333333	34.870714285714286	26.480902255639094	28.32628571428572	24.29714285714286	31.3212030075188	22.21262195121951	0.0	32.91645569620253	31.34078947368421	23.98998217468806	28.65985052316891	26.512172043010757	0.0	36.82666666666667	27.43123287671233	27.764000000000003
10.479050064184854	10.917399598393576	17.07231732776618	8.999035216620218	7.508318584070797	10.388525149190112	7.674835496595341	10.922080676142912	0.0	10.181261174968071	25.48514285714285	2.8805526154531784	24.61811320754717	12.154935039751797	3.392690513219285	4.626316032295271	20.04074966532798	24.3072	23.072258064516127	7.701967923710447	7.189102112676056	3.955397220626105	14.96955223880597	3.917120755066161	17.073111432706224	19.1727027027027	15.351313378130726	7.919619520264682	10.184883258451794	9.434339685964282	0.0	21.885161290322586	9.463592413536633	11.286392694063927	12.928354430379748	0.0	22.380000000000003	13.376423702149973	0.0	15.830107526881722	11.31871321952475	15.092612612612616	2.205027465214761	14.368654198753209	30.52	8.850994152046784	0.0	16.218050139275768	8.080000000000002	8.652119815668204	23.255000000000003	41.440000000000005	29.18	14.77359375	11.35156043956044	2.469176470588235	11.525148514851486	8.871129496934328	0.0	27.144	21.860000000000003	11.248310806715558	13.94658823529412	12.349928819731833	0.0	24.8	12.2849581239531	13.24618556701031
12.199537037037038	26.53428571428572	18.822780748663103	3.8995453440074703	21.923076923076927	5.178355584316042	3.9163573201966577	11.684163423378516	10.181261174968071	0.0	25.479900373599	4.567693384794902	26.857758241758244	14.71282889436247	11.049900990099012	15.73032258064516	32.54666666666667	28.52516129032258	26.69023255813953	3.039701026453297	12.601255605381166	14.8928	16.040957446808513	6.821310877898574	28.03052631578948	28.33683397683398	25.797405731523376	5.150332160628823	15.433604580741068	14.261263157894737	32.333333333333336	21.0035175879397	15.173856893542755	15.437576616210574	24.635238095238098	32.22666666666667	31.386666666666667	23.1266123483614	0.0	25.980212765957454	22.31298142717498	25.7028139183056	13.731529411764708	25.364939647168057	39.82857142857143	23.61620253164557	0.0	27.245365853658534	0.0	30.18	36.0	41.11333333333333	40.21818181818183	26.12996610169491	29.02	0.0	34.28	20.49198032617137	0.0	40.1184	34.60606060606061	23.898569765938188	27.96215909090909	25.737021276595748	42.16	37.42	25.738823529411768	28.09621301775148
17.39565459610028	9.137329050022949	30.75586206896552	26.37673469387755	0.0	13.596947394418375	24.117750611246944	15.477708779443256	25.48514285714285	25.479900373599	1.9200000000000004	22.43775127768313	4.223440038415444	14.81069688385269	0.0	23.232	7.786909361069837	3.500849544215769	3.820079185017127	25.01407751937985	17.030144927536234	16.980882352941176	18.813264248704662	26.02084745762712	3.9928440692395006	5.270952931092312	6.5737444904048274	26.363057324840764	11.700327102803737	19.615384615384617	3.347870733917246	10.947596899224807	21.04	5.006903083809382	35.9	10.1875	26.88888888888889	42.6	0.0	28.76	36.04476190476191	30.940000000000005	29.27428571428572	38.54666666666667	13.379300361881786	37.88	12.695362396362665	31.74	0.0	0.0	22.37333333333333	15.538395970554053	16.838533604887985	41.14	45.0	0.0	25.14666666666667	33.74	7.263181818181819	15.178489774514944	15.322857142857142	36.70923076923077	34.040000000000006	35.55	15.98363157894737	0.0	42.32000000000001	19.05009009009009
10.86127659574468	18.2096551724138	30.03	5.690875978747203	10.228354430379747	4.802725175746924	8.490444049733572	12.497974101687316	2.8805526154531784	4.567693384794902	22.43775127768313	0.0	24.32569920844327	14.22012789137128	2.872861554297478	0.0	26.506666666666668	26.76705882352941	26.288000000000004	3.0133023506836176	0.0	11.492437619961612	23.128000000000004	3.370070246997508	24.85142857142857	27.271858407079645	25.84860215053764	7.153183023872678	14.381851769748025	13.043157894736842	0.0	17.07859523809524	14.95809523809524	14.14630718385806	27.96	0.0	0.0	17.5484	0.0	27.28	22.41354838709677	30.18	8.150465753424658	19.657777777777778	0.0	10.64	0.0	31.840000000000003	0.0	20.360000000000003	0.0	39.34	40.27333333333333	19.84	21.92	0.0	26.2	14.649156626506024	28.12	36.89538461538461	36.90545454545455	21.803636363636365	32.32000000000001	24.2	0.0	0.0	0.0	20.08
16.775737704918036	7.502336244541486	32.87220779220779	28.709767441860464	0.0	15.71700303161542	26.134545454545457	16.917819799777533	24.61811320754717	26.857758241758244	4.223440038415444	24.32569920844327	0.0	15.91888888888889	28.6	22.48	17.442253521126762	5.247643852210781	6.3585748218527325	26.25843373493976	20.22	15.42492146596859	29.79771428571429	26.419251336898395	3.273954194000649	2.805114966437671	3.4721680420105026	28.146813186813187	12.322952029520296	25.402	2.3783007047768208	14.632857142857144	37.32000000000001	6.279965601589971	28.6	12.826666666666668	43.56	0.0	0.0	21.98	37.89857142857143	35.8	5.258836363636364	38.470000000000006	11.96476396708532	32.52	12.695708343528262	26.76	0.0	0.0	18.0	13.8128	14.053198653198654	36.43333333333334	20.84	0.0	18.08	37.290000000000006	6.328932552427735	12.726257600884468	13.990586383313657	37.92941176470588	32.85	35.96	14.300752688172045	0.0	0.0	15.821680672268908
4.279400914491897	24.074688796680498	18.298161834375595	15.24488228756189	7.306526315789474	6.752383413602726	7.271293154655057	3.927094330300161	12.154935039751797	14.71282889436247	14.81069688385269	14.22012789137128	15.91888888888889	0.0	13.34	18.603809523809524	20.267325174825174	23.99822222222222	22.7064192139738	15.691807792554972	13.56696847840187	19.52261096605744	15.57936133538964	13.307147536554892	17.038909090909094	22.555760640539404	24.2510582010582	14.45236324824335	3.888788573341192	9.032007569597422	19.888	5.898851582842264	8.741473684210527	5.624253199296007	25.978	24.8025	30.96776470588236	25.61101449275363	0.0	26.664000000000005	24.195019103855508	27.862222222222226	15.11757816377171	26.51555555555556	0.0	28.69538461538461	27.96	29.644310344827584	0.0	25.62	33.46769230769231	30.63272727272728	34.0021052631579	26.716923076923077	25.90274509803922	21.961538461538463	28.833030303030306	23.78083032490975	20.44	30.72822222222222	29.469279538904896	24.099272665186955	28.537461538461542	26.11345557122708	0.0	35.43	26.565000000000005	27.443387096774195
14.48	18.84888888888889	22.28	10.419154929577465	2.7745144021100465	2.446219210694992	11.162471544715448	12.102028985507248	3.392690513219285	11.049900990099012	0.0	2.872861554297478	28.6	13.34	0.0	0.0	26.25714285714286	36.16	0.0	7.972857142857144	0.0	12.284779411764706	12.88	5.160993124522537	25.136666666666667	26.21777777777778	22.66593103448276	10.704742268041237	14.252380952380951	13.861818181818183	0.0	5.813461538461539	15.330000000000002	13.970000000000002	0.0	0.0	0.0	0.0	0.0	0.0	0.0	0.0	10.580000000000002	0.0	0.0	0.0	0.0	0.0	0.0	20.160000000000004	0.0	0.0	0.0	0.0	20.92	0.0	0.0	22.68	0.0	0.0	0.0	19.48888888888889	0.0	21.78	0.0	0.0	0.0	0.0
17.453333333333333	12.18065934065934	16.481538461538463	0.0	0.0	19.02769230769231	11.28	20.579200000000004	4.626316032295271	15.73032258064516	23.232	0.0	22.48	18.603809523809524	0.0	0.0	18.66275555555556	24.68888888888889	18.692307692307693	0.0	4.561921705919796	4.512002401414167	3.322725069671635	4.657463910761154	19.343529411764703	19.57048780487805	4.566850982913584	6.751056166056166	18.961290322580645	11.511180555555558	0.0	0.0	13.04	10.23748427672956	20.04114285714286	0.0	17.283921568627456	0.0	0.0	24.87	19.70628571428572	23.828000000000003	8.342491827097712	22.7504761904762	40.16	0.0	0.0	23.445	0.0	16.88129353233831	25.586666666666662	0.0	26.072	0.0	16.8461831633225	8.468256880733946	16.715869394177812	15.791988950276243	0.0	27.37894736842106	15.897085201793724	16.114117113027692	21.183076923076925	18.331894322653177	0.0	0.0	18.49793103448276	17.95636363636364
17.288069792802617	8.898303906038713	7.400449199282344	30.820000000000004	0.0	27.24129032258065	17.652202247191013	22.35771277599547	20.04074966532798	32.54666666666667	7.786909361069837	26.506666666666668	17.442253521126762	20.267325174825174	26.25714285714286	18.66275555555556	0.0	9.45184375	3.4349513031820518	0.0	7.990035342825406	14.101603288797534	8.16194421246033	22.342327113062574	9.270406852248396	6.59471417133707	10.64265353915518	21.110109409190372	15.725239872553482	10.67259690204349	15.48	30.577500000000004	19.524444444444445	6.531300965278779	31.55294117647059	11.028844221105528	18.206136930068908	38.0	0.0	0.0	30.501875	36.005	24.028	37.58857142857143	21.82	0.0	23.205333333333336	34.21538461538462	0.0	24.538947368421056	20.45218205293738	18.89714285714286	19.881843156356556	41.208000000000006	24.46057142857143	15.12	21.83927927927928	30.06666666666667	0.0	18.54240562955517	17.188372948128695	30.466122448979597	32.40888888888889	28.10231292517007	18.84	0.0	0.0	19.12813928182808
23.34608695652174	10.054718446601942	16.489066666666666	32.56	0.0	17.522702702702702	26.21212121212121	25.28304568527919	24.3072	28.52516129032258	3.500849544215769	26.76705882352941	5.247643852210781	23.99822222222222	36.16	24.68888888888889	9.45184375	0.0	3.970703759812699	28.629090909090912	20.042962962962964	17.636727272727274	19.47404530744337	27.044210526315787	7.008122464035412	5.287816880645421	7.874300270261875	26.89161290322581	20.89540106951872	20.48843537414966	7.561666666666666	15.587692307692308	23.92	8.21245734457737	32.11	12.455000000000002	29.54222222222222	0.0	0.0	28.462857142857143	35.93777777777778	29.628571428571423	0.0	40.02666666666666	14.651357220412596	39.626666666666665	14.25605359317905	29.387272727272727	0.0	25.44	23.09	16.447866666666666	17.276433878157505	39.08	30.08	22.96	26.391111111111115	35.29333333333334	8.463323615160352	15.81512888888889	16.19101050929669	37.973333333333336	25.68	27.72	16.88777604976672	0.0	0.0	19.460689655172416
19.79465478841871	8.810772381509656	13.307692307692308	28.946666666666665	0.0	16.145157232704403	22.7783870967742	23.910822942643392	23.072258064516127	26.69023255813953	3.820079185017127	26.288000000000004	6.3585748218527325	22.7064192139738	0.0	18.692307692307693	3.4349513031820518	3.970703759812699	0.0	26.4825	16.80625916870416	16.010154525386316	17.218798353909467	24.85015873015873	7.626267786492678	5.940320715201151	8.487645181456257	23.38551724137931	18.6094022289767	16.82310502283105	10.71	16.508235294117647	21.98	6.613349753694581	31.440000000000005	9.996933797909408	22.85973333333333	40.52	0.0	28.666666666666668	30.598536585365856	33.34285714285714	26.653333333333336	37.864	15.805754060324826	38.21	15.197718120805368	32.50476190476191	0.0	25.660000000000004	19.87186147186147	17.089719457013576	18.9895092921278	39.68	22.93513513513513	17.6	22.75658536585366	35.336	9.670248756218909	17.014805176635186	16.16166446996799	36.653333333333336	29.50769230769231	27.71666666666667	17.747169811320756	0.0	0.0	19.90844884488449
11.811083333333334	29.28	0.0	3.03327561480852	21.2	6.5892015649905815	6.284306498545102	13.72656578104205	7.701967923710447	3.039701026453297	25.01407751937985	3.0133023506836176	26.25843373493976	15.691807792554972	7.972857142857144	0.0	0.0	28.629090909090912	26.4825	0.0	23.64	0.0	0.0	5.27807763401109	28.303636363636365	30.04783216783217	30.61119341563786	3.477473734479465	15.797431749241658	20.946666666666665	30.35	20.31427753934192	15.35965811965812	15.75561147650367	23.1	32.78	0.0	21.3651711026616	0.0	26.23733333333333	22.819853709508884	25.187906976744184	12.546084210526317	24.583896103896105	0.0	23.071428571428577	0.0	27.51545454545455	0.0	0.0	0.0	38.74	39.855	25.014545454545456	0.0	0.0	0.0	20.23707317073171	0.0	38.851851851851855	38.5	23.796238698010846	28.025454545454544	25.1	44.96	0.0	26.0	28.5432
11.037257142857143	15.179402460456943	9.73094022582544	13.745714285714287	0.0	15.35	10.273693935330057	15.178222722159733	7.189102112676056	12.601255605381166	17.030144927536234	0.0	20.22	13.56696847840187	0.0	4.561921705919796	7.990035342825406	20.042962962962964	16.80625916870416	23.64	3.4800000000000004	7.368864980745563	6.601700690431606	8.217139423076924	20.684285714285718	15.606594775940572	12.601830790568654	3.225216848339964	11.52222596964587	5.210565071601211	0.0	24.865	11.372571428571428	6.503874857019198	20.48578034682081	17.05777777777778	21.053125	0.0	0.0	29.03	21.122169907881272	26.265762711864408	9.923931417531998	24.41842105263158	0.0	25.56	15.8	24.122370370370373	0.0	17.32628333069328	25.157777777777778	33.08	29.127804878048785	0.0	18.994143385465403	10.394622160407971	18.399949622166247	16.389700630957176	14.6	29.184545454545457	20.87862068965517	18.17780333300848	21.231357552581265	19.844889214966987	0.0	0.0	19.650392749244716	19.247418181818183
17.018129496402878	4.8703065791124684	8.082140119576882	19.48	0.0	20.29	12.104455569461829	21.56027272727273	3.955397220626105	14.8928	16.980882352941176	11.492437619961612	15.42492146596859	19.52261096605744	12.284779411764706	4.512002401414167	14.101603288797534	17.636727272727274	16.010154525386316	0.0	7.368864980745563	0.0	8.408140201205175	5.146689223747885	11.095498272654796	13.579944970956896	6.258453898361198	8.676005416384564	18.66790243902439	9.759970350237817	0.0	28.940000000000005	14.320000000000002	9.851303735024668	17.712542372881355	2.8458666666666668	9.339115523465704	0.0	0.0	21.12	16.14811881188119	22.364444444444445	2.308502994011977	18.85	36.24	0.0	0.0	20.96060606060606	0.0	8.633535244761521	12.159050131926122	26.2	28.85	0.0	11.382549277266756	2.146859617619098	10.3921442324523	8.7734375	0.0	20.99090909090909	8.176096033402924	10.760175182481754	16.582439024390247	12.642469597754912	0.0	0.0	11.87111111111111	11.005333333333336
13.956668685645065	11.104169587714903	7.052329946024831	16.26857142857143	0.0	18.75	12.413704128636748	17.38495706055006	14.96955223880597	16.040957446808513	18.813264248704662	23.128000000000004	29.79771428571429	15.57936133538964	12.88	3.322725069671635	8.16194421246033	19.47404530744337	17.218798353909467	0.0	6.601700690431606	8.408140201205175	0.0	9.128974484789008	19.487567567567567	11.739107717186238	11.15311859369186	7.068992716290639	15.003203313772868	7.76637972413922	0.0	26.26375	16.188190476190478	5.905599144624628	27.22953488372093	13.219338422391855	18.49291083768751	0.0	0.0	30.146666666666665	26.0343908045977	31.3293023255814	12.525669291338584	29.17714285714286	40.28	0.0	24.24	30.02769230769231	0.0	16.567730520585236	21.700380589914367	27.27	27.60111888111889	0.0	19.47001300390117	10.291719858156029	18.6656117939396	19.5527950310559	0.0	21.987813163481952	17.913615975053972	23.138356164383563	26.85497326203209	22.86475161987041	0.0	0.0	24.094117647058827	22.466666666666665
11.312876712328768	13.1602743484225	19.125070866141733	3.821860410187773	18.15	9.773837023080548	6.468573936930942	11.66946701437531	3.917120755066161	6.821310877898574	26.02084745762712	3.370070246997508	26.419251336898395	13.307147536554892	5.160993124522537	4.657463910761154	22.342327113062574	27.044210526315787	24.85015873015873	5.27807763401109	8.217139423076924	5.146689223747885	9.128974484789008	0.0	19.6645727482679	22.304385026737968	13.005790206698354	3.128732934808951	12.275397893353166	10.661024643097004	0.0	21.67879396984925	11.484647865133134	12.74637605797422	19.440439158279965	20.380000000000003	27.27809523809524	19.257283105022832	0.0	21.635419847328244	18.098626716604247	22.21406896551724	9.24594804295116	19.96282070517629	34.684444444444445	17.17560975609756	38.81333333333334	23.0944776119403	0.0	17.490560875512998	28.25111111111111	39.88	33.628	20.82447204968944	18.533840055957103	9.685070422535212	18.758569206842925	16.121325624612844	0.0	34.23342465753425	25.701682242990653	17.266159418806918	21.78833333333333	19.201176222596963	40.34666666666667	32.941818181818185	19.841395717684374	20.52979231109148
21.8	3.942966908024655	13.767647058823531	30.51	0.0	17.122779922779923	26.704761904761902	17.507175572519085	17.073111432706224	28.03052631578948	3.9928440692395006	24.85142857142857	3.273954194000649	17.038909090909094	25.136666666666667	19.343529411764703	9.270406852248396	7.008122464035412	7.626267786492678	28.303636363636365	20.684285714285718	11.095498272654796	19.487567567567567	19.6645727482679	0.0	6.600398952914278	4.02095059231436	24.22705882352941	14.984736842105264	23.004210526315788	7.24	15.45684210526316	0.0	8.333997749557948	23.672	3.414468085106383	13.0	0.0	0.0	20.660000000000004	34.11555555555556	24.15	4.746618181818183	30.708571428571428	7.557366042608135	30.18285714285714	6.470762711864407	21.89846153846154	0.0	0.0	14.464000000000002	9.22792355037253	9.77731182795699	32.49333333333334	17.15	0.0	17.6	36.120000000000005	2.3814376078205868	8.627761309447095	7.947031630170318	39.08	17.453333333333333	18.251428571428573	10.561359223300972	0.0	43.8	12.3042774566474
19.94169665809769	7.1404049757693615	5.686594458642652	28.003636363636367	29.52	20.13405152224825	21.415999264570694	24.22321611860863	19.1727027027027	28.33683397683398	5.270952931092312	27.271858407079645	2.805114966437671	22.555760640539404	26.21777777777778	19.57048780487805	6.59471417133707	5.287816880645421	5.940320715201151	30.04783216783217	15.606594775940572	13.579944970956896	11.739107717186238	22.304385026737968	6.600398952914278	0.0	5.439267454257133	19.04107623318385	19.54008853610136	17.822040958000695	2.796812293197241	23.29714285714286	21.953898305084746	9.213270068248296	29.81590361445783	8.985658844765343	20.42144927536232	40.120000000000005	0.0	28.918461538461536	29.430307167235497	34.06916666666667	27.222857142857144	38.228	14.639901589704769	36.95466666666667	14.050882016036656	31.268051948051948	0.0	27.585	18.284804318488533	15.88384140969163	17.901404305283755	38.54933333333334	22.400617760617763	14.426666666666668	20.98026525198939	31.524	8.44754716981132	15.745419735687506	15.12009709699792	33.07833333333333	28.63589743589744	26.602032085561497	16.841196888090963	0.0	34.24	18.533844444444448
22.39961443622506	4.421004150653344	6.217193975490817	30.430188679245287	19.2	20.00326726726727	17.816342572224666	25.56707247872066	15.351313378130726	25.797405731523376	6.5737444904048274	25.84860215053764	3.4721680420105026	24.2510582010582	22.66593103448276	4.566850982913584	10.64265353915518	7.874300270261875	8.487645181456257	30.61119341563786	12.601830790568654	6.258453898361198	11.15311859369186	13.005790206698354	4.02095059231436	5.439267454257133	0.0	13.179636564484948	21.416303294573645	18.401114723641435	3.18971098265896	20.88282608695652	23.982255639097744	10.310548475881967	27.413488372093024	6.025475923852183	15.598407277369937	36.016000000000005	0.0	27.040000000000003	27.627248908296945	30.624	18.22102564102564	35.16545454545455	14.77321961620469	38.56	14.817967914438505	29.02656934306569	0.0	16.59327470253492	16.804574468085107	15.720751988430948	15.609632616487456	35.728750000000005	20.80877192982456	8.49430155210643	17.473353276078356	27.32776978417266	8.1561	14.402079257840075	15.052539347106135	28.294857142857147	29.14127659574468	25.432697095435685	16.766993006993008	0.0	29.81333333333334	16.274419329696023
11.874024129208015	16.786712802768168	11.444361736859287	2.4714487187559024	0.0	9.499579170095217	5.628622186234819	14.009705312970532	7.919619520264682	5.150332160628823	26.363057324840764	7.153183023872678	28.146813186813187	14.45236324824335	10.704742268041237	6.751056166056166	21.110109409190372	26.89161290322581	23.38551724137931	3.477473734479465	3.225216848339964	8.676005416384564	7.068992716290639	3.128732934808951	24.22705882352941	19.04107623318385	13.179636564484948	0.0	13.342925298627208	8.648805198902174	0.0	22.513223140495867	12.20175674580666	11.831586579251832	20.766272617611584	30.48	23.7847191011236	23.33882706766917	0.0	25.68684210526316	20.321070158604734	25.78200514138818	11.008508250656735	25.2420819112628	36.486666666666665	23.685454545454547	44.28	24.547960199004976	0.0	16.92975886524823	27.886451612903222	0.0	36.08705882352941	25.90607594936709	19.394536806342018	12.814025974025975	20.220549882168108	17.25354098809361	0.0	34.881237113402065	23.221525054466237	19.09877428393974	21.85473830734967	20.271954528018973	0.0	34.38	20.41887704335465	21.532825688073395
4.425676703688848	20.83272727272728	19.592196354448657	15.118794019933556	3.2985000000000007	5.3639236749116606	12.263456214309208	5.550742259678219	10.184883258451794	15.433604580741068	11.700327102803737	14.381851769748025	12.322952029520296	3.888788573341192	14.252380952380951	18.961290322580645	15.725239872553482	20.89540106951872	18.6094022289767	15.797431749241658	11.52222596964587	18.66790243902439	15.003203313772868	12.275397893353166	14.984736842105264	19.54008853610136	21.416303294573645	13.342925298627208	2.8200000000000003	6.520826976654819	0.0	2.4728886659979943	2.661426341376388	4.030953830618215	23.25230769230769	23.061666666666667	31.619591836734696	29.918125000000003	0.0	28.806666666666665	24.387014542343884	29.820759493670884	13.069219534459153	29.06077922077922	34.266666666666666	30.49333333333333	0.0	28.69049180327869	0.0	21.09125	32.59333333333334	25.87333333333333	31.45875	30.725	21.926611018363943	20.425	26.82784	22.67929401635816	16.04	28.91503649635037	29.061855670103093	21.473187786496773	26.225441354292627	22.97974165769645	0.0	38.440000000000005	23.89895652173913	24.00354679802956
5.65880816157717	17.83787755102041	12.028353662444191	11.125301204819277	21.520000000000003	13.30955414012739	5.2253466266376485	10.975584339410528	9.434339685964282	14.261263157894737	19.615384615384617	13.043157894736842	25.402	9.032007569597422	13.861818181818183	11.511180555555558	10.67259690204349	20.48843537414966	16.82310502283105	20.946666666666665	5.210565071601211	9.759970350237817	7.76637972413922	10.661024643097004	23.004210526315788	17.822040958000695	18.401114723641435	8.648805198902174	6.520826976654819	0.0	0.0	19.23121951219512	6.460916605883783	5.838789739749112	22.50514106583072	18.813333333333333	24.39226890756303	25.071111111111115	0.0	30.364444444444445	21.84444554578119	27.655076923076923	12.241412327947335	25.932244897959187	36.24	27.08	44.56	26.323628509719224	0.0	18.818060430135905	28.100666666666665	32.24	30.25625	29.9	20.96909632783396	12.398591549295777	20.431779859484777	19.581961335676628	0.0	30.68	24.375854545454548	20.70223646694	24.50413741598208	22.241657420249656	0.0	32.32000000000001	22.90258351893096	22.75710503089144
20.72	0.0	0.0	0.0	0.0	22.05	29.440000000000005	21.19	0.0	32.333333333333336	3.347870733917246	0.0	2.3783007047768208	19.888	0.0	0.0	15.48	7.561666666666666	10.71	30.35	0.0	0.0	0.0	0.0	7.24	2.796812293197241	3.18971098265896	0.0	0.0	0.0	0.0	0.0	0.0	11.344186046511629	0.0	0.0	0.0	0.0	0.0	0.0	0.0	0.0	0.0	0.0	16.84	0.0	14.34	0.0	0.0	0.0	0.0	17.4	0.0	0.0	0.0	0.0	0.0	0.0	9.326666666666666	17.660000000000004	16.76	0.0	0.0	0.0	0.0	0.0	0.0	0.0
11.622666666666667	17.720000000000002	28.513758865248228	22.508101265822784	2.3439788660841296	3.841564783001279	19.969891540130156	5.453037993109806	21.885161290322586	21.0035175879397	10.947596899224807	17.07859523809524	14.632857142857144	5.898851582842264	5.813461538461539	0.0	30.577500000000004	15.587692307692308	16.508235294117647	20.31427753934192	24.865	28.940000000000005	26.26375	21.67879396984925	15.45684210526316	23.29714285714286	20.88282608695652	22.513223140495867	2.4728886659979943	19.23121951219512	0.0	0.0	26.380000000000003	3.228977924217463	0.0	18.4	41.720000000000006	37.84	0.0	0.0	32.714909090909096	0.0	23.302857142857142	0.0	24.84	0.0	0.0	38.260000000000005	0.0	0.0	0.0	26.880000000000003	31.880000000000003	37.68	33.720000000000006	0.0	0.0	32.21263157894737	0.0	29.084000000000003	30.925	32.81621621621622	36.952	31.26	0.0	0.0	0.0	26.880000000000003
5.942702702702704	24.54	18.4	13.914842868654311	0.0	17.087272727272726	11.904821706697271	14.44140350877193	9.463592413536633	15.173856893542755	21.04	14.95809523809524	37.32000000000001	8.741473684210527	15.330000000000002	13.04	19.524444444444445	23.92	21.98	15.35965811965812	11.372571428571428	14.320000000000002	16.188190476190478	11.484647865133134	0.0	21.953898305084746	23.982255639097744	12.20175674580666	2.661426341376388	6.460916605883783	0.0	26.380000000000003	0.0	2.766643109540636	23.136000000000003	0.0	30.4	26.24	0.0	27.840000000000003	22.31425897035881	28.03428571428572	12.885605095541402	24.871111111111112	0.0	0.0	0.0	27.22533333333333	0.0	20.615	31.160000000000004	0.0	37.16	0.0	21.91692307692308	0.0	22.725	20.899636363636365	0.0	35.6	27.47	20.974634146341465	24.921684210526315	22.52134453781513	47.6	0.0	23.515714285714285	23.72235294117647
7.378997070480786	8.71547877591313	10.109717223650389	15.253620071684589	2.4550393700787403	6.653655220907067	12.419631493506492	6.671060075895717	11.286392694063927	15.437576616210574	5.006903083809382	14.14630718385806	6.279965601589971	5.624253199296007	13.970000000000002	10.23748427672956	6.531300965278779	8.21245734457737	6.613349753694581	15.75561147650367	6.503874857019198	9.851303735024668	5.905599144624628	12.74637605797422	8.333997749557948	9.213270068248296	10.310548475881967	11.831586579251832	4.030953830618215	5.838789739749112	11.344186046511629	3.228977924217463	2.766643109540636	0.0	25.956	11.060689655172414	17.120585603904026	29.32033898305085	34.4	29.325	24.919833537331705	30.613333333333337	15.416355555555558	29.662857142857145	20.192	30.856	17.62923076923077	30.01761316872428	0.0	18.58809523809524	19.605215794306705	20.823640449438205	20.018602050326187	31.805714285714288	21.086883720930235	10.915180722891566	19.867032679738564	22.55513626834382	12.05714285714286	19.07336898395722	16.390349938246196	23.17336291600634	26.84853754940712	22.98086330935252	18.59	0.0	23.2368	21.16526315789474
23.60206896551724	21.45818181818182	26.668936170212767	24.411111111111115	0.0	25.59478260869565	21.626	25.02331550802139	12.928354430379748	24.635238095238098	35.9	27.96	28.6	25.978	0.0	20.04114285714286	31.55294117647059	32.11	31.440000000000005	23.1	20.48578034682081	17.712542372881355	27.22953488372093	19.440439158279965	23.672	29.81590361445783	27.413488372093024	20.766272617611584	23.25230769230769	22.50514106583072	0.0	0.0	23.136000000000003	25.956	0.0	19.787972027972028	17.32468561584841	12.137281935846934	12.04	11.56195652173913	6.660956604948585	7.755302419354839	10.071336606655755	10.719133701138633	16.787838383838384	12.010262068965517	20.25387755102041	3.451794697484704	19.53333333333333	16.293684210526315	16.910983425414365	20.23659016393443	19.38364725095264	12.397314597970336	12.460691192865108	17.111272727272727	14.218732068486812	10.298149510654545	21.2	19.497124662292556	21.102341325811004	11.54038371964068	3.683722296660216	5.356861893385458	21.84	12.86396694214876	6.250833333333334	8.07281046594058
23.76	1.9845821325648416	9.212420872540632	25.6	0.0	22.3	23.985000000000003	27.325333333333333	0.0	32.22666666666667	10.1875	0.0	12.826666666666668	24.8025	0.0	0.0	11.028844221105528	12.455000000000002	9.996933797909408	32.78	17.05777777777778	2.8458666666666668	13.219338422391855	20.380000000000003	3.414468085106383	8.985658844765343	6.025475923852183	30.48	23.061666666666667	18.813333333333333	0.0	18.4	0.0	11.060689655172414	19.787972027972028	0.0	7.188296780214652	25.32	0.0	21.72	18.98662116040956	23.93935483870968	11.218604267033722	24.04	12.546666666666669	18.908571428571427	6.071982750875932	22.58059880239521	19.69833333333333	10.925949119373778	9.392959167586316	8.876363636363637	8.743066974595843	28.8	13.5993288590604	4.106779774643529	9.812141438220104	11.41619027027027	3.3278382826475847	7.2498274800902704	4.264185843530222	16.58170542635659	21.430222222222223	17.0366935483871	10.59090909090909	0.0	19.74666666666667	8.431073619631903
28.74	8.999419047619048	16.480507257768696	34.690000000000005	0.0	32.760000000000005	27.2048401826484	31.763089430894315	22.380000000000003	31.386666666666667	26.88888888888889	0.0	43.56	30.96776470588236	0.0	17.283921568627456	18.206136930068908	29.54222222222222	22.85973333333333	0.0	21.053125	9.339115523465704	18.49291083768751	27.27809523809524	13.0	20.42144927536232	15.598407277369937	23.7847191011236	31.619591836734696	24.39226890756303	0.0	41.720000000000006	30.4	17.120585603904026	17.32468561584841	7.188296780214652	0.0	0.0	0.0	20.934282536151283	15.028351507376524	20.016348638132296	17.456	18.703109909213836	34.411162790697674	25.24	24.55	19.07618354190368	0.0	11.19344680851064	7.016371221150722	23.63567567567568	8.699702878365832	0.0	10.27234386911394	7.33155446756426	6.158347085424398	18.208674698795186	0.0	5.297873661935059	6.566384221524325	12.848459554513482	24.00695517774343	11.593609521629665	40.4	32.052	28.24	16.11305747126437
25.768571428571427	0.0	0.0	23.54187932739861	0.0	26.08890995260664	23.30097019286967	24.88999088422972	13.376423702149973	23.1266123483614	42.6	17.5484	0.0	25.61101449275363	0.0	0.0	38.0	0.0	40.52	21.3651711026616	0.0	0.0	0.0	19.257283105022832	0.0	40.120000000000005	36.016000000000005	23.33882706766917	29.918125000000003	25.071111111111115	0.0	37.84	26.24	29.32033898305085	12.137281935846934	25.32	0.0	0.0	24.42	10.584837885635684	9.809345238095238	14.118960972488804	10.427594402583424	4.253834551892215	26.27539393939394	5.462979150967095	29.59555555555556	15.08994629003382	9.625143918291553	18.94	0.0	29.656	27.78716981132076	2.402742782560055	16.2	14.9	17.413333333333334	3.656519878984201	31.160000000000004	30.18485875706215	29.17587301587302	2.6002547661793627	15.284356588548707	16.456727272727274	32.13	22.694426229508203	14.503529411764706	14.651480318410869
0.0	0.0	0.0	0.0	0.0	0.0	0.0	0.0	0.0	0.0	0.0	0.0	0.0	0.0	0.0	0.0	0.0	0.0	0.0	0.0	0.0	0.0	0.0	0.0	0.0	0.0	0.0	0.0	0.0	0.0	0.0	0.0	0.0	34.4	12.04	0.0	0.0	24.42	0.0	2.647992992018688	0.0	4.285338142470694	7.621052631578946	20.53333333333334	0.0	11.936744186046514	0.0	5.177765957446809	2.2863370750736407	0.0	0.0	0.0	0.0	21.592	26.48	0.0	0.0	14.671111111111111	0.0	0.0	0.0	22.384000000000004	4.355094339622641	0.0	17.32	2.4087761589403973	0.0	2.5262958641255024
29.6	25.4	33.160000000000004	25.09846153846154	0.0	27.433846153846154	23.68458015267176	25.661098901098903	15.830107526881722	25.980212765957454	28.76	27.28	21.98	26.664000000000005	0.0	24.87	0.0	28.462857142857143	28.666666666666668	26.23733333333333	29.03	21.12	30.146666666666665	21.635419847328244	20.660000000000004	28.918461538461536	27.040000000000003	25.68684210526316	28.806666666666665	30.364444444444445	0.0	0.0	27.840000000000003	29.325	11.56195652173913	21.72	20.934282536151283	10.584837885635684	2.647992992018688	2.8	9.866890047355644	4.713179269403386	12.73121293800539	4.468255526972146	14.523430613460397	4.928264478370704	17.99304990757856	6.868705384486887	2.69139146567718	21.360000000000003	22.926666666666662	17.976384615384617	16.194937965260547	6.867291276636026	15.70732824427481	19.154285714285717	16.576060991105464	9.441718948322755	18.164285714285715	18.810025531914896	20.50320610687023	10.984495803744352	7.47685652751684	15.267123287671234	19.90234375	4.966784583208844	17.003636363636364	5.989799276544437
21.955560840269523	21.04730434782609	26.40225733634312	22.06893873704053	0.0	23.51578536585366	19.942904756393936	22.86099716645566	11.31871321952475	22.31298142717498	36.04476190476191	22.41354838709677	37.89857142857143	24.195019103855508	0.0	19.70628571428572	30.501875	35.93777777777778	30.598536585365856	22.819853709508884	21.122169907881272	16.14811881188119	26.0343908045977	18.098626716604247	34.11555555555556	29.430307167235497	27.627248908296945	20.321070158604734	24.387014542343884	21.84444554578119	0.0	32.714909090909096	22.31425897035881	24.919833537331705	6.660956604948585	18.98662116040956	15.028351507376524	9.809345238095238	0.0	9.866890047355644	0.0	7.206373365793508	8.429018171121422	5.732176517394248	19.500297823596792	12.00318181818182	26.50974358974359	6.687031101908692	12.341538461538462	13.886514657980456	14.460187677053828	22.070246913580245	18.76761621621622	10.931559633027524	10.111169381387228	13.513333333333332	10.590975748893932	8.833131721190282	23.61818181818182	17.910748845507975	18.408156786236862	6.033174486257439	11.222651669533766	5.332848130507464	27.01935483870968	19.816525821596247	11.720679864027195	11.01853680905852
