1.0	-0.1807507134951545	-0.4553902015061957	-0.7658028877683674	0.4237882117988064	0.3679116793325477	-0.4148855155087272	-0.1542562657311941	-0.531984640878933	0.2748652822188617	-0.3785826820649592	-0.3666915308913196	-0.4948640303313154	-0.7287085681159011	-0.6108048053614291	0.1779862145368463	0.0443713785724552	-0.2891684779607752	-0.5609074624112913	-0.1986246093803494	-0.4358274761703596	-0.4239359115045367	-0.3629877119740727	0.5338874549466016	0.5263438005894667	-0.5209369323428729	-0.2207466478712202	-0.6296079146545401	0.3082918260155369	-0.7048444086694949	-0.2781519667717435	0.4206229251526247	-0.5257204224047354	-0.3201797585304511	-0.3428552156553006	-0.4105154686930283	0.5340222773789663	-0.3517184042645536	-0.2046331521842187	-0.3553568257510994	-0.3831526954373561	0.023772840626871	0.2186141689222629	-0.741023997435361	-0.2447660053657528	0.9013932894799166	-0.3416584172948409	0.8539497242538967	0.2248893970280165	0.0568597520442417	0.9057324917530002	-0.6120212166082896	0.6304075958000293	0.6956835912266106	-0.2952139567669715	0.779195080898479	-0.7496519391004814	-0.3333243487634095	0.8844587876973163	-0.1628214116795384	0.4495985338798863	-0.0859572865569386	-0.5863624010751527	0.903143062107365	0.0171301851298048	0.8704455487599295	0.0858986847650886	-0.2586883587466398	0.6561820425390739	0.9024520546692062	0.4969947253703251	-0.5609765409244034	0.2840170435861025	-0.2223610637492144	0.1519158483167206	-0.4155091106173102	-0.5650198507773428	0.6845111416549774	-0.68837075546743	0.1287011053394619	0.913857456317204	-0.2792888438963493	0.8726244899076383	0.3365092605444425	-0.1377748317848343	0.9285457142210176	-0.5761311509451658	0.5175636395112776	0.7738503063691438	-0.5305130514527414	0.7040841717530558	-0.1646827800418295	0.0076402325521143	0.3477736491608064	-0.2394701329500475	0.4006791762935669	-0.2969706297975217	-0.5052619135970902	0.9141844761560526	-0.0447089442849287	0.8362820035250434	-0.3134070410944037	-0.0356221007772886	0.6464540908651212	0.9211985643461766	0.8144160389900238	-0.7124146480672646	0.2081183371780391	0.5943847742081844	0.7447559695065231	-0.0607712110230641	-0.6869785123775006
-0.1807507134951545	1.0	0.1170521777882164	0.1614937918156785	0.1344672915137322	0.2560112177122699	0.6647153808861994	0.4209356290370187	0.645885638452347	0.2311964038448229	0.1103192366885671	0.0465914440011269	0.386806725745037	0.5436371869780479	0.5331722348533252	0.5515640368352266	0.4339772632812165	0.534837033165404	0.1096200908056325	0.3240199433880986	0.9288216047839276	0.1279338581525575	0.2827944928148555	0.0290786252594858	0.2123734592255476	0.6308248063015799	0.4266350904611506	0.5318609611698336	0.2993334198620637	0.5705576529346148	0.4595743888735674	0.3079193638852233	0.5810543821800789	0.1565026688677628	0.2482487962610209	0.2794775527225547	0.0120892921569251	0.5069480169051112	0.4235357368817864	0.3929596713529809	0.4039448436629173	0.3668061356461893	0.4623789690814391	0.2886023599526673	0.4470259820661984	-0.1193042705132081	0.2104417536847414	-0.0693432913835147	0.0882185162328072	-0.0788240186022236	-0.1343293009621545	0.4251106519795123	0.2301677448396509	0.151224828263299	0.5709987396815969	0.0254526449210506	0.3799462880674121	0.3525239570130868	-0.0750646073606231	0.1723346248340635	0.1933110772155578	0.0612010796870281	0.3890809326130062	-0.2742142980562007	0.2190545728922343	-0.11620000836378	0.2329621018560211	0.3628862926120402	-0.0165613417751781	-0.0712592343301423	-0.1577302400796003	0.6695048389792219	-0.0979234914534562	0.3801847682121212	0.2557335499160312	0.3449575851211168	0.643388006198416	-0.0734922875766379	0.486258344244877	0.165579642820574	-0.1977516203421639	0.2770307720809183	-0.1565098740187768	0.3534259096439148	-0.0421811818534257	-0.1135864088223586	0.4733298839639831	0.2279955838524275	0.0020627677387103	0.517356553704252	0.1497012956990391	0.51980716301538	0.2381743825491618	0.1088613987977785	0.0988544172840926	0.3440464196168932	0.137827786565134	0.4625095705710808	-0.3052013218283966	0.2076355600837638	-0.0491178954848911	0.3089723510158951	0.3625466192595106	-0.1255560662716364	-0.0970669778008373	-0.2685421818266942	0.514438445105475	-0.2125940655539507	0.2653443135771353	-0.0232397244002451	0.4726649573342173	0.5104575637821592
-0.4553902015061957	0.1170521777882164	1.0	0.1681906588949594	-0.6470656648539763	-0.2752550045177057	0.287193671492411	0.6628920523944519	0.2810174241171166	-0.6630058558984266	0.3770854605661672	0.0615896516259148	-0.0491028869744545	0.4477969452850986	0.318456871429994	-0.0192752273706226	-0.0098782167292849	0.0140066030845088	0.7915529668295538	0.3674287965475736	0.2999823257277608	0.9837241628565262	-0.1601645484921241	-0.6981739668183439	-0.3873657777794456	0.3234130628826792	0.6998795203159972	0.4276836976541979	-0.6459127677369894	0.3126799293012901	0.0366678589141878	0.027230417755603	0.1031410791406217	0.7135738918258593	0.8004578211486544	0.8469229093062625	0.037267536503348	0.039589957245349	0.0100560467707522	0.0048693076356006	-0.1752444469860118	-0.0318941423020467	0.0256969907758329	0.5362717450101192	0.6197996977503916	-0.2796480879038399	0.6297555251632858	-0.6798036369086397	-0.42788990983461	0.6624356764706798	-0.6923479099840547	0.6923440632350185	-0.6112098956032274	-0.5933455261789319	0.0367613311192413	-0.4645349004937129	0.6928776849972474	0.021471768586609	-0.3132182270518849	0.7840723891564866	-0.504532210802022	0.7170755093100197	0.6038327921634473	-0.3309248874789989	0.619498092154447	-0.2290451880424248	0.535831221990129	0.7389427613863464	0.2203313118727887	-0.2386770962199371	0.2415705641033985	0.5407771158806062	0.527269225479882	0.3357273167656353	-0.3352042961939002	0.3923386644712559	0.5855586467207278	-0.6774099436323348	0.5467436735791206	0.6122630589686021	-0.2955832192705777	0.5880484122575563	-0.6430993654921647	-0.1530467158361167	0.7778049429210775	-0.5877928941264507	0.709085443356255	-0.4389694598806679	-0.6441995425011853	0.2219853119797576	-0.489171874758114	0.2915108884571362	-0.3456009234983613	0.2954621755847311	0.836228478302363	-0.1172123279236243	0.8109756936834701	0.4603435738117373	-0.292057392728586	0.5912495284315723	-0.0916258717517392	0.65904635013204	0.6453868528115331	0.2394107115496315	-0.2711216799686793	-0.1044920827585096	0.6792156259373368	0.5925775763741095	-0.2775662974904829	-0.5564993975548452	-0.2062385120484241	0.5323466548641691
-0.7658028877683674	0.1614937918156785	0.1681906588949594	0.9999999999999998	-0.1348923443647846	-0.1206662091389499	0.354672394367881	-0.0087706807309111	0.4432616536032251	0.0011594868877046	0.2918839133682916	0.4768076225552271	0.6156288009739865	0.6233232835309632	0.610965974944558	-0.1586260833763862	0.0851973165998498	0.3009371332785823	0.2234304336344015	0.2306228062648441	0.3375106246443741	0.1169937902850647	0.5182543216207508	-0.2330959726046587	-0.2603561236466163	0.4778197831616524	0.0071572284955907	0.4832773866543017	-0.0639718825097294	0.6738290202896383	0.3483471235394051	-0.4638888472898713	0.5257258177084548	-0.0249409045277956	0.1437790288107188	0.0896943462228188	-0.6396766355220648	0.3257726681085475	0.2147505418578998	0.2253407086632754	0.3902725170291499	0.0190389361224789	-0.1755434167365972	0.6179067232565139	0.1214742605888947	-0.7783781680368654	0.2627293420777929	-0.5593135335971149	0.1665554919807653	-0.1933517416861588	-0.5884230022309007	0.4150133556948842	-0.2443630520456506	-0.4170964172061711	0.454741428581277	-0.6063612088255398	0.5906599407976139	0.4563765656014171	-0.7158349669632059	-0.1025645090820733	-0.2217431079512156	-0.1143677775453264	0.4952817711301717	-0.7274371066420902	-0.0800253103605674	-0.7800635274766273	-0.0909037489758345	-0.0163309811174686	-0.659224527341056	-0.7959714825277818	-0.4799060162579616	0.448083513485468	-0.3988616327701219	0.2183544688697913	0.0901357559171374	0.3302282290710145	0.3982371928695598	-0.3259705953565566	0.5504323212439529	-0.246999496402615	-0.7773386103635341	0.2082392340656737	-0.5934474620416809	-0.126767367344665	-0.0265797004580485	-0.6720813260695954	0.4179567444955451	-0.1367587775097905	-0.4838344642424941	0.6306893664394029	-0.5689551091274943	0.1239784173461129	0.2044636435077831	-0.4405735195915733	-0.0366321750007079	-0.3591281651090872	0.0723556454990946	0.4742606763410626	-0.7373274018935493	-0.0560808186111092	-0.7813621548005933	0.2252591123405771	-0.1420132084597038	-0.6694223463501333	-0.801758105146688	-0.6799193063357802	0.5566040240149706	-0.3195692148344604	-0.4951615344023448	-0.4966441652431511	0.2118925706549948	0.5642353555563158
0.4237882117988064	0.1344672915137322	-0.6470656648539763	-0.1348923443647846	1.0	0.721890555097006	0.0069666942036647	-0.3254529169741714	-0.2149868987596387	0.6327808233734389	-0.2685471606415269	0.2861286460832373	0.438549121199606	-0.188423716837748	-0.0656394027851735	0.3945339259212708	0.2155949237162681	0.1665052528743851	-0.7497683431165308	0.0174391341536813	-0.0582344633216369	-0.6505024552363023	0.2448575782632868	0.9650188627446225	0.7213459676134943	-0.0579507356581207	-0.4164024762893774	-0.3974501139919636	0.5652605685761881	-0.0750284257685519	0.2046808271274539	0.1549808347463032	0.0756413300201566	-0.6272001127475092	-0.333913296068816	-0.5689883280821586	0.0780657890129605	0.0825063759421035	0.1221530926300278	0.0247021944728061	0.1736002759789217	0.1348556184325747	0.2743213376790906	-0.5541699283110249	-0.4035981494280743	0.2655076761563871	-0.6024769377116626	0.6361661902492697	0.4979392405718065	-0.5577066955075946	0.6806827081878026	-0.6155561053979334	0.6790734475414406	0.650569824140134	-0.0016750930592531	0.4262392714570004	-0.577111700368896	0.2378477126236461	0.2226672194370531	-0.6070614617791312	0.4876453166867231	-0.5537874962727563	-0.5053285977372072	0.1915326467777136	-0.3749290643506435	0.1479762169708193	-0.4506468566784873	-0.5753862274000008	-0.0848007197330642	0.2290578101762296	-0.3063609766426088	-0.3244294262094515	-0.4501373975684802	-0.2630132143354399	0.3218949602434027	-0.3287768580654585	-0.368184553900189	0.5672048520163783	-0.4819280491016415	-0.3373607758280326	0.267087944461891	-0.5426116241993798	0.5853086279538806	0.4580980733356004	-0.6562333265105181	0.6248063317955067	-0.5494137679822323	0.4827009878591678	0.6885604397291358	-0.1645173803446764	0.5177612499252598	0.0048349219429247	0.4481207539910271	-0.2943751046826103	-0.6584013793775321	0.2713263747288314	-0.6714000361739582	-0.4080792475464795	0.168162842955786	-0.4073283940997876	0.073485368231746	-0.5606061229343668	-0.3537953150532696	-0.1015413955744478	0.2757124272046733	0.0208776794612182	-0.4583388924390996	-0.4968967797894014	0.3006953094269345	0.4903644724727101	0.2744633030695527	-0.3894739846828685
0.3679116793325477	0.2560112177122699	-0.2752550045177057	-0.1206662091389499	0.721890555097006	0.9999999999999998	0.2457736287932889	-0.0526105487911477	-0.0516832421848199	0.389659558161482	-0.0535152858882622	0.3200068384180106	0.4070587296083781	0.0427590274663639	0.1432330982666967	0.5033549894302645	0.2333771908616779	0.209668401359565	-0.4247163993327994	0.03268349682901	0.1063425885278237	-0.2788918852938664	0.1226491021269182	0.6859989699234675	0.9169943863185304	0.1141779373166863	-0.0695105061418534	-0.1688314401473769	0.3861607028059178	0.1148241231099303	0.352319675674367	0.2251411830854997	0.1176970017956215	-0.2880279423093083	-0.1040783038728691	-0.1770405138794807	0.2463234604202313	0.0287782979628305	0.0907041612085947	-0.0381863882467375	0.0048219903299992	0.1808916433855878	0.4244103658402565	-0.4284274327520526	-0.1184556225827917	0.2338502063611185	-0.2986992339222526	0.4696255909598317	0.4488053361472888	-0.247901298152442	0.5048947067134127	-0.3952007273973172	0.5307948977093017	0.4604358695870283	0.0438107626245048	0.2956362543067211	-0.3111084463273171	0.2277446800371156	0.2040669512704241	-0.2665723341446964	0.2737707616919836	-0.251851562242308	-0.2108611397495181	0.1039754163623213	0.0163567815345548	0.1458688170337373	-0.1550881709469784	-0.2631890600240117	0.1053634330179235	0.2151948759413646	-0.1456557515516421	-0.0815907510460612	-0.1547196695375993	-0.1359812164960807	0.3600383601493753	-0.1746975550422786	-0.1337236160439525	0.410728772904339	-0.3017444561343184	0.0406281532313666	0.2418341832688724	-0.2812986504250145	0.4924496158434595	0.5479593475660894	-0.3102436503687159	0.5295483459790746	-0.2532165730284449	0.3995045201306065	0.4775166615945683	-0.0610315868627991	0.3409193666037315	0.2146296409586003	0.3172842593576174	-0.0255373766677749	-0.3066220187457189	0.2638657478949103	-0.3749491823096502	-0.1821142167033513	0.1389258522958293	-0.0402197898599081	0.1395415478256796	-0.2446760297334049	-0.1233686284749977	0.1068607866463735	0.2588806292583495	0.0594998170958092	-0.1801910528782658	-0.1684917434257764	0.309253975805246	0.4126422068701112	0.2334337934479032	-0.1769620873847606
-0.4148855155087272	0.6647153808861994	0.287193671492411	0.354672394367881	0.0069666942036647	0.2457736287932889	1.0	0.5495801258224642	0.6714125875920345	0.1284836581781896	0.3411359970089285	0.2226735858744809	0.4961177911255996	0.5616031888827818	0.4873960348654748	0.6319386041832753	0.3769422945024986	0.4407257333212711	0.2432648631215895	0.5501748401909912	0.7592993275738242	0.2756807843386621	0.393540309764597	-0.0762659041565694	0.1157600163559531	0.9219991486057476	0.5690973432792742	0.6736871724641813	0.2351209409266139	0.5786215832956527	0.3467259947527944	0.1643346379948769	0.5389154031592187	0.2016353718044213	0.4504538465899346	0.27547004691567	-0.2630910207855785	0.6451140191062352	0.5799071278774166	0.5167021803586073	0.5122630100936338	0.371473459108336	0.2548495038467956	0.3267559012586242	0.3974252185294796	-0.393937129291687	0.1668311239166609	-0.2612018224578272	-0.1059193979352465	-0.1888709898764733	-0.3767428732446377	0.4760386024801387	-0.1437433354295407	-0.2116610344299424	0.3797774567018263	-0.4156722474657496	0.4118748615588947	0.2694921619252008	-0.4176883609131341	0.0923561184206395	-0.0701646100726775	-0.0091944078455801	0.4041381931482881	-0.5155201182037611	0.1214775098412129	-0.4148567329698606	0.0254085508084381	0.2198015153186251	-0.2830478910010797	-0.3631843547079658	-0.4534958448065211	0.5907506134898787	-0.2622705635010619	0.1037960053127515	0.1595014490547188	0.5250706420999596	0.6339577289412119	-0.2561433343546256	0.5147042531158011	0.0934220598723714	-0.4221796897488811	0.1600062596674832	-0.3240702256458911	-0.0204348952973496	-0.0094404876101862	-0.3817262854026347	0.4988015733939535	-0.0906837917037865	-0.2653032511722237	0.4428898934857114	-0.3036044028659725	0.2166089968183871	0.0092307106101975	-0.2727452527840304	0.1472312984201107	0.0390634499861098	0.1879492622294325	0.4315475980563106	-0.4983735136351734	0.1340033941564669	-0.3582707503733433	0.2398552251584498	0.2405823832764737	-0.3499339475803383	-0.3475538661292262	-0.5142961119959424	0.5821200364936991	-0.2454659255790883	-0.1311288541972445	-0.2349666093987476	0.6074498673925172	0.6439444327774057
-0.1542562657311941	0.4209356290370187	0.6628920523944519	-0.0087706807309111	-0.3254529169741714	-0.0526105487911477	0.5495801258224642	1.0	0.4270463075383867	-0.263539727829853	0.3874750600545728	-0.1420437991053545	0.0160654211892396	0.3608526792293827	0.2653848014517191	0.418972305254021	0.3592768058223247	0.2660403388663204	0.4983350923193293	0.6019018860988401	0.4861482784245629	0.6677103573809295	-0.1226687671896667	-0.3889939788159456	-0.1460705411695967	0.5195007325484053	0.9087618130798883	0.4997353349468201	-0.1871255653086345	0.2825521553065435	0.1020426608537493	0.4592582162227724	0.2626852689987797	0.5365170399467085	0.7957639466403407	0.5377607388909408	0.1462863421734846	0.2887456695312397	0.3646659517510169	0.2436472602850792	0.0584685511831189	0.2014564847205789	0.3734163762242361	0.3077029509422547	0.5583418913618571	-0.0037292444756476	0.4267364646635571	-0.3312872220183038	-0.2523777822509921	0.4524449214925091	-0.3492226711506752	0.5489025162995433	-0.2505163422651972	-0.19871762410582	0.1246052310374945	-0.1874488513883789	0.4727461251581151	0.0639787060595108	-0.0539747763540864	0.6026482692617453	-0.09382415166146	0.5526287402652632	0.3643471201590095	-0.08215477558542	0.4999570815166311	0.0452208079901168	0.4356879952056759	0.6542929769057242	0.3263007324671724	0.067365701609534	0.2219255668112863	0.5461090978489777	0.397805829002211	0.2268740784205667	-0.0143894243807513	0.5024369721798497	0.6020284900966655	-0.3731507618088931	0.4292952415643911	0.5181575023791474	-0.0276307913828468	0.4408574260915455	-0.349073189164202	0.0609025504695664	0.5093355580505329	-0.2909016151243536	0.5505133742010168	-0.1563371497783044	-0.2701360654337104	0.2204135253245798	-0.1249065551544248	0.3349112570891513	-0.1835470951880738	0.2274637449939306	0.6141290207155844	0.2403870813427369	0.6731628789149259	0.3385483698355574	-0.0647461820703596	0.4385025143100257	0.1474578478890259	0.4230656968563989	0.6955274210757177	0.2939390612293626	0.0436841790317606	0.0338494527311456	0.5666027624940387	0.3926259559101526	0.0104110018941395	-0.2548558604659503	0.1597938884284779	0.5387646466988939
-0.531984640878933	0.645885638452347	0.2810174241171166	0.4432616536032251	-0.2149868987596387	-0.0516832421848199	0.6714125875920345	0.4270463075383867	1.0	0.1358352505641049	0.5127896513982411	0.0985831866284013	0.4841143984272556	0.6641881260150085	0.6550885480729107	0.3267045602521142	0.358894136402263	0.6352912841027382	0.4363023934700782	0.3066113714493167	0.7203344602077298	0.2795616501528398	0.302290105704091	-0.3336762243349269	-0.1564980022451116	0.6755035568742567	0.4698361941643697	0.8829865738450691	0.2441480918252658	0.6916901848703649	0.4380197548069486	0.1235220482296798	0.7230164521291379	0.3708264868008075	0.3281245845226039	0.276884160832278	-0.2551436363197297	0.5222292215044245	0.403345462300663	0.3849156025378628	0.4085243313945444	0.1849583313173592	0.2897873505776326	0.5431997313961502	0.300444927806609	-0.4335251459397127	0.2916326529872499	-0.4484701748394835	-0.0271626943122252	-0.0623435298121238	-0.5341298599330088	0.5849316925082575	-0.1429707331236286	-0.18357486334138	0.5509932256964877	-0.3428174419084666	0.6613935305810579	0.4187881443274668	-0.3900668746443579	0.1975479442016802	0.0144737792309174	0.1224898858283753	0.5640033126699778	-0.5001519109774043	0.1124074062052743	-0.412481672908097	0.1122036846374016	0.3892454917338476	-0.2522484755255909	-0.401644237391377	-0.276904780415496	0.7829084844699865	-0.1841061186548915	0.4224655089211649	0.2724812726351822	0.6101710260950444	0.7835733080760453	-0.4029803392931732	0.7569009952295379	0.027919258334099	-0.4659610561029887	0.3184569865996881	-0.546222577214429	0.1015027647649375	0.0595954758000941	-0.5518089676399754	0.5522987692267981	-0.0803852958407561	-0.3266003434674804	0.6449733316765638	-0.24259914237447	0.4179741690431734	0.1219783047152057	-0.0773280904861695	0.1937096631457538	0.1707157526786893	0.3217868185075297	0.5763485992323156	-0.5396200123467705	0.0679257337966298	-0.3417012127233042	0.263066847448685	0.3277635597359282	-0.3105476953828803	-0.4145733482472624	-0.5002293317542741	0.7306749592950889	-0.1938797470103808	-0.0396467284614899	-0.2998102441626094	0.423136389870981	0.8150763405327517
0.2748652822188617	0.2311964038448229	-0.6630058558984266	0.0011594868877046	0.6327808233734389	0.389659558161482	0.1284836581781896	-0.263539727829853	0.1358352505641049	1.0	-0.0699086866502686	0.0600133893973618	0.3892030914490875	-0.0920552836614444	0.0028868230474244	0.3867804380617073	0.2429516393386325	0.4347068748639845	-0.5991695796876179	0.0390218509066415	0.076395228478279	-0.6906303749214224	0.1990313320271426	0.5896338416813353	0.3957436423781028	0.1285528815011533	-0.3439995410643681	-0.0088123467889182	0.8115851737062008	0.0429858166519198	0.1104235644088552	0.049306725982656	0.3083633622517901	-0.4905638081784008	-0.3468686197030716	-0.6250421412177612	0.0456821438435012	0.2628294230962339	0.3033313692256961	0.1512563374727527	0.4505423636663396	0.1820921646818631	0.2274938122748989	-0.3659532353788468	-0.5064816120685726	0.2085992946099896	-0.6023869597308934	0.4180039605695702	0.4452687870301627	-0.6910146996571389	0.4782536668630025	-0.457018945540771	0.572058430432236	0.5971665317572679	0.1587563549971513	0.3409391628179556	-0.4265582866288644	0.273167969816056	0.170049629718873	-0.7063623917379928	0.6164420175244597	-0.7268956344428934	-0.3082984004422393	0.1419641674378683	-0.5791420807601451	0.1177024517248963	-0.5358981419222956	-0.5141065661296874	-0.235215175286086	0.1514453134271983	-0.3438860466628991	-0.1630493268653989	-0.6120168169332667	-0.285552796348151	0.3460333743270774	-0.1442820524667119	-0.1847796520168318	0.47194838302136	-0.2150789956404713	-0.5667187407302628	0.2318311937095138	-0.5252428809872127	0.3989001528191089	0.3387577169154382	-0.6952207645845141	0.4016583337635647	-0.4855345509685677	0.4088830495210276	0.5698197735605518	0.0664695039253085	0.417416954329477	0.0708020588886531	0.5204348618620613	-0.3387793590996066	-0.7134040579989172	0.3978402743992334	-0.6722537567883226	-0.2187605212481861	0.0909912576406447	-0.6277101646049	0.0231805151652642	-0.6042621926425703	-0.3557680963866726	-0.2860861823249837	0.1998325513221874	-0.0336001363185565	-0.303735713625596	-0.6451551638812486	0.1847309783563301	0.3043024634584148	0.4500693384597086	-0.1021826341807668
-0.3785826820649592	0.1103192366885671	0.3770854605661672	0.2918839133682916	-0.2685471606415269	-0.0535152858882622	0.3411359970089285	0.3874750600545728	0.5127896513982411	-0.0699086866502686	1.0	-0.0433253419203805	0.3329676526338351	0.4540291852782503	0.4168120602893235	0.1941559133716494	0.4185560370796423	0.4640100266265765	0.4155711001320476	0.2765147146286115	0.2343587417766086	0.3767771271613014	0.073813367617442	-0.3669494556940872	-0.2449605797669891	0.3040761895195741	0.402375969766723	0.5774616491494138	0.0014213493472571	0.4603380000581742	0.2647998802565204	0.1895834932731852	0.4850837136763224	0.3577784805200854	0.4293251545267765	0.2302871284213978	-0.0931518004040631	0.1468386175092471	0.1266786531541003	0.1309525027868248	-0.0029082389058562	0.012567065796471	0.2515799043526455	0.2986604620759248	0.0322335446937258	-0.293843198847715	0.2683318583535506	-0.4676848647722229	-0.0056090497175021	0.126558355075153	-0.4447992684206757	0.3389532626646061	-0.2527240484974666	-0.263958394076992	0.1680748109529791	-0.336268824038058	0.5038345775322077	0.3471364875155985	-0.314279361177571	0.1866961776310015	-0.0930157042953829	0.1730462868070019	0.3488684098199432	-0.3254451269666883	0.1434115131385184	-0.2687568669734846	0.0597788290854995	0.2840067445211544	-0.0901400049125046	-0.2764994172562186	-0.0606561064241282	0.4246238257354064	0.0422565334254841	0.1323978676712164	0.1403790683156215	0.4734078336996689	0.4664981306559038	-0.438419018398923	0.4456205173846565	0.1025789932300712	-0.2505268138899204	0.1891122497252074	-0.5076728601991585	0.0439611028313148	0.2757445760982664	-0.4626806995953015	0.3171272355415589	-0.1926938009076914	-0.2871428479219508	0.345522199963149	-0.3428732295302515	0.2436544276996149	-0.018771771288865	-0.0649346897268918	0.2631714720712711	0.1128606872441523	0.3637155949670431	0.3026819891161091	-0.3150636374031604	0.0665587286496355	-0.2175797013068396	0.128550644382866	0.1925763370364004	-0.073351397913138	-0.2661354610737341	-0.2200614250929813	0.4965279048209559	0.1060560082928357	-0.1367709006933312	-0.2923201951985171	0.1604736671182995	0.6533826233244597
-0.3666915308913196	0.0465914440011269	0.0615896516259148	0.4768076225552271	0.2861286460832373	0.3200068384180106	0.2226735858744809	-0.1420437991053545	0.0985831866284013	0.0600133893973618	-0.0433253419203805	1.0	0.6080637789840461	0.35021155824526	0.3371516871122871	0.0202614707574084	-0.0273496570958388	0.1178155266160791	-0.0061691787429048	0.1259458710130276	0.1063841009373566	0.0097179305372372	0.3851855190265896	0.1994120604622976	0.2352153842779425	0.2404775803899045	-0.1541340858753991	0.0638555438751975	0.0087830926718006	0.4082304878420056	0.2827954230769757	-0.2636094287123912	0.23293416529266	-0.1057498184039426	0.0782858444692039	0.0330424782763671	-0.3208850305146812	0.1384091126667255	-0.0187882298269193	-0.019158163404529	0.1808802433363734	0.083647440789429	0.002385779738525	0.1649672746621978	-0.0445209940383468	-0.3596539724586043	-0.1387728960058271	-0.216782752963261	0.0814094971377875	-0.1928652326792287	-0.225155565638441	0.0395363531164988	-0.0877627874576053	-0.0553058241888284	0.1220644547305014	-0.2478653844570041	0.1888134817215816	0.3920923377559443	-0.3833189918583244	-0.1674042364330536	-0.0630510651662435	-0.162334256373499	0.1023864252803098	-0.434593053898946	-0.0618704471626922	-0.44911625594897	-0.2209400340272183	-0.2081163508129773	-0.3303697186425661	-0.4162184508755712	-0.4067145394495565	0.1312160465571751	-0.2961992539762449	0.0549986070080466	-0.1087965539394245	-0.0482760265315626	0.048359310688169	-0.1281332728083856	0.1776529837130367	-0.1570364055076672	-0.3657491735866402	-0.1378991778310318	-0.2287809250802725	0.0562889889925893	-0.1459665144192443	-0.248368027748884	0.0796593587163791	-0.0899504270128883	-0.0916517074528982	0.2048788567568626	-0.2187232435025106	0.1326845922527467	0.2023081597592089	-0.2755450121343287	-0.1239945763900189	-0.1175878130492179	-0.1501838610153222	0.0298721233848691	-0.4429631449818117	-0.075639861826113	-0.4644154639100438	-0.0344470303001585	-0.0978523026834136	-0.3220926128519916	-0.3943928463754302	-0.4352974117093198	0.2155734703387022	-0.2524986651158265	-0.1896685036088706	-0.2388835221191078	0.1394710504555063	0.0832572702717744
-0.4948640303313154	0.386806725745037	-0.0491028869744545	0.6156288009739865	0.438549121199606	0.4070587296083781	0.4961177911255996	0.0160654211892396	0.4841143984272556	0.3892030914490875	0.3329676526338351	0.6080637789840461	1.0000000000000002	0.6073819489627423	0.6426361446273825	0.3032189090316575	0.3136503199813463	0.6585903521459212	-0.0711380013948194	0.2822955176329337	0.4384585348542782	-0.0976487765180297	0.4820255396788112	0.2776665234372057	0.2256548193685513	0.536741043173369	-0.0137137377276945	0.4053369392369272	0.3074104088742872	0.708336165516482	0.5462126311301567	-0.1241140326375084	0.7324006661276653	-0.1516260643168452	0.1448950630242816	-0.064204631281697	-0.3060559785806308	0.4072479635132853	0.320236510318167	0.2415101654226615	0.4531860567078208	0.1047500285926833	0.2658036242812969	0.218003403204844	-0.1152144874468186	-0.4917479130518419	-0.1146184652134185	-0.2681520000955426	0.3265263988186599	-0.4335047974307207	-0.2533200191469106	0.0749120116003768	0.114070889263277	0.0031519141421305	0.4064833513663523	-0.3034434452162472	0.3233271687225132	0.666908311841648	-0.5272657593755185	-0.3045589298740027	0.0978657847611353	-0.3231471885145864	0.2352158074230388	-0.5971872408699294	-0.2271982491803825	-0.5825318563645645	-0.3425644265745349	-0.1376174039804661	-0.515905852925761	-0.5295222376495298	-0.5826471776218252	0.4007732413194808	-0.5579183228892168	0.06743018884506	0.2812653257277641	0.2067730841358817	0.3622134281767137	-0.181248118089101	0.3371890341526812	-0.2907273003016517	-0.4886934912339141	-0.1047667147199105	-0.3343300899561516	0.2623101644298925	-0.3320158099906757	-0.3214944384348257	0.1066230719889692	0.0686208245855285	-0.0669792499796412	0.5028485891290995	-0.1815153715925218	0.3441034707817936	0.477589355665103	-0.4564503115848178	-0.2717736495709416	0.051398281793975	-0.2091176007773448	0.241266628553611	-0.623295763975217	-0.2876753783678681	-0.5793666872423311	-0.1639989514904139	-0.1277435429471774	-0.523956722507454	-0.4995481062936137	-0.6164555503321849	0.4071121461826266	-0.5100909231530018	-0.2267369139827631	-0.2362549108356755	0.3859455109145687	0.4654621679560117
-0.7287085681159011	0.5436371869780479	0.4477969452850986	0.6233232835309632	-0.188423716837748	0.0427590274663639	0.5616031888827818	0.3608526792293827	0.6641881260150085	-0.0920552836614444	0.4540291852782503	0.35021155824526	0.6073819489627423	1.0	0.8826715288841647	0.1415700436134606	0.2561964770048273	0.5761208095756807	0.4671307770529675	0.3147402670162437	0.683582295982581	0.4087429381637843	0.3635095707113706	-0.332551532692133	-0.1201227144712293	0.6039129148523926	0.3813485192132109	0.7020800096447003	-0.1360056181548136	0.9240013225103	0.6346209270606877	-0.100944450481296	0.7269592378085896	0.3332098551438868	0.4487230607530997	0.4826704689666267	-0.2311365522908702	0.3362887130817326	0.1642013377956363	0.2673871209346665	0.2589886259287629	0.1783372642556175	0.2735143554498401	0.6224568480166556	0.3049871592989202	-0.6007747672641061	0.3967605237352061	-0.6127909417204862	0.0128650150024081	0.0936367221729425	-0.6737943624931182	0.5631081362096969	-0.2678527481818427	-0.3596051494924522	0.4697241884148647	-0.4644404880935903	0.7805680688635587	0.5367561502553658	-0.5440285535612107	0.2791244940706989	-0.2054310843596968	0.1795764126395464	0.6240326435997935	-0.6982414107191351	0.2185873328181402	-0.6226696402043513	0.1039959070264582	0.4508726482371263	-0.3162244032346802	-0.5952699016776929	-0.2864888220946648	0.7957027287503257	-0.0793745831980382	0.3659514943203875	0.1290561684527319	0.4062787971621464	0.7438235773968919	-0.5019715434672143	0.724130935453388	0.0875135824031516	-0.6324325286527657	0.3773982857023608	-0.663723356086456	0.1299048259173268	0.1887969696760011	-0.6467430326264699	0.5898038742221173	-0.2131785109241706	-0.5280753004231337	0.635669614652514	-0.3418682908570618	0.5598113106201839	0.1857173531831458	-0.0500773163008709	0.2885575300091823	-0.0030060783513053	0.3297632993935734	0.5703800632288127	-0.7211120782649774	0.1959861510075188	-0.5283391465098799	0.3362398148508482	0.2382844838903532	-0.3297862267980854	-0.6145366365017304	-0.5966708108593926	0.8236979433575145	-0.0821711789272735	-0.2330282114824385	-0.4749458875783563	0.1488022382708901	0.7609681597674496
-0.6108048053614291	0.5331722348533252	0.318456871429994	0.610965974944558	-0.0656394027851735	0.1432330982666967	0.4873960348654748	0.2653848014517191	0.6550885480729107	0.0028868230474244	0.4168120602893235	0.3371516871122871	0.6426361446273825	0.8826715288841647	1.0	0.1277143590175812	0.303634643011527	0.6166990280969942	0.344854596832471	0.2172883025996173	0.6189582483988693	0.2705190325010429	0.343660073239743	-0.2008349492869097	-0.017883209709995	0.544741794465872	0.2822186920078917	0.6371350949011021	-0.056683161273122	0.894949694551201	0.718865426138059	-0.0974413445228762	0.7209635549755866	0.2256132025461527	0.3464866297018951	0.3629895341552596	-0.1917513083570855	0.321829202761019	0.186698505461955	0.1729369517856569	0.202287911204419	0.2115920180088821	0.3623418863006213	0.5171470874550448	0.269529660280122	-0.5078581764193788	0.3315970824960397	-0.4700699824996212	0.1764080172140978	0.0442587841891387	-0.5385081594992772	0.4498239475286564	-0.1101966702898767	-0.2219391372159713	0.4712256756416946	-0.3470726517816683	0.6927598551226574	0.6098366534911603	-0.4431992196673444	0.1859882661480955	-0.1705717785724226	0.1206682300456446	0.5341765021008963	-0.5912248473242018	0.2433564925997481	-0.5296563885608582	0.1095744494019605	0.3810892936595112	-0.2791578315629565	-0.5009367279069914	-0.2669996260388905	0.721558654503042	-0.1023371885810252	0.3826839044716495	0.2118241152396199	0.2840534085683209	0.6661725876176261	-0.3650701138568559	0.6247976538885215	0.0968933019478437	-0.5405454655292186	0.3273261741882976	-0.5438494922546263	0.2630640214896212	0.1187503185922243	-0.5053593851808832	0.503404427994963	-0.0800854611740595	-0.3810000702370175	0.5911262069210531	-0.2293578820708701	0.6126578013357292	0.2564910507947143	-0.0429164171043961	0.1836038712996061	0.0117023112338924	0.2300689829272969	0.4833001309807556	-0.6172897090142174	0.1892224632087805	-0.4510787037244713	0.2799154061298323	0.2219928852145022	-0.2960920616348131	-0.5131848076608477	-0.5308762285827	0.746402210390333	-0.1025420026578923	-0.1517418939658842	-0.3456641959068384	0.1076736015080161	0.6861526122469607
0.1779862145368463	0.5515640368352266	-0.0192752273706226	-0.1586260833763862	0.3945339259212708	0.5033549894302645	0.6319386041832753	0.418972305254021	0.3267045602521142	0.3867804380617073	0.1941559133716494	0.0202614707574084	0.3032189090316575	0.1415700436134606	0.1277143590175812	1.0	0.4612310620995139	0.3694179582841067	-0.1561602610463193	0.4745058787182679	0.4744699896561218	-0.0061799505604214	0.1978758789558175	0.3442195541621841	0.4097719730209956	0.4733114398218864	0.3685896377540177	0.2192392493267272	0.5109507530211697	0.198138234823442	0.2922771177104658	0.5056379328915085	0.2749465409704725	0.0014303904711997	0.3274310259308769	-0.0639393168559775	0.1340717005801473	0.3902000473579289	0.3878334374783725	0.3290551698855962	0.2964295584726341	0.5103983573915549	0.4711562486007817	-0.2420233944540482	0.0291063869465243	0.1816674870123567	-0.2607883192888098	0.253240842550073	0.0253830877802886	-0.292101834757731	0.2221264942401137	-0.0246094711723639	0.2902346833125086	0.3633937184622906	0.0936759090940223	0.2267716945464526	-0.1025325012504221	0.2208688017075902	0.1019434248966592	-0.122722094058905	0.3843571223247946	-0.1860969484365072	-0.1379492553785928	0.0011044253553969	-0.0408480272981846	0.1204657259116085	-0.1553121895130322	0.0092469780234321	0.0728946152957346	0.1929408785213452	-0.2607955188355613	0.1706323445483843	-0.2214601517794564	-0.0864454974409204	0.248041235942489	0.1758226718094283	0.1877478355657458	0.125885664948426	0.0379786351070243	-0.0286197716652588	0.1646349978622778	-0.2349024620951942	0.1734808465348712	0.2827049225199574	-0.2691060373082557	0.2145923276973491	-0.0365602483097243	0.1895447780874319	0.3479148531369888	0.0212580480893639	0.2884540108775043	0.2184205904441759	0.045333975150041	-0.1359673453528261	-0.1859582533143952	0.4786227641376698	-0.1107209030170084	-0.0751869255817206	0.0091141491620581	-0.0972686834795914	0.1179485913467871	-0.1949257616389849	0.1405134660342232	-0.0092469310254297	0.2254120551602311	-0.0834091489392049	0.0743005363023559	-0.2940960554413142	0.328971494378335	0.2375588401528455	0.5209778385999017	0.167285248311111
0.0443713785724552	0.4339772632812165	-0.0098782167292849	0.0851973165998498	0.2155949237162681	0.2333771908616779	0.3769422945024986	0.3592768058223247	0.358894136402263	0.2429516393386325	0.4185560370796423	-0.0273496570958388	0.3136503199813463	0.2561964770048273	0.303634643011527	0.4612310620995139	1.0000000000000002	0.4728034727032178	-0.0689174932485072	0.4755020894984003	0.3703832075727388	-0.0239177544465814	0.2868325956602003	0.1470100378908147	0.1567795397012226	0.3556148177585467	0.287759620453745	0.3192900287735365	0.3760072879089688	0.3333496768677473	0.359746713675609	0.5122630874808298	0.454825816758806	-0.0571208281148825	0.2757505804637737	-0.1210462356655804	-0.0287530097836334	0.2246758650855161	0.2346856098165112	0.0985805296024139	0.087084385497519	0.2938836021096483	0.4677756318576598	0.0045473561370969	0.0650601353135844	0.0463083291539025	0.0610166307355734	0.0806830079556175	0.2690948550124623	-0.0935890478881568	0.0628489583405134	0.0524355957016453	0.3353335499750906	0.3167120409033623	0.3497522132308906	0.1410342203921799	0.1345068237249305	0.3964215464727129	0.0400162102315091	-0.0474181606927989	0.2810856424491221	-0.0332018333957062	0.061591250407314	0.0098067086791123	0.0809350238733379	0.0470359204645821	0.0565173182167956	0.0968365936509422	0.0697327844914368	0.0716813787155855	-0.022629978504547	0.3100936267170181	-0.0643864188635453	0.1145398972443986	0.2584779876011254	0.2314869869854029	0.2981045540891955	0.0546884708797169	0.1885010769549539	0.0782923134635281	0.0335701425005394	0.0523195700186102	-0.0030039703637715	0.3523879156005217	-0.0783214254832034	0.0345300547007929	0.1034154671369606	0.3202411782742596	0.2653162817675556	0.3241718023218334	0.175351275991821	0.276571093050423	0.182768995686013	-0.0175099101154727	-0.0470306231725526	0.3715427527807199	0.0643778661918746	0.1529587663231452	0.0030311440571381	0.0130356466298972	0.0377918504000368	0.0132765025906496	0.2179104626251834	0.0225561209333369	0.0675572263221747	-0.0270552558021068	0.2226047818801779	-0.0900355096635665	0.2691811035353338	0.1769814221963838	0.4263515415849972	0.3610549746528523
-0.2891684779607752	0.534837033165404	0.0140066030845088	0.3009371332785823	0.1665052528743851	0.209668401359565	0.4407257333212711	0.2660403388663204	0.6352912841027382	0.4347068748639845	0.4640100266265765	0.1178155266160791	0.6585903521459212	0.5761208095756807	0.6166990280969942	0.3694179582841067	0.4728034727032178	1.0	0.0597070510764603	0.262405969123293	0.5230056109832545	-0.0205061111937361	0.1032989358954407	-0.0064978577552802	0.0789581329618536	0.5017516952174605	0.2277942514212337	0.599223000559319	0.3938069762720226	0.6397423549765815	0.4300710666922742	0.182243595695183	0.8523288368049121	0.1166517715212497	0.2838602075915471	0.0374797511482454	0.095581928035884	0.4187820061840319	0.3461504209923404	0.2333043871587438	0.333974114653714	0.182989915499213	0.5488876370092374	0.1761835955175898	-0.109366414918472	-0.1511482102110453	-0.0663729164290105	-0.2790047518801189	0.2709302561045271	-0.2338916889871467	-0.2219053500292614	0.134368088750072	0.1485269318324728	0.1359950030028204	0.3976176898029094	-0.0735807499022056	0.351549928635231	0.5670750935474683	-0.1880743269805566	-0.0999595199952109	0.2068191710768878	-0.1556028063554173	0.2358681615533704	-0.2998659503389981	-0.1031465709783396	-0.2165175264654849	-0.1931702115329828	0.2044378223890265	-0.1725274451435049	-0.1722907432696181	-0.2457240023684094	0.5114012297778465	-0.2809549989651008	0.0880639360546811	0.3325328930420259	0.225171680911799	0.5048932054099231	-0.2014967252269028	0.3796278340271482	-0.1376458895432775	-0.1632824804077536	-0.0292455178914841	-0.3091360194835486	0.3934773212514132	-0.1736219400212745	-0.2232957774082978	0.1178137929009856	0.1093969741859856	-0.0019616669367701	0.480883949649401	0.0693297790607955	0.6158289021429837	0.5502397871089948	-0.0912884820057787	-0.1057942242135258	0.3899237058169193	-0.0471977515316575	0.251244524473886	-0.3442210651853841	-0.2238538143296078	-0.1689922971449757	-0.1846355503143831	0.127032802838143	-0.1981136746049815	-0.1681286526702448	-0.2973315946068123	0.4684910939989672	-0.2761528489344517	-0.029528126618388	-0.2025504071417807	0.2835010318165624	0.5949983063249551
