2.0	20.24947368421053	21.13853107344633	14.557162771627716	0.0	14.938922470433642	6.150404313929618	6.838642857142858	10.176547595290362	13.75328649702511	25.890181818181823	18.53333333333333	17.131	4.675111620077817	15.017500000000002	19.477080291970804	21.22439024390244	28.44390243902439	23.703716075156574	16.19938223938224	15.312121212121212	11.570020876826725	16.405373309817755	11.066373626373627	25.2	24.901709515859768	26.15204131824889	14.344827687344187	3.947328496596543	5.8534981434748365	0.0	16.612727272727273	10.878120805369129	12.27530644316396	24.82014598540146	28.418181818181814	30.901176470588236	30.262857142857143	0.0	30.2	24.742781748213307	31.64444444444445	12.891296296296296	29.104545454545452	51.92	0.0	0.0	29.446356589147285	31.72000000000001	25.72740740740741	35.6	42.0	41.95	27.856	23.350091743119265	18.369411764705884	30.262580645161297	22.649436253252382	0.0	36.75	34.112432432432435	24.38664015904573	26.827610619469027	23.606208304969368	45.52	44.14	25.862857142857145	26.021176470588237
20.24947368421053	0.0	7.787194719471948	20.520000000000003	0.0	24.511666666666667	20.46982062780269	25.22831168831169	12.065019305019304	26.56235294117647	10.7011583011583	18.21333333333333	10.58612676056338	23.414638447971782	19.195874439461885	12.746686496133254	8.698724795640327	12.001973094170404	7.372721311475411	0.0	16.116329411764706	5.376279513591544	9.725980952380953	14.649429887705155	3.784643740602416	8.246020913593837	5.840226510067114	17.971353874883288	20.33243047158404	19.621488277268096	13.354074074074074	28.5	20.144761904761904	8.302815884476535	0.0	3.058122827346466	11.594497041420118	0.0	0.0	0.0	26.68	35.56	0.0	0.0	25.640000000000004	0.0	0.0	39.42	0.0	10.080000000000002	14.218554216867467	18.24	14.572307692307694	0.0	25.54	2.733623188405797	12.6993006993007	26.8	7.1	13.96731182795699	11.056738247243182	25.01	0.0	0.0	0.0	0.0	0.0	0.0
21.13853107344633	7.787194719471948	0.0	26.596666666666664	0.0	25.82294117647059	18.08639360056053	25.392142161635835	17.39636363636364	25.35233802816901	14.882962962962964	0.0	32.20545454545454	23.57581251210537	29.655	17.16179104477612	7.525466589989162	16.146086956521742	12.507889022919182	30.856	11.59071977418849	9.044344422700588	7.880868991480857	17.21295094339623	10.74	7.898609729066943	7.09208395612724	12.071393295175795	24.838675496688744	16.311705959876996	14.16	35.473333333333336	28.840000000000003	8.967123740294069	31.512380952380955	10.59871224165342	18.384042651831248	0.0	0.0	45.0	32.107234042553195	40.68666666666667	18.185333333333336	38.84	0.0	0.0	0.0	36.406486486486486	0.0	25.97357466063349	20.752665964172817	28.910000000000004	23.589411764705883	0.0	29.14766208251473	13.359638336347198	20.05077417470056	27.778579881656803	20.04666666666667	20.049615384615382	17.262022493059153	30.391196172248804	29.97272727272728	28.82949602122016	0.0	0.0	26.129090909090912	21.463703703703708
14.557162771627716	20.520000000000003	26.596666666666664	0.0	26.56	10.331868953386104	9.377718832891247	13.778085381630012	11.430222241551776	5.0996752626552055	30.84727272727273	6.488975772765246	24.01215189873418	17.96603951081844	14.27053391053391	20.110000000000003	0.0	36.29600000000001	0.0	2.953697597042514	19.84	16.102222222222224	22.712	4.706145368449725	0.0	31.920000000000005	25.486938775510204	3.256086829553197	18.092490966823608	15.367058823529414	0.0	26.51272727272728	16.662068965517243	18.392359893252	29.812	0.0	39.2	30.84043967280164	0.0	32.624347826086954	28.62755274261604	30.51027027027028	15.769536594810896	31.39912259615385	42.78666666666668	26.20447688564477	0.0	32.076279069767445	26.844	35.78	0.0	46.28	47.33333333333333	30.08862917398946	30.18857142857143	0.0	39.36	25.20041787063792	0.0	52.18000000000001	48.434285714285714	30.213268219383924	33.80918032786885	30.43	0.0	43.1	35.36	37.61272727272728
0.0	0.0	0.0	26.56	0.0	3.0747106325706595	22.03333333333334	3.78302066772655	0.0	23.24909090909091	12.6	19.16103896103896	5.26	7.0765714285714285	2.4757325746799435	0.0	0.0	18.74	15.12	22.92888888888889	0.0	20.880000000000003	0.0	0.0	0.0	0.0	22.984	25.805714285714288	4.174281437125749	21.74	0.0	2.860864082770885	0.0	2.9103247863247863	0.0	0.0	0.0	0.0	0.0	0.0	0.0	0.0	0.0	0.0	0.0	0.0	0.0	0.0	0.0	0.0	0.0	0.0	0.0	0.0	0.0	0.0	0.0	0.0	0.0	0.0	0.0	0.0	0.0	0.0	0.0	0.0	0.0	0.0
14.938922470433642	24.511666666666667	25.82294117647059	10.331868953386104	3.0747106325706595	0.0	7.859268560488753	5.110869868842324	12.556552845528456	6.9009625523793305	17.256438356164384	6.251501165585413	6.096135125818684	7.730205639034272	5.051710436794122	19.306849315068497	33.485925925925926	25.2	21.87377777777778	7.74712756914627	19.952800000000003	17.640840336134453	21.82015503875969	9.673170201196305	23.3	29.8675	24.639853801169597	9.817561957720148	12.005645103288447	17.42311270125224	26.526666666666664	4.149122769469488	18.54794520547945	7.725046363590797	31.686666666666667	0.0	40.89333333333334	32.16461538461539	0.0	39.16	30.47306358381503	34.78702702702703	18.293877551020408	32.41357142857143	42.21333333333333	31.410000000000004	0.0	35.839215686274514	0.0	29.782857142857143	0.0	0.0	34.24	31.075	30.982857142857146	25.39384615384615	35.120000000000005	27.169226006191952	0.0	39.82000000000001	34.66285714285714	30.580054200542	32.60272727272728	30.51093333333333	0.0	46.98	30.296	32.664
6.150404313929618	20.46982062780269	18.08639360056053	9.377718832891247	22.03333333333334	7.859268560488753	0.0	10.439477384944048	9.931384379572217	4.192245234683687	27.8136	13.510736842105263	20.351903807615237	8.874973630359193	14.633963963963964	13.514308801048264	26.205612943372746	33.276363636363634	28.576183206106872	16.60292682926829	13.62124551272046	12.595810465595385	15.22277090612875	7.864823755737217	27.58608695652174	25.68716032353126	18.772384724133737	6.441951104263485	14.16927573879104	6.859577081465377	31.4	22.982589531680443	13.402540578687368	14.60356945259452	25.234836992681306	24.281290322580645	31.69621621621622	29.3776695652174	0.0	32.915733333333336	25.241048003970786	30.913181818181823	13.387608465608466	29.51223300970874	42.10190476190476	25.663589743589743	0.0	30.238021327014216	30.99636363636364	25.58830769230769	34.71111111111112	43.64857142857143	40.86709677419355	28.064250559284112	24.342499094530968	19.02821963394343	29.96848484848485	23.28261676185847	47.66	41.46666666666668	30.50798367346939	25.230451395535816	27.472019259705085	24.648483028720623	0.0	41.49666666666667	26.25069597069597	28.07705627705628
6.838642857142858	25.22831168831169	25.392142161635835	13.778085381630012	3.78302066772655	5.110869868842324	10.439477384944048	0.0	11.78974451343793	11.830951361372051	14.561800391389434	13.621889656378425	6.40371557532544	4.370919375977678	7.2421193394792835	21.850023866348447	29.38073917634636	21.72756756756757	23.96695035460993	14.664445821895567	20.22396961063628	17.621586847748393	21.474579945799466	11.162391716125772	26.380000000000003	30.80161678178563	27.309018770028995	13.913220996484425	10.26933286475722	13.580621298550303	22.04	4.444563746438747	16.57155060352832	5.099108538350217	30.37696969696969	29.45777777777778	36.47897435897436	29.526167400881057	0.0	33.29333333333334	28.45744897959184	31.521926782273606	14.551546123863144	29.818934911242604	45.46	25.251666666666665	0.0	34.72166233766234	29.35	29.652702702702705	41.46181818181818	49.176	43.32727272727273	28.334180602006693	29.29073529411765	23.70526315789474	34.35979057591624	25.068480780964	0.0	42.59466666666667	38.007238095238094	28.886975274214542	31.657659574468084	29.426475814412637	0.0	36.2	29.267755102040816	33.998554216867475
10.176547595290362	12.065019305019304	17.39636363636364	11.430222241551776	0.0	12.556552845528456	9.931384379572217	11.78974451343793	0.0	14.023572902983672	27.765333333333334	4.238497319705525	19.818202247191014	12.98267313719543	3.375995126496094	6.614961832061068	21.545263157894738	24.91428571428572	24.186	11.305001190759704	10.995345454545454	4.624323385644456	16.638938053097345	6.443524035886449	17.377432835820898	24.266804123711346	18.53258641239571	10.708078237849232	10.804687009352175	9.790354920726791	30.160000000000004	23.844705882352944	10.429099360836725	12.44553911205074	13.876381909547735	16.6	19.74	17.325436893203882	0.0	19.58	14.510190801365738	19.38165853658537	2.3180310793784127	17.92514513899555	30.290000000000003	12.307282728272828	0.0	18.90070588235294	13.433333333333334	12.19409523809524	22.54	33.795	29.825	16.644784422809458	12.652304199772985	2.703220512820513	18.80477064220184	11.668677472936595	0.0	29.982857142857146	27.81714285714286	15.021651376146789	15.914441087613294	12.749844430616056	0.0	29.360000000000003	15.629787234042556	15.982677165354332
13.75328649702511	26.56235294117647	25.35233802816901	5.0996752626552055	23.24909090909091	6.9009625523793305	4.192245234683687	11.830951361372051	14.023572902983672	0.0	29.264847801578355	5.33204670266279	22.07399837207199	16.52753027401029	15.799905258171483	17.53341935483871	33.74328358208955	34.8415037593985	33.191807228915664	3.4208119917276982	18.532888888888888	17.041308411214953	20.49867841409692	10.378163858629025	33.36666666666667	33.64110497237569	26.709213483146065	6.1121566047047216	19.1743868906186	15.779600614439325	36.70769230769231	24.313415906127773	17.38248101265823	18.853374916213603	30.757391304347827	23.84	43.99058823529412	32.92740158825036	0.0	35.433103448275865	30.27011681056373	32.62472545757072	17.854929070506035	33.43088215024122	46.5	28.62914185639229	52.120000000000005	33.56673366834171	30.12914285714286	31.07555555555556	0.0	49.760000000000005	48.37666666666667	32.13443188951664	30.370704225352117	22.815384615384616	36.715	26.72594480901902	55.24	49.0	45.75891891891892	31.996259356879285	35.26066420664207	29.69240174672489	0.0	41.705	33.47692307692308	39.64528301886793
25.890181818181823	10.7011583011583	14.882962962962964	30.84727272727273	12.6	17.256438356164384	27.8136	14.561800391389434	27.765333333333334	29.264847801578355	0.0	27.39776649746193	4.026489227430748	14.602752198654944	13.965	25.085	10.792508361204014	3.649360789160701	3.946921165125758	28.457142857142863	20.79622448979592	18.674146341463416	14.941309523809522	29.56102564102564	5.002382229227883	4.782645719781982	7.378898047722343	30.431428571428576	11.73336263736264	23.19723951285521	4.861899518238128	12.71485380116959	0.0	4.2234726344737314	39.7	10.866666666666667	28.06	0.0	0.0	0.0	40.6	0.0	0.0	47.16	14.289881678020796	44.32000000000001	15.282997881355934	45.013333333333335	0.0	0.0	23.58888888888889	17.056243336469116	17.981757209926226	0.0	37.85846153846154	0.0	29.173333333333336	0.0	12.636982456140352	17.2200946891725	16.90817616084251	42.35	32.480000000000004	36.642857142857146	17.612956636005258	0.0	0.0	25.72
18.53333333333333	18.21333333333333	0.0	6.488975772765246	19.16103896103896	6.251501165585413	13.510736842105263	13.621889656378425	4.238497319705525	5.33204670266279	27.39776649746193	0.0	19.66458181818182	19.215577130528587	5.844988665803109	0.0	32.324	32.56	31.12287425149701	3.5462225832656378	41.040000000000006	10.9727868852459	26.840000000000003	4.202904516866782	34.75	32.92625	33.74475750577368	9.049743150684932	20.052013510515028	20.895000000000003	35.032	20.87751221679254	14.12	18.24211963438621	0.0	35.760000000000005	0.0	24.87298578199052	0.0	0.0	26.18	20.360000000000003	9.34340775558167	25.374181818181818	0.0	18.183589743589742	0.0	20.9	0.0	0.0	0.0	0.0	42.013333333333335	23.482	27.146666666666665	0.0	23.58	19.323522012578614	0.0	46.06666666666668	44.16	25.195714285714285	20.8	26.160000000000004	0.0	0.0	0.0	44.440000000000005
17.131	10.58612676056338	32.20545454545454	24.01215189873418	5.26	6.096135125818684	20.351903807615237	6.40371557532544	19.818202247191014	22.07399837207199	4.026489227430748	19.66458181818182	0.0	7.553930673642904	5.249104895104895	27.416470588235292	18.70388888888889	5.620263351380255	9.17858627858628	21.39795304033715	28.72923076923077	19.24713513513513	25.790344827586203	22.37106109324759	4.719045242629194	2.8742299484723888	5.075172623737555	23.682375397667023	7.796494129320325	22.947654320987656	2.8813824127341148	6.87974727168294	19.756	6.43977430616779	34.71333333333334	12.83214285714286	34.78	0.0	0.0	0.0	34.25113924050633	44.18666666666668	21.04	0.0	15.470369149637444	50.48	17.249791002479633	42.49	0.0	51.36	26.292549019607844	17.358991125642227	19.08530386740332	0.0	40.940000000000005	14.0	37.13714285714286	33.71724137931035	14.55461818181818	17.088062709966405	17.995872667398466	35.64848484848485	37.00571428571429	34.308837209302325	18.12262230919765	0.0	30.08	6.714444444444444
4.675111620077817	23.414638447971782	23.57581251210537	17.96603951081844	7.0765714285714285	7.730205639034272	8.874973630359193	4.370919375977678	12.98267313719543	16.52753027401029	14.602752198654944	19.215577130528587	7.553930673642904	0.0	6.404074395040331	21.230195227765726	25.56252727272728	20.46077669902913	21.517278712509142	19.412259382943727	18.12791907514451	14.98568716681836	19.12859719018662	13.225439726027398	25.649	28.079904099736275	26.35620022753129	17.246485973709177	5.900350647607543	11.3919096412604	22.8	6.89411320754717	14.84787018255578	6.968520613510281	28.591739130434785	27.76615384615385	34.23433333333334	31.02888178913738	0.0	36.48848484848485	28.549078716270163	33.90441791044776	15.966027906976745	31.27421052631579	48.0	27.08857142857143	0.0	33.34882119205298	33.77	27.59217877094972	37.24878048780488	47.66	37.498666666666665	29.33191489361702	26.65481975967957	21.58820512820513	32.47510548523207	25.775010087424345	0.0	38.26039215686275	35.58800000000001	27.959973770491803	30.545500705218625	27.21652329038652	0.0	44.48800000000001	28.26666666666667	29.841012658227847
15.017500000000002	19.195874439461885	29.655	14.27053391053391	2.4757325746799435	5.051710436794122	14.633963963963964	7.2421193394792835	3.375995126496094	15.799905258171483	13.965	5.844988665803109	5.249104895104895	6.404074395040331	0.0	28.76	37.64	19.725970149253733	19.015882352941176	12.550279437893716	30.360000000000003	11.727611940298509	28.74	7.450608602534356	23.826666666666664	22.003030303030307	23.752702702702702	15.800171184022826	8.485132437109012	15.103272727272728	20.37333333333333	9.042131147540983	19.668571428571436	5.582643752902927	24.493333333333336	0.0	43.440000000000005	39.940000000000005	0.0	0.0	25.879836065573773	30.589090909090917	14.00952380952381	34.760000000000005	0.0	0.0	46.28	29.97	0.0	25.0	0.0	0.0	41.92	0.0	25.24	17.17	25.706666666666667	23.039560439560443	0.0	36.9	30.920000000000005	25.58701986754967	27.77290322580645	23.75611650485437	0.0	0.0	29.12	30.98
19.477080291970804	12.746686496133254	17.16179104477612	20.110000000000003	0.0	19.306849315068497	13.514308801048264	21.850023866348447	6.614961832061068	17.53341935483871	25.085	0.0	27.416470588235292	21.230195227765726	28.76	0.0	21.558913043478263	29.46	22.803636363636365	0.0	12.23433955923945	6.052890410958904	4.002116722267994	5.668394375976393	18.313764258555132	22.85214285714286	5.757610012977403	6.248669724770642	18.4832	11.900726400548226	0.0	32.8	14.354285714285714	10.18019119608715	23.82	21.026666666666664	25.913482142857145	0.0	0.0	39.053333333333335	27.251428571428573	30.500952380952384	10.93777777777778	32.46	33.8	0.0	0.0	28.28324324324324	0.0	19.355353574321978	27.05289256198348	35.981818181818184	29.32340425531915	0.0	20.524303858135635	10.128044246428022	20.242559575281035	21.651309589041094	34.2	31.052786885245904	21.09370569280344	20.579965811965813	23.404615384615383	20.56298775918061	0.0	0.0	18.564615384615387	17.90606741573034
21.22439024390244	8.698724795640327	7.525466589989162	0.0	0.0	33.485925925925926	26.205612943372746	29.38073917634636	21.545263157894738	33.74328358208955	10.792508361204014	32.324	18.70388888888889	25.56252727272728	37.64	21.558913043478263	0.0	9.590095969289829	4.87548254985755	32.8	10.501759424161474	16.967857142857145	4.866154888352058	25.31244532803181	9.97609756097561	8.11854394438824	11.289180008082567	20.92389228886169	18.795979672501414	13.424366206030152	14.76153846153846	17.621818181818185	22.465	5.545162284196548	41.61333333333333	11.836053811659191	19.09869451697128	0.0	0.0	45.52	37.61636363636364	43.096	25.826666666666664	0.0	31.68	0.0	25.546666666666667	41.96	0.0	31.057391304347828	21.534916387959868	25.880000000000003	20.75424703891709	0.0	34.82692307692308	24.104444444444447	28.39414634146341	34.79757575757576	16.870769230769234	20.009907881269196	19.585665612071065	35.94608695652174	36.64666666666667	35.49454545454546	0.0	0.0	0.0	25.69333333333333
28.44390243902439	12.001973094170404	16.146086956521742	36.29600000000001	18.74	25.2	33.276363636363634	21.72756756756757	24.91428571428572	34.8415037593985	3.649360789160701	32.56	5.620263351380255	20.46077669902913	19.725970149253733	29.46	9.590095969289829	0.0	3.5909202845838584	34.361176470588234	21.39040590405904	19.83809523809524	15.638436781609196	33.42461538461539	8.346538785125357	7.004562045215768	9.431014581979456	33.33513513513513	17.604307692307692	23.109963459196106	7.264143518518519	19.032352941176477	0.0	10.313130862821584	39.34	13.68820512820513	31.635555555555563	0.0	0.0	0.0	42.82666666666667	47.120000000000005	0.0	0.0	17.426367041198503	0.0	18.218879345603277	45.65	0.0	41.36	24.8375	19.814473915334624	19.13082133784928	42.92	36.54857142857143	22.96	33.91428571428572	43.31	15.837339246119734	19.609575417148523	18.95455307064253	43.27636363636364	0.0	35.91428571428572	20.1581684981685	0.0	0.0	24.85
23.703716075156574	7.372721311475411	12.507889022919182	0.0	15.12	21.87377777777778	28.576183206106872	23.96695035460993	24.186	33.191807228915664	3.946921165125758	31.12287425149701	9.17858627858628	21.517278712509142	19.015882352941176	22.803636363636365	4.87548254985755	3.5909202845838584	0.0	32.89828571428572	15.91424375917768	18.215151515151515	9.238064337726978	27.2127731092437	8.414806892453953	6.218497031154902	9.12302075351558	25.249122807017542	17.495023386342375	16.90766072393301	8.826699029126214	16.738076923076925	31.666666666666668	7.87826187419769	40.33	10.705507246376811	23.47822222222222	0.0	0.0	32.28	41.378	0.0	0.0	41.720000000000006	18.145989847715736	44.30666666666667	18.396071428571428	42.96571428571429	30.140000000000004	0.0	22.89925925925926	20.600441640378552	19.285680672268903	40.4	35.68333333333334	33.160000000000004	31.985454545454548	37.95666666666666	15.719863945578233	19.56945926226186	18.83902983559976	41.80666666666667	32.448	37.78153846153846	20.70315789473684	0.0	0.0	23.97714285714286
16.19938223938224	0.0	30.856	2.953697597042514	22.92888888888889	7.74712756914627	16.60292682926829	14.664445821895567	11.305001190759704	3.4208119917276982	28.457142857142863	3.5462225832656378	21.39795304033715	19.412259382943727	12.550279437893716	0.0	32.8	34.361176470588234	32.89828571428572	0.0	26.08	19.08	24.6	6.233409742120345	32.08	35.27034482758621	35.1018487394958	4.601874013836631	20.361013856885837	18.992727272727272	37.13714285714286	23.552616632860044	20.12333333333333	19.197036042944784	32.35	0.0	44.760000000000005	32.457891290111334	0.0	34.220000000000006	30.820450160771703	32.443673469387754	17.12178241670012	32.871702602230485	47.36	27.905838509316773	0.0	33.052800000000005	28.53	0.0	0.0	0.0	0.0	31.51315855181024	32.2	0.0	39.120000000000005	26.67118052365641	0.0	50.46	46.75	32.1292027334852	34.932	35.1	0.0	42.32000000000001	33.160000000000004	40.376
15.312121212121212	16.116329411764706	11.59071977418849	19.84	0.0	19.952800000000003	13.62124551272046	20.22396961063628	10.995345454545454	18.532888888888888	20.79622448979592	41.040000000000006	28.72923076923077	18.12791907514451	30.360000000000003	12.23433955923945	10.501759424161474	21.39040590405904	15.91424375917768	26.08	0.0	9.972619806229272	8.50438404220244	12.823658536585365	22.50980392156863	17.812074947952812	15.827537580619005	4.3396785370978925	13.793515151515152	7.582806342644427	24.96	30.2	13.623809523809523	5.876879753883321	24.86740740740741	17.404137931034484	26.717732997481107	32.28	0.0	0.0	27.962985074626868	31.27238095238096	16.50095238095238	32.333333333333336	38.34	0.0	37.56	30.531	0.0	20.517764361852656	28.32235294117647	37.82736842105264	31.124507042253526	0.0	22.754778213507628	12.802395185952452	23.010501832534537	22.89303656597774	31.360000000000003	32.499591836734695	23.91415454251536	22.856735057983943	25.173333333333336	22.625082756192043	0.0	0.0	20.251818181818184	19.6352
11.570020876826725	5.376279513591544	9.044344422700588	16.102222222222224	20.880000000000003	17.640840336134453	12.595810465595385	17.621586847748393	4.624323385644456	17.041308411214953	18.674146341463416	10.9727868852459	19.24713513513513	14.98568716681836	11.727611940298509	6.052890410958904	16.967857142857145	19.83809523809524	18.215151515151515	19.08	9.972619806229272	0.0	10.219276070315804	6.891711604095564	11.03925	17.47649523809524	8.093747279477661	10.008380097268986	11.493243861072193	10.11516596045198	21.496	25.696470588235293	10.398836689038031	9.053074014046462	17.22222222222222	3.997358490566038	14.636790123456793	0.0	0.0	31.4	20.709253731343285	23.567272727272726	5.203265306122449	0.0	25.96	0.0	0.0	23.455652173913045	34.88	10.87874507426493	17.04571428571429	29.160000000000004	18.66933333333333	0.0	13.084487102579484	2.3975149521531103	13.74969755719271	13.907071320182094	0.0	23.30266666666667	11.306852589641435	14.943707440100884	15.748571428571427	13.878518518518522	0.0	0.0	11.031428571428572	10.899166666666668
16.405373309817755	9.725980952380953	7.880868991480857	22.712	0.0	21.82015503875969	15.22277090612875	21.474579945799466	16.638938053097345	20.49867841409692	14.941309523809522	26.840000000000003	25.790344827586203	19.12859719018662	28.74	4.002116722267994	4.866154888352058	15.638436781609196	9.238064337726978	24.6	8.50438404220244	10.219276070315804	0.0	12.096366308981334	24.596	12.75281506304038	12.074116206917784	8.997267171661727	16.22741150442478	8.755630873789844	28.68	30.186666666666667	20.663529411764703	6.845453580901856	27.657142857142865	12.484422984065668	20.05057200811359	35.38	0.0	43.42	30.953728813559326	37.040000000000006	18.3176	35.8	0.0	0.0	0.0	35.34264150943396	0.0	19.085065284073945	22.98626702997275	35.56615384615385	27.45619047619048	0.0	22.5458338658147	11.855417513741436	21.373305143440383	26.829973890339424	25.53	25.769336870026528	20.213836777865456	28.41128660159716	29.858028169014084	24.13701726844584	0.0	0.0	26.7675	21.17655172413793
11.066373626373627	14.649429887705155	17.21295094339623	4.706145368449725	0.0	9.673170201196305	7.864823755737217	11.162391716125772	6.443524035886449	10.378163858629025	29.56102564102564	4.202904516866782	22.37106109324759	13.225439726027398	7.450608602534356	5.668394375976393	25.31244532803181	33.42461538461539	27.2127731092437	6.233409742120345	12.823658536585365	6.891711604095564	12.096366308981334	0.0	20.25118881118881	26.561755196304848	14.671282869280944	4.215782470454137	12.98469237369404	11.315742020910715	31.68	24.943366336633662	11.482271604938273	12.555450816094964	23.71085324232082	32.67428571428572	28.18057831325301	26.523172771848863	0.0	30.16057971014493	23.75910015074794	28.363113978494624	11.324495047250371	26.725588792124192	41.98514285714286	22.617757847533632	0.0	28.98617605961808	28.21727272727273	20.48731462925852	31.17714285714286	41.61176470588235	40.02434782608695	25.395033025099075	20.900531753266485	12.141837339479752	23.66984924623116	21.47201122067324	0.0	36.3401652892562	31.91706563706564	23.33794123059935	25.96601425793908	22.350824853043424	0.0	38.010909090909095	24.23257328990228	25.506089466089467
25.2	3.784643740602416	10.74	0.0	0.0	23.3	27.58608695652174	26.380000000000003	17.377432835820898	33.36666666666667	5.002382229227883	34.75	4.719045242629194	25.649	23.826666666666664	18.313764258555132	9.97609756097561	8.346538785125357	8.414806892453953	32.08	22.50980392156863	11.03925	24.596	20.25118881118881	0.0	7.847436974789917	6.658132321142448	24.525925925925925	21.746382978723407	24.231746031746034	8.848487394957983	18.380000000000003	0.0	4.918098245614035	0.0	5.619603753910324	20.23	0.0	0.0	35.2	36.25454545454546	31.4	40.84	38.89	8.062662861397197	40.626666666666665	8.995456711675933	34.986666666666665	25.34	36.08	17.550526315789476	12.054058078927774	13.662489510489513	38.992	29.636000000000003	10.994285714285713	26.564444444444444	37.98	6.747269890795631	12.953558555044085	12.21037091805299	36.075	23.72	30.764000000000003	12.10643188137164	0.0	0.0	19.02074074074074
24.901709515859768	8.246020913593837	7.898609729066943	31.920000000000005	0.0	29.8675	25.68716032353126	30.80161678178563	24.266804123711346	33.64110497237569	4.782645719781982	32.92625	2.8742299484723888	28.079904099736275	22.003030303030307	22.85214285714286	8.11854394438824	7.004562045215768	6.218497031154902	35.27034482758621	17.812074947952812	17.47649523809524	12.75281506304038	26.561755196304848	7.847436974789917	0.0	7.566074105238441	21.73121066501318	23.24375629231037	20.716429452900044	3.205938055581548	22.513469387755105	25.8648275862069	9.636580217365715	38.790000000000006	10.839136690647482	20.354689265536727	44.24	0.0	38.42666666666666	40.39858823529412	44.5323076923077	27.875	44.46666666666668	17.696754176610977	43.736	18.23121951219512	41.805263157894736	28.968	32.59034482758621	19.831240875912407	20.03721254355401	18.73899475991873	42.38	36.425225225225226	27.732857142857146	31.315813953488373	38.149230769230776	15.061830822711476	18.86220846813898	17.820974973312776	40.25037037037037	37.057142857142864	37.03639344262295	20.535817805383022	0.0	37.32000000000001	21.831111111111117
26.15204131824889	5.840226510067114	7.09208395612724	25.486938775510204	22.984	24.639853801169597	18.772384724133737	27.309018770028995	18.53258641239571	26.709213483146065	7.378898047722343	33.74475750577368	5.075172623737555	26.35620022753129	23.752702702702702	5.757610012977403	11.289180008082567	9.431014581979456	9.12302075351558	35.1018487394958	15.827537580619005	8.093747279477661	12.074116206917784	14.671282869280944	6.658132321142448	7.566074105238441	0.0	16.73460177846511	23.139631474103588	21.616025939019867	3.0214946483180425	21.632236286919834	23.24225352112676	10.255989779919863	36.67866666666667	9.644289015032662	17.797727010203428	44.15333333333333	0.0	35.17473684210527	34.855571955719554	39.65831325301205	23.95234042553192	37.96510638297873	17.23611821086262	41.895	18.62467025572005	39.87490445859873	28.455384615384617	17.795721966956695	20.339692576038374	19.80645587541293	18.881299478877928	41.07600000000001	25.962980209545982	9.414589830508476	19.50017829539439	27.822157996146437	14.451275964391693	18.34859140838533	17.47902808969112	29.54238805970149	36.3	33.241348314606746	19.91902991107518	48.64	31.472	20.03142857142857
14.344827687344187	17.971353874883288	12.071393295175795	3.256086829553197	25.805714285714288	9.817561957720148	6.441951104263485	13.913220996484425	10.708078237849232	6.1121566047047216	30.431428571428576	9.049743150684932	23.682375397667023	17.246485973709177	15.800171184022826	6.248669724770642	20.92389228886169	33.33513513513513	25.249122807017542	4.601874013836631	4.3396785370978925	10.008380097268986	8.997267171661727	4.215782470454137	24.525925925925925	21.73121066501318	16.73460177846511	0.0	17.45134604180508	8.513244681523428	34.78	26.12738095238096	14.244529855868224	16.3792065355181	25.496591639871383	21.17777777777778	28.980404685836	32.15809523809524	0.0	34.16461538461539	26.03113065646909	31.647987987988	15.350692765304164	32.58591777128736	44.06952380952381	29.384438356164384	0.0	30.44720949489373	32.81904761904762	19.314846091861405	30.71911602209945	39.06285714285714	38.09518518518519	31.48630179028133	21.90228021295964	13.360719945221556	23.72987897125568	23.782795688599755	0.0	36.53325581395349	28.38153354632588	25.21512329962901	25.457328192333865	22.768528402730134	0.0	40.07384615384616	22.005142857142857	23.30322188449848
3.947328496596543	20.33243047158404	24.838675496688744	18.092490966823608	4.174281437125749	12.005645103288447	14.16927573879104	10.26933286475722	10.804687009352175	19.1743868906186	11.73336263736264	20.052013510515028	7.796494129320325	5.900350647607543	8.485132437109012	18.4832	18.795979672501414	17.604307692307692	17.495023386342375	20.361013856885837	13.793515151515152	11.493243861072193	16.22741150442478	12.98469237369404	21.746382978723407	23.24375629231037	23.139631474103588	17.45134604180508	0.0	5.902554239353016	19.32	2.801351042133015	3.150388297433358	4.9117790927021705	24.70880208333333	25.013333333333332	28.059574468085103	32.86826086956522	0.0	34.040000000000006	25.54424119863958	31.15199294532628	13.359972602739727	29.117391304347827	44.720000000000006	40.0	0.0	29.653494897959188	33.222857142857144	20.61081081081081	32.41034482758621	42.504	37.085	35.55111111111112	20.425120514193896	14.592802359882006	26.16688172043011	22.98580774175118	0.0	35.474782608695655	35.090500000000006	24.074452314697695	26.297268359643105	22.821875593132606	0.0	41.05333333333333	25.55304347826087	25.737491039426523
5.8534981434748365	19.621488277268096	16.311705959876996	15.367058823529414	21.74	17.42311270125224	6.859577081465377	13.580621298550303	9.790354920726791	15.779600614439325	23.19723951285521	20.895000000000003	22.947654320987656	11.3919096412604	15.103272727272728	11.900726400548226	13.424366206030152	23.109963459196106	16.90766072393301	18.992727272727272	7.582806342644427	10.11516596045198	8.755630873789844	11.315742020910715	24.231746031746034	20.716429452900044	21.616025939019867	8.513244681523428	5.902554239353016	0.0	28.765000000000004	23.381500000000003	8.124715848923405	5.939001802796772	24.28538104705103	21.11503448275862	28.220264317180614	31.10337078651685	0.0	33.1056880733945	24.980820212376425	31.41374080362196	12.7546975973488	29.18468319559229	45.0	29.337142857142855	0.0	29.558466686948588	34.86	19.68552540013918	31.949931972789116	43.290000000000006	34.9227067669173	30.7	21.675162461266048	15.0478582278481	23.567209971236817	21.85722406936567	31.20800000000001	32.27868544600939	29.306745562130185	23.802950421116613	24.924602774274906	22.84624702653248	0.0	42.23692307692308	22.47861671469741	25.00493023255814
0.0	13.354074074074074	14.16	0.0	0.0	26.526666666666664	31.4	22.04	30.160000000000004	36.70769230769231	4.861899518238128	35.032	2.8813824127341148	22.8	20.37333333333333	0.0	14.76153846153846	7.264143518518519	8.826699029126214	37.13714285714286	24.96	21.496	28.68	31.68	8.848487394957983	3.205938055581548	3.0214946483180425	34.78	19.32	28.765000000000004	0.0	21.4	0.0	11.7921157323689	0.0	15.14	0.0	0.0	0.0	0.0	0.0	0.0	0.0	0.0	18.890129870129872	0.0	19.76462365591398	49.28	0.0	0.0	28.26	21.109074889867845	21.1775	0.0	45.2	0.0	0.0	0.0	17.163076923076925	20.95535269709544	20.19979381443299	44.64	0.0	0.0	21.888333333333332	0.0	0.0	0.0
16.612727272727273	28.5	35.473333333333336	26.51272727272728	2.860864082770885	4.149122769469488	22.982589531680443	4.444563746438747	23.844705882352944	24.313415906127773	12.71485380116959	20.87751221679254	6.87974727168294	6.89411320754717	9.042131147540983	32.8	17.621818181818185	19.032352941176477	16.738076923076925	23.552616632860044	30.2	25.696470588235293	30.186666666666667	24.943366336633662	18.380000000000003	22.513469387755105	21.632236286919834	26.12738095238096	2.801351042133015	23.381500000000003	21.4	0.0	11.44	3.6014750925328536	40.28666666666667	0.0	0.0	0.0	0.0	0.0	37.39076923076923	43.96	25.453333333333337	0.0	0.0	0.0	0.0	44.2	0.0	0.0	0.0	0.0	0.0	0.0	36.17333333333333	0.0	50.4	37.152	0.0	28.0	0.0	39.22285714285714	46.78	36.86666666666667	0.0	0.0	34.84	0.0
10.878120805369129	20.144761904761904	28.840000000000003	16.662068965517243	0.0	18.54794520547945	13.402540578687368	16.57155060352832	10.429099360836725	17.38248101265823	0.0	14.12	19.756	14.84787018255578	19.668571428571436	14.354285714285714	22.465	0.0	31.666666666666668	20.12333333333333	13.623809523809523	10.398836689038031	20.663529411764703	11.482271604938273	0.0	25.8648275862069	23.24225352112676	14.244529855868224	3.150388297433358	8.124715848923405	0.0	11.44	0.0	3.0162641509433965	24.563333333333336	0.0	26.089090909090917	32.0	0.0	35.720000000000006	25.36721712538226	32.197500000000005	13.509655172413792	29.85	0.0	0.0	0.0	29.710833333333333	0.0	18.667368421052632	29.71	0.0	34.440000000000005	0.0	19.44888888888889	13.97777777777778	20.644705882352945	23.089241379310348	0.0	0.0	32.92	24.036281407035176	26.2140350877193	22.52158536585366	0.0	0.0	26.4	18.0
12.27530644316396	8.302815884476535	8.967123740294069	18.392359893252	2.9103247863247863	7.725046363590797	14.60356945259452	5.099108538350217	12.44553911205074	18.853374916213603	4.2234726344737314	18.24211963438621	6.43977430616779	6.968520613510281	5.582643752902927	10.18019119608715	5.545162284196548	10.313130862821584	7.87826187419769	19.197036042944784	5.876879753883321	9.053074014046462	6.845453580901856	12.555450816094964	4.918098245614035	9.636580217365715	10.255989779919863	16.3792065355181	4.9117790927021705	5.939001802796772	11.7921157323689	3.6014750925328536	3.0162641509433965	0.0	25.864137931034485	10.281993769470406	17.801526717557252	38.285	0.0	43.46	27.31631313131313	33.99529411764706	15.790857142857144	33.896	15.336470588235295	0.0	16.081818181818186	31.25916666666667	0.0	16.77273159144893	19.93060240963856	21.8512	19.335876923076924	41.78	18.876678200692044	9.691014492753624	19.07421188630491	24.866540027137045	15.23555555555556	19.238937381404178	17.651255961844196	26.97499377334994	28.87265306122449	23.79751503006012	18.1	0.0	26.78181818181818	22.932800000000004
24.82014598540146	0.0	31.512380952380955	29.812	0.0	31.686666666666667	25.234836992681306	30.37696969696969	13.876381909547735	30.757391304347827	39.7	0.0	34.71333333333334	28.591739130434785	24.493333333333336	23.82	41.61333333333333	39.34	40.33	32.35	24.86740740740741	17.22222222222222	27.657142857142865	23.71085324232082	0.0	38.790000000000006	36.67866666666667	25.496591639871383	24.70880208333333	24.28538104705103	0.0	40.28666666666667	24.563333333333336	25.864137931034485	0.0	22.656822429906544	21.307860696517416	14.38056359482102	0.0	16.280991735537192	8.049692673667012	10.4775983436853	11.08135333921742	12.009618687736175	19.175802469135803	12.992296296296296	30.043333333333333	4.343460972017673	12.773023255813952	14.95076923076923	19.23128787878788	26.93771428571429	21.34766146993319	13.01514563106796	14.755719249478805	12.923258426966294	16.774548551959118	11.305447284345048	26.56	24.758382642998026	26.95414364640884	13.09124742646022	3.271380423273674	6.503784832319916	25.0	16.220000000000002	8.172916666666667	11.170673135233477
28.418181818181814	3.058122827346466	10.59871224165342	0.0	0.0	0.0	24.281290322580645	29.45777777777778	16.6	23.84	10.866666666666667	35.760000000000005	12.83214285714286	27.76615384615385	0.0	21.026666666666664	11.836053811659191	13.68820512820513	10.705507246376811	0.0	17.404137931034484	3.997358490566038	12.484422984065668	32.67428571428572	5.619603753910324	10.839136690647482	9.644289015032662	21.17777777777778	25.013333333333332	21.11503448275862	15.14	0.0	0.0	10.281993769470406	22.656822429906544	0.0	7.754642771804062	32.282222222222224	30.08	26.77846153846154	23.985720081135906	27.93267326732673	14.342265698958665	30.682086956521736	7.624370860927153	29.80228571428572	6.026690391459075	26.587310344827596	21.6255	12.544717514124294	9.577646015456734	9.91645892351275	7.778845371500426	31.110769230769236	17.77578181818182	5.998635612423969	12.475066874027991	16.38655007514688	3.954272238598925	7.759521465012142	5.540876922612034	21.75107025607354	22.1571875	21.54779291553134	9.921463414634148	0.0	23.632	10.299632352941178
30.901176470588236	11.594497041420118	18.384042651831248	39.2	0.0	40.89333333333334	31.69621621621622	36.47897435897436	19.74	43.99058823529412	28.06	0.0	34.78	34.23433333333334	43.440000000000005	25.913482142857145	19.09869451697128	31.635555555555563	23.47822222222222	44.760000000000005	26.717732997481107	14.636790123456793	20.05057200811359	28.18057831325301	20.23	20.354689265536727	17.797727010203428	28.980404685836	28.059574468085103	28.220264317180614	0.0	0.0	26.089090909090917	17.801526717557252	21.307860696517416	7.754642771804062	0.0	25.711973684210527	0.0	27.455785440613028	19.0936060909021	25.60672980738533	20.40949152542373	22.80396946564885	34.265283018867926	30.931111111111115	19.78142857142857	24.55985766302549	28.684000000000005	16.217872340425533	8.585032748326398	19.750306946688205	13.771616389013955	24.78	12.116773258414904	7.595904306220096	7.09395362876994	17.881140266935283	12.049428571428573	7.121451971645806	8.134866634322947	17.388651295553533	29.38168446026097	17.79891156462585	15.062222222222225	34.61578947368422	25.07333333333333	11.485040033712602
30.262857142857143	0.0	0.0	30.84043967280164	0.0	32.16461538461539	29.3776695652174	29.526167400881057	17.325436893203882	32.92740158825036	0.0	24.87298578199052	0.0	31.02888178913738	39.940000000000005	0.0	0.0	0.0	0.0	32.457891290111334	32.28	0.0	35.38	26.523172771848863	0.0	44.24	44.15333333333333	32.15809523809524	32.86826086956522	31.10337078651685	0.0	0.0	32.0	38.285	14.38056359482102	32.282222222222224	25.711973684210527	0.0	22.026666666666664	12.43275900900901	14.351740274934192	17.16131727697223	13.415652043606936	4.029201221472196	28.6903664921466	7.548873023341448	0.0	21.067180027559377	16.844550264550264	19.74	27.8	34.67603305785124	32.02283333333334	3.3143852583310087	20.358125714285716	21.013333333333332	21.85770034843205	5.873830751281981	34.39333333333334	33.00553459119497	32.01306397306398	4.119749643479639	18.3188250192212	17.189785575048735	0.0	26.070736842105266	19.36310249307479	19.09391327840065
0.0	0.0	0.0	0.0	0.0	0.0	0.0	0.0	0.0	0.0	0.0	0.0	0.0	0.0	0.0	0.0	0.0	0.0	0.0	0.0	0.0	0.0	0.0	0.0	0.0	0.0	0.0	0.0	0.0	0.0	0.0	0.0	0.0	0.0	0.0	30.08	0.0	22.026666666666664	0.0	2.6828853046594983	22.052	2.6309209302325582	8.152732474964235	21.93	13.06	7.873482428115016	0.0	4.907032967032967	2.8722753981753515	0.0	0.0	0.0	0.0	16.9	0.0	22.71	0.0	13.340338983050849	0.0	0.0	45.88	20.83466666666667	4.261168141592921	0.0	0.0	2.50532816916152	0.0	3.124755774327906
30.2	0.0	45.0	32.624347826086954	0.0	39.16	32.915733333333336	33.29333333333334	19.58	35.433103448275865	0.0	0.0	0.0	36.48848484848485	0.0	39.053333333333335	45.52	0.0	32.28	34.220000000000006	0.0	31.4	43.42	30.16057971014493	35.2	38.42666666666666	35.17473684210527	34.16461538461539	34.040000000000006	33.1056880733945	0.0	0.0	35.720000000000006	43.46	16.280991735537192	26.77846153846154	27.455785440613028	12.43275900900901	2.6828853046594983	0.0	11.489325972453033	4.049953754418793	9.419733333333337	6.680840285511375	14.816964980544748	6.513570299430607	16.797818181818183	6.045192651477692	3.861225960990077	22.064	29.64296296296296	22.173526570048317	20.818160337552747	11.159815379256292	21.68030622009569	22.664	23.74076062639821	12.527159196290572	21.219512195121958	25.925099601593622	29.5932298136646	10.402729095032557	9.417934038581208	21.052579505300358	22.245	5.0591600280415525	21.291428571428572	4.2880996856958165
