0.0	20.5353642384106	17.131521977162524	16.63478260869565	11.214344827586208	11.35495798319328	5.9470368168668015	4.7982283977420765	10.773609369097093	14.585355648535565	18.02777777777778	14.992142857142856	28.12	3.696243674676706	17.8	16.01777777777778	17.638870107770845	24.933181818181826	18.65812013570146	14.925233644859812	12.639412827461609	12.408110065170169	13.493151750972762	12.432529069767444	0.0	21.069530556995566	22.392674329501915	13.810386579139315	4.387180717863106	4.8811766782373365	26.92	12.883636363636365	7.716137931034484	8.4362237538067	23.040581818181817	25.453333333333337	29.34307692307693	29.640000000000004	0.0	23.545454545454547	23.11645376549094	27.18906574394464	13.641439153439157	29.33142857142857	0.0	28.340000000000003	0.0	25.75707614213198	22.29116279069768	22.098666666666663	33.374736842105264	0.0	34.616	31.472	21.9643137254902	14.296	27.369714285714288	20.87370427297879	0.0	33.25767441860465	29.26905263157895	22.33319520880544	24.67293617021277	22.82224399804017	0.0	32.040000000000006	23.715454545454545	24.634453781512608
20.5353642384106	0.0	7.157695953335764	0.0	0.0	21.74	18.36496551724138	22.73155555555556	10.39353375337534	23.626666666666665	8.088275862068965	16.21034482758621	7.745773436891187	22.11903225806452	18.38285714285714	12.394487632508833	8.886401630988788	11.017142857142858	8.47496837666901	0.0	14.44163568773234	4.284165038717726	9.319258973369356	10.913532843967626	4.935505919892519	7.01461149490777	4.946289294483352	15.289894291754758	18.424	16.561621621621622	12.018823529411764	0.0	17.375454545454545	9.9834554973822	0.0	2.3377339901477834	9.931903114186852	0.0	0.0	0.0	23.6	0.0	0.0	0.0	13.0	0.0	6.605217391304348	27.48	0.0	0.0	11.750370370370373	13.52888888888889	10.744857571214393	0.0	18.25	2.0685545722713865	11.430526315789471	29.52	2.8897921478060047	9.591736604260811	9.04481280365819	17.92	0.0	17.5	0.0	0.0	0.0	11.586666666666668
17.131521977162524	7.157695953335764	0.0	24.466666666666665	26.922314049586777	22.07071729957806	16.6664739946573	19.966939975782736	15.532486187845304	17.20397207137316	20.816666666666663	34.0	14.971764705882354	18.525358997314235	23.42	14.832857142857142	7.046913278077544	13.535121951219512	9.7168556455455	22.973333333333336	8.793616842105262	7.668468468468468	7.221150537861656	19.32359066427289	12.12	6.003639058836212	6.9839646305991865	14.62942570100465	19.809384266527125	13.360967216084044	16.176	30.18181818181818	24.404444444444444	9.847557368689444	27.751428571428573	9.04850622406639	16.94498989527834	0.0	0.0	31.360000000000003	28.765421245421244	32.49076923076923	18.65333333333333	32.304	0.0	0.0	17.536	30.96229885057471	0.0	19.34372093023256	19.00879207920792	0.0	23.905882352941177	0.0	22.46296296296296	9.331990811638592	18.237030831879	25.44	17.28	17.395036194415717	16.56188061217089	26.477090909090908	28.78769230769231	24.892089552238808	0.0	0.0	25.78666666666667	18.505084745762712
16.63478260869565	0.0	24.466666666666665	0.0	20.824	10.606053042121683	5.929821615949633	14.119911894273129	9.49265393116514	3.853599529709686	28.32	6.636914331394058	0.0	18.242727272727272	12.2235175879397	32.160000000000004	0.0	0.0	0.0	2.9120276840036485	28.24	0.0	30.28	4.36281008540057	0.0	28.872	0.0	2.8500977309424664	18.19315144766147	16.44	0.0	21.410000000000004	17.753644859813086	15.60307142857143	0.0	0.0	0.0	27.499586563307496	0.0	27.950894308943088	24.93336077624228	25.775377207062604	13.346019151846786	27.57955467590302	0.0	24.85505791505792	0.0	25.54528089887641	29.390000000000004	0.0	0.0	0.0	0.0	27.09477946493131	0.0	0.0	0.0	22.69969679955081	0.0	0.0	0.0	25.341646884273	32.962162162162166	25.293333333333337	0.0	33.92	0.0	30.61236363636364
11.214344827586208	0.0	26.922314049586777	20.824	0.0	4.218407507976866	17.065639534883722	4.436889312457454	16.408	17.975893630179346	10.62909090909091	17.004905849025164	9.702857142857145	4.777889437116102	2.807165743073048	20.28	27.398260869565217	36.92	29.52878048780488	18.822000000000003	22.36279069767442	20.14666666666667	20.79622641509434	19.134141012909637	0.0	31.31808	30.920000000000005	20.20349809885932	2.4338983669373238	16.831081081081084	0.0	3.2823710507292594	20.99	2.8804577665553475	30.668571428571425	0.0	0.0	35.64	0.0	36.35333333333334	30.705128205128204	33.28825396825397	20.56571428571429	34.63891891891892	0.0	35.34	0.0	32.4568	0.0	0.0	0.0	0.0	0.0	33.384	30.940000000000005	0.0	0.0	28.70630872483222	0.0	0.0	38.373333333333335	30.54612716763005	36.11333333333334	31.074418604651168	0.0	0.0	37.09333333333334	33.25
11.35495798319328	21.74	22.07071729957806	10.606053042121683	4.218407507976866	0.0	7.719386406152568	4.094629770781553	8.53651347068146	5.310340656492267	18.19264150943396	5.349596392829649	20.9525	5.940400467211747	3.081098584702825	17.03636363636364	27.207603305785124	25.08	27.52088888888889	7.221083086053413	18.09090909090909	13.604444444444445	18.079310344827583	10.393533471359556	0.0	27.903132530120484	28.078160919540228	8.402877122877124	6.036714063310845	16.898512396694215	27.640000000000004	5.79704414587332	18.052	9.048325627476885	25.5775	0.0	0.0	27.583515151515154	0.0	27.737894736842104	24.191492910758967	25.839710843373496	14.42679245283019	27.309299363057328	36.48	26.4940350877193	0.0	25.807188940092164	25.410000000000004	0.0	0.0	0.0	0.0	26.84933333333333	26.1	0.0	31.420000000000005	22.695351681957185	0.0	0.0	0.0	24.2199370409234	29.657894736842103	25.27288888888889	0.0	35.760000000000005	25.632	28.880000000000003
5.9470368168668015	18.36496551724138	16.6664739946573	5.929821615949633	17.065639534883722	7.719386406152568	0.0	8.260768557712773	8.338661603496455	4.454589144926289	24.815438596491227	10.668133595284871	29.947906976744186	6.596562275017999	12.884261168384882	11.503604166666667	18.36913738019169	26.56987654320988	22.54067476383266	9.464981412639409	10.588366068484763	12.275450427780576	12.162122110736483	7.846637328356962	29.632	20.875518878851054	18.81130349558968	6.3511918112421935	13.741155013967044	4.609304166443815	29.184000000000005	19.446428571428573	13.23378393991912	11.845262724330684	22.045878594249203	0.0	26.703243243243243	25.269708004122297	31.8	24.923461538461535	21.94824861054629	23.8449135577798	11.775504947384956	25.06022674826929	36.48	25.09164677804296	0.0	23.195711182108628	22.57835051546392	26.33846153846154	33.43333333333334	0.0	38.352	25.01388737014762	25.685675675675675	18.39	27.632359230220956	19.950044818237156	0.0	35.980000000000004	27.265967741935487	21.43153569024902	27.690357142857145	22.132247454972592	0.0	33.30315789473684	23.658775510204084	25.78825214899713
4.7982283977420765	22.73155555555556	19.966939975782736	14.119911894273129	4.436889312457454	4.094629770781553	8.260768557712773	0.0	11.69511224804834	8.522836815279977	12.9725	13.142833451530198	18.98947368421053	3.882192950221896	6.121762711864407	15.194255319148937	20.546975832789027	27.83043478260869	22.505610783487786	13.715251055842328	14.670057803468207	16.81040462427746	15.981969111969113	12.606123418488536	26.68	23.81630985541849	24.335626822157437	12.671362217017954	3.6879130219063136	10.22871689026488	24.406666666666663	3.927835208849896	14.877560975609756	5.729986750885842	25.498224852071008	0.0	32.22222222222222	27.61871396895787	35.56	27.20083333333334	24.09638442975554	26.066049315068494	14.74620142743854	27.26305970149254	0.0	27.93495798319328	0.0	25.76748034753827	25.644255319148936	24.80307692307692	35.83428571428571	0.0	0.0	27.38752941176471	25.59555555555556	18.102857142857143	30.23636363636364	22.27422795832685	0.0	35.3	31.840000000000003	23.853832477776383	29.337454545454545	25.27259452411995	0.0	36.626666666666665	26.463783783783786	29.03428571428572
10.773609369097093	10.39353375337534	15.532486187845304	9.49265393116514	16.408	8.53651347068146	8.338661603496455	11.69511224804834	0.0	11.685020550601006	22.55777777777778	4.146750462107209	17.992086720867214	11.44874229346486	3.316936677631579	6.907611940298509	18.40044534412956	21.880000000000003	19.44677966101695	9.869016476983184	9.542736030828518	4.803274435621336	14.92625	4.5147130004215965	15.27115124153499	17.154101694915255	14.468696312035211	9.47498377201248	12.134737824075874	8.190863811709557	0.0	20.55662650602409	10.147866618859808	10.84380489628107	12.364312267657994	15.9	20.06	15.84549414468644	0.0	16.27073756432247	12.770487022455528	14.009475015812775	2.3376922665239497	15.887208815514043	0.0	11.642094167252283	0.0	14.049193154034231	12.995555555555558	9.4415	18.08	0.0	22.96	15.141476087384373	10.14453834115806	1.8890728476821192	16.614117647058826	9.945510603333592	0.0	25.25714285714286	22.506666666666668	13.067108872530028	14.824568138195778	11.709795321637428	0.0	24.488000000000003	12.438588235294116	14.767209302325584
14.585355648535565	23.626666666666665	17.20397207137316	3.853599529709686	17.975893630179346	5.310340656492267	4.454589144926289	8.522836815279977	11.685020550601006	0.0	24.202122448979598	4.166544679162948	25.84705882352941	16.61533698682819	11.23257731958763	23.048571428571428	20.101237113402064	29.130909090909093	24.552083333333336	3.443341150664474	11.85128491620112	19.644	13.592216981132076	8.641072120365783	0.0	21.77983146067416	21.03652173913044	5.085114251110214	17.74549774475829	10.097454545454546	29.6	20.060267686424478	17.890509691313714	16.055851031461085	25.722500000000004	0.0	27.55333333333333	29.116280059587147	37.653333333333336	29.296561403508772	25.866062033765218	27.278287777204746	15.554803548795944	29.02252231382435	0.0	27.26666666666667	0.0	26.349334752527938	27.875	26.593333333333334	0.0	0.0	0.0	28.60129159802306	27.848000000000003	0.0	28.152500000000003	23.59000145412244	0.0	0.0	28.57333333333333	25.876031658383948	32.53809045226131	24.50509803921569	0.0	39.78	26.7	32.13674418604651
18.02777777777778	8.088275862068965	20.816666666666663	28.32	10.62909090909091	18.19264150943396	24.815438596491227	12.9725	22.55777777777778	24.202122448979598	0.0	23.76845528455285	3.9566749730603448	11.825870646766168	19.62	21.62526315789474	7.068074534161491	2.8778235130370238	2.7786978614512887	24.621538461538464	13.433333333333334	12.062978723404257	15.258666666666668	24.457391304347823	4.586414484319431	4.681967685671614	7.239240352139971	26.128000000000004	9.688035714285714	18.4075	4.135201644788866	12.763636363636362	0.0	3.892267135325133	0.0	13.492	31.0	0.0	0.0	0.0	36.2675	36.540000000000006	26.24	40.620000000000005	15.160615384615388	0.0	14.530870588235294	37.91333333333334	0.0	0.0	22.616	16.27235457063712	15.917676609105182	0.0	32.56	0.0	31.733333333333334	32.730000000000004	7.981618798955614	16.4697463572585	14.474012237762238	35.25666666666667	45.440000000000005	33.4	16.961967213114754	0.0	0.0	20.04
14.992142857142856	16.21034482758621	34.0	6.636914331394058	17.004905849025164	5.349596392829649	10.668133595284871	13.142833451530198	4.146750462107209	4.166544679162948	23.76845528455285	0.0	24.93894736842105	17.574344449520332	3.434050248573621	29.592727272727277	26.864000000000004	27.948571428571427	25.47515151515152	3.32781989425247	28.444444444444446	10.48360655737705	29.130909090909093	5.83292976468475	23.48	29.305	25.426382978723403	7.168844468784227	17.44164521499046	12.450212765957447	28.12	19.404226918798667	18.27288888888889	15.91784339981676	0.0	0.0	0.0	23.71374749498998	0.0	25.06430379746836	23.54707692307693	24.96764252696456	9.368652482269503	23.469888084265964	0.0	19.019154929577464	0.0	25.276941176470583	26.704	17.4	0.0	0.0	0.0	23.14640264026403	0.0	0.0	19.0	19.89610017889088	0.0	0.0	0.0	22.896837209302326	30.344	26.12	0.0	0.0	28.6	29.654545454545456
28.12	7.745773436891187	14.971764705882354	0.0	9.702857142857145	20.9525	29.947906976744186	18.98947368421053	17.992086720867214	25.84705882352941	3.9566749730603448	24.93894736842105	0.0	17.420454545454547	28.78	20.707936507936505	18.424927536231884	7.696341463414635	9.99199034981906	0.0	23.090666666666667	12.051403860616698	22.7408	21.475789473684213	4.724401717153396	3.730925217509056	4.539628860808873	25.804166666666667	19.83529411764706	26.37882352941177	2.917777178311303	15.04	0.0	7.756569811006578	0.0	9.338684210526315	22.23111111111111	0.0	0.0	0.0	0.0	32.88	0.0	0.0	6.114622641509434	0.0	15.294608532583217	44.46	0.0	35.56	21.0	16.851631205673762	16.816779121578612	0.0	0.0	23.520000000000003	30.136000000000003	35.760000000000005	8.247919075144509	17.034336947456215	15.322004324527594	0.0	30.0	31.540000000000003	17.114871794871796	0.0	0.0	20.05
3.696243674676706	22.11903225806452	18.525358997314235	18.242727272727272	4.777889437116102	5.940400467211747	6.596562275017999	3.882192950221896	11.44874229346486	16.61533698682819	11.825870646766168	17.574344449520332	17.420454545454547	0.0	14.83865168539326	16.463589743589743	20.12829698968195	24.22271604938272	22.21443037974684	17.32485197799319	13.628133030990174	15.370618401206638	14.41445342407486	13.128114840062926	26.57	22.694069616357798	22.98309619475301	14.568804004214964	3.5979884157120887	9.189853807247282	22.01846153846154	2.753805560809533	11.15808118081181	4.955707377138715	25.450147783251232	28.186666666666667	30.672857142857147	26.925128205128203	0.0	27.094961832061067	24.486123659593886	26.539978260869567	14.7288192501399	27.346459143968872	0.0	28.372413793103448	0.0	26.6503138580396	24.349152542372885	25.632	35.64	0.0	39.720000000000006	27.61414141414141	24.725357142857145	18.049655172413797	29.752	22.97241184767278	0.0	36.14769230769231	30.801714285714286	24.20157935483871	28.388489208633096	25.33060402684564	0.0	37.940000000000005	26.435	27.446027397260277
17.8	18.38285714285714	23.42	12.2235175879397	2.807165743073048	3.081098584702825	12.884261168384882	6.121762711864407	3.316936677631579	11.23257731958763	19.62	3.434050248573621	28.78	14.83865168539326	0.0	0.0	23.7	0.0	29.040000000000003	10.114990990990991	0.0	12.667622641509434	0.0	6.338568851473241	25.453333333333337	25.8	23.61309090909091	13.227111111111114	13.970992366412212	13.708936170212766	0.0	10.684705882352942	15.920000000000002	13.418034682080926	0.0	0.0	0.0	29.640000000000004	0.0	25.640000000000004	24.504	28.06	19.72	0.0	0.0	0.0	0.0	0.0	0.0	0.0	0.0	0.0	0.0	0.0	0.0	0.0	0.0	23.67	0.0	0.0	0.0	23.64	0.0	0.0	0.0	0.0	0.0	0.0
16.01777777777778	12.394487632508833	14.832857142857142	32.160000000000004	20.28	17.03636363636364	11.503604166666667	15.194255319148937	6.907611940298509	23.048571428571428	21.62526315789474	29.592727272727277	20.707936507936505	16.463589743589743	0.0	0.0	15.963800475059385	23.18	17.626141732283465	0.0	5.641797434677016	5.916646207019844	3.39203932754749	4.6884397905759165	19.12	18.126800000000003	4.096543421263846	4.885651155984783	17.712876712328768	9.493825178782734	18.44	19.44	13.135384615384616	9.661414850079346	20.035331564986738	23.46	21.42451612903226	26.08	0.0	23.495384615384616	22.62448717948718	25.249056603773585	10.665507246376814	25.415384615384617	0.0	22.546666666666667	0.0	23.62378048780488	21.74	18.30187324733595	27.51540983606557	0.0	29.828333333333337	24.84	19.177598528638992	9.650759613563176	18.39721079134292	18.360649878147846	0.0	28.75662650602409	19.545063938618927	17.762099370188945	20.63087378640777	19.026651600753297	42.48	0.0	19.750917874396134	17.58100890207715
17.638870107770845	8.886401630988788	7.046913278077544	0.0	27.398260869565217	27.207603305785124	18.36913738019169	20.546975832789027	18.40044534412956	20.101237113402064	7.068074534161491	26.864000000000004	18.424927536231884	20.12829698968195	23.7	15.963800475059385	0.0	7.114814814814816	3.182473763465771	0.0	9.656387158600864	11.920920295809369	6.444437425977102	19.87672955974843	13.792727272727271	6.700527063060568	10.635263544986518	15.772266666666669	16.867603384352126	12.181291486537088	0.0	31.160000000000004	14.75121951219512	4.984717999019127	30.6	10.887234848484848	18.395246692222088	0.0	0.0	0.0	31.25953488372093	33.984	23.566666666666663	32.36	0.0	0.0	19.41777777777778	32.33428571428571	0.0	24.305882352941172	20.422208	30.68	20.522843601895737	0.0	25.88621553884712	11.696936936936936	20.08011322280631	27.252063492063492	17.725714285714286	18.686462167689164	18.54332122645494	27.84307692307693	27.672380952380955	26.82268041237113	0.0	0.0	26.75	21.76170212765957
24.933181818181826	11.017142857142858	13.535121951219512	0.0	36.92	25.08	26.56987654320988	27.83043478260869	21.880000000000003	29.130909090909093	2.8778235130370238	27.948571428571427	7.696341463414635	24.22271604938272	0.0	23.18	7.114814814814816	0.0	3.257902097902098	27.660000000000004	18.4625	15.710000000000004	18.164727272727276	29.385	8.35785388127854	6.115136030604751	9.035004026413272	21.3	22.127857142857145	19.588062827225134	7.908247248094836	0.0	0.0	9.163157894736845	38.120000000000005	14.268	27.68	0.0	0.0	0.0	0.0	0.0	0.0	0.0	18.11555555555556	0.0	16.36952380952381	0.0	0.0	28.96	21.5	18.174901960784315	18.21291666666667	0.0	32.22666666666667	0.0	30.32	0.0	9.599	18.12694610778443	17.156535433070868	41.56	0.0	35.68	18.70974358974359	0.0	0.0	20.06
18.65812013570146	8.47496837666901	9.7168556455455	0.0	29.52878048780488	27.52088888888889	22.54067476383266	22.505610783487786	19.44677966101695	24.552083333333336	2.7786978614512887	25.47515151515152	9.99199034981906	22.21443037974684	29.040000000000003	17.626141732283465	3.182473763465771	3.257902097902098	0.0	26.72	11.354074074074074	13.87283870967742	15.297149877149876	20.90204081632653	8.418543417366948	6.745306688804554	9.281443398551083	19.962790697674414	17.493861168384882	15.475055845122858	9.463076923076922	25.380000000000003	16.720677966101697	5.308744045334478	29.71	10.288928571428572	17.772231404958678	0.0	0.0	0.0	37.08	0.0	0.0	0.0	20.84	0.0	20.062857142857144	34.410000000000004	0.0	25.74372881355932	20.147351524879618	19.42787878787879	19.59575571477312	0.0	27.350751445086708	18.091428571428573	26.109166666666663	30.224444444444448	13.462222222222223	18.196385336743397	18.17777122957407	28.123529411764707	29.224	27.39428571428572	21.58	0.0	35.440000000000005	21.24571428571429
14.925233644859812	0.0	22.973333333333336	2.9120276840036485	18.822000000000003	7.221083086053413	9.464981412639409	13.715251055842328	9.869016476983184	3.443341150664474	24.621538461538464	3.32781989425247	0.0	17.32485197799319	10.114990990990991	0.0	0.0	27.660000000000004	26.72	0.0	27.28	0.0	29.048	4.91365685449958	0.0	36.32000000000001	35.053333333333335	3.601683932944058	17.77175146541618	29.440000000000005	29.28	20.949813664596277	17.922009132420094	16.283075559494797	28.96	0.0	0.0	27.357429048414023	37.120000000000005	27.68991549295775	24.62592009505421	25.71589608681355	13.536694214876032	27.37812248995984	0.0	25.240561941251595	0.0	25.111654247391957	28.193846153846152	0.0	0.0	0.0	0.0	26.83407124681934	27.96	0.0	32.7	22.40517326732673	0.0	0.0	0.0	24.704759595959597	32.222857142857144	24.465	0.0	34.56	27.733333333333334	30.892380952380957
12.639412827461609	14.44163568773234	8.793616842105262	28.24	22.36279069767442	18.09090909090909	10.588366068484763	14.670057803468207	9.542736030828518	11.85128491620112	13.433333333333334	28.444444444444446	23.090666666666667	13.628133030990174	0.0	5.641797434677016	9.656387158600864	18.4625	11.354074074074074	27.28	0.0	7.649422074068463	7.375648773755786	8.313742331288344	20.38571428571429	14.259097744360904	13.327921860943324	3.145764149543016	11.706329896907215	6.601001693871266	0.0	18.952727272727277	11.32736842105263	6.383721710215139	20.878536060279878	21.112	22.932868632707773	25.890000000000004	0.0	23.393333333333334	23.06117171717172	26.83311827956989	12.312903225806451	25.880000000000003	29.08	20.55	0.0	24.25102603369066	19.596	18.437779952467498	28.245562913907285	0.0	31.25876543209877	26.548571428571428	19.25091121000212	10.36947796934866	19.13043663747132	18.808995691083854	0.0	29.136764705882356	21.720709010339736	18.605520062942567	20.676013628620105	19.367411850300783	0.0	32.040000000000006	19.8113470681458	17.603575418994414
12.408110065170169	4.284165038717726	7.668468468468468	0.0	20.14666666666667	13.604444444444445	12.275450427780576	16.81040462427746	4.803274435621336	19.644	12.062978723404257	10.48360655737705	12.051403860616698	15.370618401206638	12.667622641509434	5.916646207019844	11.920920295809369	15.710000000000004	13.87283870967742	0.0	7.649422074068463	0.0	8.416953928202599	5.777887825923843	9.99138899881282	12.690174593618304	7.216008176261326	8.084615830675558	9.69998158661961	8.674126669169304	16.4064	19.08	9.285635663181068	7.940151946818614	12.7085	6.904999999999999	11.552642487046633	0.0	0.0	0.0	15.934794520547948	21.256	2.4408097165991904	0.0	0.0	27.08	0.0	15.870243902439023	0.0	9.49657136295786	18.80666666666667	18.72	19.55333333333333	0.0	10.91039716670883	2.174624894970592	11.273434185359068	9.638659898477158	11.580000000000002	17.436	10.953054587688737	10.60704280155642	12.236216216216215	11.127746762589927	0.0	0.0	11.069135802469138	10.693684210526316
13.493151750972762	9.319258973369356	7.221150537861656	30.28	20.79622641509434	18.079310344827583	12.162122110736483	15.981969111969113	14.92625	13.592216981132076	15.258666666666668	29.130909090909093	22.7408	14.41445342407486	0.0	3.39203932754749	6.444437425977102	18.164727272727276	15.297149877149876	29.048	7.375648773755786	8.416953928202599	0.0	8.923375174337519	0.0	12.627306994716506	9.678491195860804	7.231094323486441	17.022303030303032	8.048586318224574	20.312	20.1584	14.5725	7.724489053438056	22.53	11.254656488549616	19.22632588580456	0.0	0.0	0.0	26.472670157068062	29.27368421052632	15.531111111111112	0.0	0.0	0.0	0.0	26.92505747126437	19.78666666666667	18.1968568962541	24.0748275862069	0.0	30.624615384615385	28.4	19.653576862679333	10.86030210811708	19.15498830066405	20.15622641509434	0.0	26.710769230769227	18.925835994988443	20.41686036426713	22.143865546218485	19.65480437919036	0.0	0.0	20.376521739130435	18.75263157894737
12.432529069767444	10.913532843967626	19.32359066427289	4.36281008540057	19.134141012909637	10.393533471359556	7.846637328356962	12.606123418488536	4.5147130004215965	8.641072120365783	24.457391304347823	5.83292976468475	21.475789473684213	13.128114840062926	6.338568851473241	4.6884397905759165	19.87672955974843	29.385	20.90204081632653	4.91365685449958	8.313742331288344	5.777887825923843	8.923375174337519	0.0	17.6244776119403	21.71707614213198	12.237010662232224	3.916345619507787	13.777430503380918	9.400506693283232	27.093333333333334	21.02309523809524	11.914141776834777	11.307767276787496	19.60518691588785	22.733333333333334	25.856888888888893	23.463006451612905	32.7	22.39403197158082	20.115376475376475	22.332331159757803	9.420663144470762	23.241959691252145	36.14	22.45125628140704	38.28	21.819332525046267	19.585934065934065	18.60968707482993	29.45420560747663	0.0	32.368372093023254	23.123933787731257	18.74724179829891	9.52396373056995	22.855748792270536	17.926039727927993	0.0	29.84897959183673	27.389473684210525	18.859781178659	22.422938285090115	19.51357292144569	0.0	29.612800000000004	20.28553271028037	22.05497276264592
0.0	4.935505919892519	12.12	0.0	0.0	0.0	29.632	26.68	15.27115124153499	0.0	4.586414484319431	23.48	4.724401717153396	26.57	25.453333333333337	19.12	13.792727272727271	8.35785388127854	8.418543417366948	0.0	20.38571428571429	9.99138899881282	0.0	17.6244776119403	0.0	7.595333333333333	5.294316978020236	21.06526315789474	23.69333333333333	24.604000000000003	7.883194888178915	0.0	0.0	8.964444444444444	0.0	5.0144	18.92	0.0	0.0	0.0	0.0	0.0	0.0	0.0	11.63	0.0	9.546197654941375	0.0	0.0	0.0	14.823076923076924	12.39712	11.739935553168635	0.0	0.0	0.0	14.02	0.0	3.89185628742515	11.884611169652269	10.533391482811698	0.0	30.4	0.0	13.332063492063492	0.0	0.0	14.496666666666666
21.069530556995566	7.01461149490777	6.003639058836212	28.872	31.31808	27.903132530120484	20.875518878851054	23.81630985541849	17.154101694915255	21.77983146067416	4.681967685671614	29.305	3.730925217509056	22.694069616357798	25.8	18.126800000000003	6.700527063060568	6.115136030604751	6.745306688804554	36.32000000000001	14.259097744360904	12.690174593618304	12.627306994716506	21.71707614213198	7.595333333333333	0.0	7.066276693984061	20.651835147744947	20.659827500178203	17.77180456665848	3.033627729878769	32.78153846153846	21.17037037037037	9.376176547858831	30.965161290322584	9.675017950842308	16.067566647759502	0.0	0.0	0.0	33.35555555555556	35.895	24.886666666666667	43.440000000000005	18.62176470588236	0.0	16.34843295638126	34.985882352941175	0.0	28.163076923076925	19.055711023458585	18.53684615384616	18.27656892114257	0.0	28.34167224080268	15.294814814814815	21.702103092783503	30.22	11.222796833773089	17.004394104885165	16.72870328806173	31.17066666666667	30.56	28.033146853146853	19.069364161849716	0.0	33.040000000000006	19.86254545454545
22.392674329501915	4.946289294483352	6.9839646305991865	0.0	30.920000000000005	28.078160919540228	18.81130349558968	24.335626822157437	14.468696312035211	21.03652173913044	7.239240352139971	25.426382978723403	4.539628860808873	22.98309619475301	23.61309090909091	4.096543421263846	10.635263544986518	9.035004026413272	9.281443398551083	35.053333333333335	13.327921860943324	7.216008176261326	9.678491195860804	12.237010662232224	5.294316978020236	7.066276693984061	0.0	14.389932935916542	22.173878336138497	17.74069913589945	5.654884547069273	28.860000000000003	21.94819672131148	10.625392302785457	28.682352941176468	7.986057369377306	15.474726531264997	38.96	0.0	32.028571428571425	28.362912621359225	32.961927710843376	21.724	34.61333333333334	17.731803278688524	29.640000000000004	16.88354085603113	30.79223880597015	33.31333333333334	17.804494730316183	18.575942657738377	18.464284377923292	17.650636843740294	42.48	21.168570534876448	8.91947086859255	18.293734605830828	27.04818181818182	10.531401648998822	16.388658699195027	15.677685053127009	27.254834437086096	31.005614035087724	25.791404958677685	18.20439108061749	0.0	30.008000000000003	18.898419243986257
13.810386579139315	15.289894291754758	14.62942570100465	2.8500977309424664	20.20349809885932	8.402877122877124	6.3511918112421935	12.671362217017954	9.47498377201248	5.085114251110214	26.128000000000004	7.168844468784227	25.804166666666667	14.568804004214964	13.227111111111114	4.885651155984783	15.772266666666669	21.3	19.962790697674414	3.601683932944058	3.145764149543016	8.084615830675558	7.231094323486441	3.916345619507787	21.06526315789474	20.651835147744947	14.389932935916542	0.0	14.981744359111747	7.350126107381459	0.0	22.204705882352943	12.999412471625051	11.161420694673795	20.79323182012239	25.12	26.457529880478084	27.672829718274745	32.944	25.616734362307067	22.11594333102972	24.99087699424148	12.489494400000002	27.537604736700462	34.17333333333333	25.010389610389613	42.52	23.4401772694782	21.075348837209305	16.98433788819876	28.877704918032787	0.0	33.758750000000006	27.25125450901804	18.116987304025663	9.892183353437876	22.726484375	18.527629357433707	0.0	30.611666666666668	27.14054054054054	20.38043331294466	21.500949067362523	19.89756476413865	43.74	32.095238095238095	20.06333529758397	22.760714612918004
4.387180717863106	18.424	19.809384266527125	18.19315144766147	2.4338983669373238	6.036714063310845	13.741155013967044	3.6879130219063136	12.134737824075874	17.74549774475829	9.688035714285714	17.44164521499046	19.83529411764706	3.5979884157120887	13.970992366412212	17.712876712328768	16.867603384352126	22.127857142857145	17.493861168384882	17.77175146541618	11.706329896907215	9.69998158661961	17.022303030303032	13.777430503380918	23.69333333333333	20.659827500178203	22.173878336138497	14.981744359111747	0.0	5.073988104637087	31.58	2.458926607751041	3.0491493806169543	3.5478651428135315	22.828846153846158	22.566666666666663	28.025974025974023	33.020246913580245	0.0	28.280720720720723	26.35839352788212	29.08983606557377	14.269257425742577	31.848207343412533	0.0	31.070877192982454	0.0	26.97937345424568	23.99954545454545	19.592962962962964	31.496326530612247	0.0	32.696000000000005	31.744000000000007	19.917535371976268	12.217471264367816	25.667283236994223	22.172060665089745	0.0	30.4875	29.74477876106195	22.654278417938336	24.206497622820923	21.682386175807665	0.0	34.78	22.969818181818184	24.771948998178505
4.8811766782373365	16.561621621621622	13.360967216084044	16.44	16.831081081081084	16.898512396694215	4.609304166443815	10.22871689026488	8.190863811709557	10.097454545454546	18.4075	12.450212765957447	26.37882352941177	9.189853807247282	13.708936170212766	9.493825178782734	12.181291486537088	19.588062827225134	15.475055845122858	29.440000000000005	6.601001693871266	8.674126669169304	8.048586318224574	9.400506693283232	24.604000000000003	17.77180456665848	17.74069913589945	7.350126107381459	5.073988104637087	0.0	0.0	19.510769230769235	6.845779096143779	4.764271715107794	21.132403383214054	19.18	26.770570342205325	27.22086956521739	30.56	21.87686274509804	21.09444476828913	24.600601277715143	11.124477445702617	26.198251366120218	36.66666666666667	24.37767441860465	0.0	23.67544315030505	20.479743589743588	19.225446721531924	29.15172804532578	0.0	32.27147540983607	25.173333333333336	20.12019185350882	11.145162427600102	21.36354458777342	18.93466136939197	0.0	30.47920634920635	27.172450980392156	19.97522239807892	21.74339946698253	20.50828690113542	0.0	30.64307692307693	20.778453970484897	20.963636363636365
26.92	12.018823529411764	16.176	0.0	0.0	27.640000000000004	29.184000000000005	24.406666666666663	0.0	29.6	4.135201644788866	28.12	2.917777178311303	22.01846153846154	0.0	18.44	0.0	7.908247248094836	9.463076923076922	29.28	0.0	16.4064	20.312	27.093333333333334	7.883194888178915	3.033627729878769	5.654884547069273	0.0	31.58	0.0	0.0	0.0	0.0	10.180095693779904	0.0	12.7	0.0	0.0	0.0	0.0	0.0	0.0	0.0	0.0	17.6825	0.0	16.671890410958905	0.0	0.0	0.0	20.64	18.555200000000003	18.253777777777778	0.0	0.0	0.0	0.0	0.0	10.12780487804878	18.885457809694795	16.65774110366168	0.0	0.0	0.0	19.26043478260869	0.0	0.0	0.0
12.883636363636365	0.0	30.18181818181818	21.410000000000004	3.2823710507292594	5.79704414587332	19.446428571428573	3.927835208849896	20.55662650602409	20.060267686424478	12.763636363636362	19.404226918798667	15.04	2.753805560809533	10.684705882352942	19.44	31.160000000000004	0.0	25.380000000000003	20.949813664596277	18.952727272727277	19.08	20.1584	21.02309523809524	0.0	32.78153846153846	28.860000000000003	22.204705882352943	2.458926607751041	19.510769230769235	0.0	0.0	0.0	3.6331712142444976	0.0	0.0	0.0	0.0	0.0	0.0	32.82727272727273	34.64666666666667	23.18857142857143	37.885714285714286	0.0	36.98	0.0	34.336	0.0	0.0	0.0	0.0	0.0	36.32000000000001	0.0	0.0	0.0	30.22875	0.0	0.0	0.0	30.91703703703704	36.56	31.3	0.0	0.0	0.0	34.8
7.716137931034484	17.375454545454545	24.404444444444444	17.753644859813086	20.99	18.052	13.23378393991912	14.877560975609756	10.147866618859808	17.890509691313714	0.0	18.27288888888889	0.0	11.15808118081181	15.920000000000002	13.135384615384616	14.75121951219512	0.0	16.720677966101697	17.922009132420094	11.32736842105263	9.285635663181068	14.5725	11.914141776834777	0.0	21.17037037037037	21.94819672131148	12.999412471625051	3.0491493806169543	6.845779096143779	0.0	0.0	0.0	2.9955040142729707	21.52779220779221	0.0	26.847272727272724	30.71	0.0	24.94	23.795782312925173	26.13055555555556	13.18673469387755	28.0375	0.0	28.765714285714285	0.0	24.86866310160428	22.04	19.79448275862069	28.653333333333336	0.0	31.76	29.3	20.021807228915662	11.22090909090909	24.409411764705887	20.572905811623247	0.0	30.146666666666665	34.4	20.799080882352943	23.03905882352941	20.58237726098191	0.0	0.0	20.877333333333333	21.31483870967742
8.4362237538067	9.9834554973822	9.847557368689444	15.60307142857143	2.8804577665553475	9.048325627476885	11.845262724330684	5.729986750885842	10.84380489628107	16.055851031461085	3.892267135325133	15.91784339981676	7.756569811006578	4.955707377138715	13.418034682080926	9.661414850079346	4.984717999019127	9.163157894736845	5.308744045334478	16.283075559494797	6.383721710215139	7.940151946818614	7.724489053438056	11.307767276787496	8.964444444444444	9.376176547858831	10.625392302785457	11.161420694673795	3.5478651428135315	4.764271715107794	10.180095693779904	3.6331712142444976	2.9955040142729707	0.0	22.68577319587629	10.930632911392406	17.46078549848943	31.05433962264151	37.96	28.92590163934426	25.88454019968471	27.484956629491943	14.374177215189874	30.57025641025641	0.0	30.725517241379315	19.6	26.40575624082232	25.908000000000005	16.845664488017427	21.347936507936502	0.0	22.49818181818182	30.72057971014493	17.803973655323823	9.78139037433155	18.59044598612488	22.81	18.660000000000004	20.55539568345324	17.166811945117033	24.11183754333829	23.728659793814437	19.42454404945904	0.0	0.0	21.776	26.114545454545457
23.040581818181817	0.0	27.751428571428573	0.0	30.668571428571425	25.5775	22.045878594249203	25.498224852071008	12.364312267657994	25.722500000000004	0.0	0.0	0.0	25.450147783251232	0.0	20.035331564986738	30.6	38.120000000000005	29.71	28.96	20.878536060279878	12.7085	22.53	19.60518691588785	0.0	30.965161290322584	28.682352941176468	20.79323182012239	22.828846153846158	21.132403383214054	0.0	0.0	21.52779220779221	22.68577319587629	0.0	18.339753086419755	17.841645796064405	15.117847533632286	11.28	13.70105263157895	5.396036744353966	8.173498049414826	9.45992843157113	13.048731241473396	18.065882352941177	13.785217391304348	23.46	3.5735158794075423	12.71	12.793548387096774	18.001451737451738	22.764210526315782	20.102054794520548	14.14734693877551	12.23588888888889	10.691020158827124	13.511339031339034	11.21264400112391	20.57333333333333	20.180682730923696	21.780814545454547	12.241284090909092	4.1800912600912605	4.544103942085797	24.360000000000003	10.881	5.22524361948956	5.703105914929621
25.453333333333337	2.3377339901477834	9.04850622406639	0.0	0.0	0.0	0.0	0.0	15.9	0.0	13.492	0.0	9.338684210526315	28.186666666666667	0.0	23.46	10.887234848484848	14.268	10.288928571428572	0.0	21.112	6.904999999999999	11.254656488549616	22.733333333333334	5.0144	9.675017950842308	7.986057369377306	25.12	22.566666666666663	19.18	12.7	0.0	0.0	10.930632911392406	18.339753086419755	0.0	6.764827182190979	21.96	0.0	0.0	18.588157894736845	22.076666666666664	10.594646049770478	18.013333333333332	8.51142857142857	14.75777777777778	7.912578458681523	21.264210526315782	17.712	11.570212765957448	9.167815744761183	11.344347826086958	9.388042741725307	22.880000000000003	13.677441860465118	3.740444118186823	9.019581699346409	11.733984130800671	5.051576470588236	8.011818465289	5.983965204561523	15.8974358974359	18.178279569892474	16.532601626016262	10.533922651933702	0.0	16.3632	11.067857142857145
29.34307692307693	9.931903114186852	16.94498989527834	0.0	0.0	0.0	26.703243243243243	32.22222222222222	20.06	27.55333333333333	31.0	0.0	22.23111111111111	30.672857142857147	0.0	21.42451612903226	18.395246692222088	27.68	17.772231404958678	0.0	22.932868632707773	11.552642487046633	19.22632588580456	25.856888888888893	18.92	16.067566647759502	15.474726531264997	26.457529880478084	28.025974025974023	26.770570342205325	0.0	0.0	26.847272727272724	17.46078549848943	17.841645796064405	6.764827182190979	0.0	21.84	0.0	24.94787878787879	16.66378420845882	21.55762185324049	16.169629629629632	16.387941176470587	15.217142857142855	19.96	15.333333333333334	18.995911823647297	25.8	11.652211668928087	8.99176411214552	19.41333333333333	11.42987341772152	19.96	10.396769823903304	7.561327990841443	7.710059317129629	12.813371980676331	15.720000000000002	6.529108684415999	6.034219167056776	15.202190391684624	23.099657817109147	14.92121181001284	13.23777777777778	31.520000000000003	21.22875	10.725772357723576
29.640000000000004	0.0	0.0	27.499586563307496	35.64	27.583515151515154	25.269708004122297	27.61871396895787	15.84549414468644	29.116280059587147	0.0	23.71374749498998	0.0	26.925128205128203	29.640000000000004	26.08	0.0	0.0	0.0	27.357429048414023	25.890000000000004	0.0	0.0	23.463006451612905	0.0	0.0	38.96	27.672829718274745	33.020246913580245	27.22086956521739	0.0	0.0	30.71	31.05433962264151	15.117847533632286	21.96	21.84	0.0	23.78	10.294845615479622	6.821647241647241	15.01151059466849	12.121081447963803	4.52264003329172	26.690000000000005	6.052720138125883	0.0	17.901127659574467	13.488823529411766	0.0	38.040000000000006	0.0	0.0	2.890450179346293	25.12	18.128888888888888	28.8	5.274955656259557	0.0	28.040000000000003	25.272	2.490542384875904	17.208511033681766	27.540000000000003	0.0	22.89090909090909	15.658998569384837	15.369375780274655
0.0	0.0	0.0	0.0	0.0	0.0	31.8	35.56	0.0	37.653333333333336	0.0	0.0	0.0	0.0	0.0	0.0	0.0	0.0	0.0	37.120000000000005	0.0	0.0	0.0	32.7	0.0	0.0	0.0	32.944	0.0	30.56	0.0	0.0	0.0	37.96	11.28	0.0	0.0	23.78	0.0	3.112037159920372	21.07794871794872	3.173100881488737	20.44	20.02448275862069	0.0	16.66935251798561	17.12	8.631422505307857	4.813291731669267	0.0	0.0	0.0	0.0	21.472	0.0	0.0	0.0	20.348000000000003	0.0	33.68	0.0	21.55555555555556	4.501428571428572	0.0	0.0	2.0540815145502647	0.0	2.131423255813954
23.545454545454547	0.0	31.360000000000003	27.950894308943088	36.35333333333334	27.737894736842104	24.923461538461535	27.20083333333334	16.27073756432247	29.296561403508772	0.0	25.06430379746836	0.0	27.094961832061067	25.640000000000004	23.495384615384616	0.0	0.0	0.0	27.68991549295775	23.393333333333334	0.0	0.0	22.39403197158082	0.0	0.0	32.028571428571425	25.616734362307067	28.280720720720723	21.87686274509804	0.0	0.0	24.94	28.92590163934426	13.70105263157895	0.0	24.94787878787879	10.294845615479622	3.112037159920372	0.0	9.281644137931035	4.605597874355004	12.354719271623672	4.599706353386287	15.246153846153844	5.0824483710223785	24.077894736842104	9.499516181758748	3.9772570655285486	13.36	25.687272727272727	20.217142857142857	21.727692307692312	6.961687303252885	17.733333333333334	15.825454545454544	19.827878787878788	9.869269754088128	35.480000000000004	25.70709677419355	25.826666666666664	9.645796199577733	11.721928997241749	10.58326086956522	24.360000000000003	3.3265803503427263	17.851851851851855	6.125587066184204
23.11645376549094	23.6	28.765421245421244	24.93336077624228	30.705128205128204	24.191492910758967	21.94824861054629	24.09638442975554	12.770487022455528	25.866062033765218	36.2675	23.54707692307693	0.0	24.486123659593886	24.504	22.62448717948718	31.25953488372093	0.0	37.08	24.62592009505421	23.06117171717172	15.934794520547948	26.472670157068062	20.115376475376475	0.0	33.35555555555556	28.362912621359225	22.11594333102972	26.35839352788212	21.09444476828913	0.0	32.82727272727273	23.795782312925173	25.88454019968471	5.396036744353966	18.588157894736845	16.66378420845882	6.821647241647241	21.07794871794872	9.281644137931035	0.0	10.1187146740638	8.840978287034808	4.513573717718408	22.58	12.656	28.6625	6.633955575692849	11.360584551148223	13.48742268041237	18.51209435551812	26.128571428571423	20.442991641003083	14.229150943396226	10.906359066287362	12.117350246652574	12.793753807045732	7.249625247378837	21.44	20.22232484521205	19.64697027057121	6.121292439796269	12.319924821166731	5.730029214641691	28.360000000000003	18.94570281124498	11.206595518941525	10.79195984103744
27.18906574394464	0.0	32.49076923076923	25.775377207062604	33.28825396825397	25.839710843373496	23.8449135577798	26.066049315068494	14.009475015812775	27.278287777204746	36.540000000000006	24.96764252696456	32.88	26.539978260869567	28.06	25.249056603773585	33.984	0.0	0.0	25.71589608681355	26.83311827956989	21.256	29.27368421052632	22.332331159757803	0.0	35.895	32.961927710843376	24.99087699424148	29.08983606557377	24.600601277715143	0.0	34.64666666666667	26.13055555555556	27.484956629491943	8.173498049414826	22.076666666666664	21.55762185324049	15.01151059466849	3.173100881488737	4.605597874355004	10.1187146740638	1.6800000000000002	11.523288677108152	8.264874428367943	9.91309210526316	13.384114394661584	16.132916666666667	4.038165149151384	5.258653856087608	17.445	24.118358208955225	17.04727272727273	17.6285	16.04261978021978	16.461443298969073	15.828490566037738	17.525468599033818	10.907362747321654	20.24	25.080041365046537	25.34398115429918	12.379681418048984	5.226045463452872	15.253899613899614	17.634871794871795	3.2355973509933778	15.66447368421053	3.866168919158597
