1.0000000000000002	0.5318976239103858	-0.1694165562642546	-0.335750156100412	0.7346525754134366	0.522804233733637	-0.0133421055189594	0.1567792520014506	-0.0011375470036103	-0.3281348622289284	0.4461819434951031	-0.0801988008752661	0.1211760320892695	0.4192072701472488	0.3403951511828814	0.3095468704899429	0.050861385661456	0.3252480076662953	0.001258142901073	0.3465099753372533	-0.2342370219318408	-0.053084237220248	0.7623329561732911	0.5645451978958999	0.0074021720742906	0.1051259510465679	0.1194283895771095	0.5170322654327651	-0.0238620331073588	0.2972107792179478	0.485237939777413	0.4446546287120907	-0.0185900741843147	-0.0045453170519639	-0.31073535250247	0.6873300872087185	0.1239142840216135	0.0104515006525371	0.1279336278268827	0.1744847130531996	0.4043900230653712	0.7416931001741633	-0.5019947795038635	0.2887570607941122	0.8318653664288258	-0.1932656278074435	0.712787031008144	0.3620335244397347	0.1695011329007792	0.9480260866132628	-0.3783058070703019	0.7364063330768533	0.86859957752105	-0.232376113886597	0.7946637907523019	-0.4196245436911225	0.1645161349936729	0.7729048710111172	-0.0876093713216254	0.6973195940796353	-0.0073864183343837	-0.4863228245975067	0.8426377518157959	0.2510851379688517	0.8051687965071174	0.1406256659589513	0.2651576898544399	0.5589015164262778	0.8294132418479163	0.7941659513945016	-0.1249625315681716	0.3078106806525437	0.0294446226006044	0.4404405880678083	-0.217605925163202	0.3308146846505561	0.11389003081356	-0.3129827550601564	0.3333226504718041	0.8654773579290945	-0.0283076408949542	0.6299186176969509	0.2571614913876322	0.4453903887663296	0.9441203466294276	-0.2222099296903678	0.2685098369572825	0.8043910613614822	-0.1102063381054123	0.8477107781524859	-0.1076294005608878	0.495076994625471	0.7053013134355076	0.0991668997685689	0.7283265763092072	0.256982595056092	-0.3411300242508968	0.830358044478685	0.2417753894550782	0.7973131964937885	0.395924777591958	0.2436445567279868	0.5363517855082891	0.8661287951082014	0.8634157310313783	-0.2430483167105173	0.3148899817840761	0.4443421365436184	0.0949881535261592	0.1925751612412199	-0.1097054437048327
0.5318976239103858	1.0	0.0972454788223064	-0.0932345766619304	0.4980021163944684	0.5759921364726722	0.3624453079208705	0.5523020512864998	0.2680008150705669	-0.1194093405015662	0.4703508334344841	0.1735311776191279	0.4750505770519704	0.5121457633194483	0.4589242937876938	0.3493171065646712	0.2447525875047999	0.2930769241825721	0.2072277716630234	0.891804426866591	0.0396763283886078	0.3603355611498565	0.5594228802138292	0.5470941578379581	0.2095352087975459	0.5336718623031069	0.3113714106516158	0.4842798527857474	0.4797189780962393	0.5106325947194102	0.4169409471239139	0.3340794818975909	0.3322789535788801	0.0753059315283721	0.0087691198386969	0.5786717095214502	0.0349396150758877	0.4808626308360456	0.4998602248371103	0.4511312549520878	0.596495517178453	0.2798760367848389	-0.202757853988196	0.5768325070776874	0.4949682650585079	0.1408914992866469	0.469492571539893	0.437856229124028	0.3271593326298481	0.5301219724418371	0.0709201030507967	0.6183923261758647	0.6130389752202842	0.1431881135643301	0.5583806360348448	-0.053048012816846	0.333416800931649	0.699782556421454	0.4051647930734926	0.4793112955243176	0.3391931284462211	-0.0313966757734454	0.371425259780123	0.5148191265622349	0.4758983282118043	0.452646888171563	0.5752897967894675	0.6555148839888381	0.5813445496534497	0.5412698379738029	0.1704779826516712	0.4293674031643016	0.1290590633288407	0.2082291777439512	0.1301542422920689	0.5041636403576959	0.4381660181582598	0.0283728557520675	0.6194991786005362	0.3846512133215916	0.2437674484203424	0.4523451275348374	0.378358992987273	0.4162670919579237	0.5937679226949142	-0.1521138360943439	0.4260680817009269	0.6627580874375828	0.1603889006002553	0.6225070869797011	0.3213525454574206	0.3803075869703911	0.6565458334937982	0.4618448948035895	0.5944828232585768	0.480628365222656	0.0394919929517773	0.4396927852659533	0.5720835609740138	0.5993088264866121	0.5360273547609085	0.557998311747856	0.6229583279857471	0.6034962444151352	0.4770342967456646	0.3552047081816728	0.3124737551446551	0.5500424306396222	0.3408046692156617	0.372585682463561	0.3724514535107019
-0.1694165562642546	0.0972454788223064	1.0000000000000002	0.1884166014929116	-0.2979086651002324	0.0818043442938857	0.0497033316153275	0.4388621099514716	0.0661048684009294	0.1940689439625448	0.2209934881475485	0.1911841322485536	-0.0358443131539857	0.1904472954365896	0.2129411924273155	0.0068353553843943	0.2406873707581563	-0.0980327944178535	0.6597692374237135	0.1077546980042541	0.9484428724371892	0.1179467167942491	-0.2481728054904169	0.0061725486437354	-0.1053653953696165	0.6476365994010697	0.0635852602250183	-0.2794703523886722	0.4411205325321254	0.1836530657875532	-0.1849235792358191	-0.2807052106115903	0.4005738306905677	0.6776410731014882	0.6218726667838956	-0.2883761478783939	-0.2444106007605992	0.0167372310555216	0.0674888231021324	-0.2089241278439808	0.1359324567918833	-0.2672049699764608	0.3680826857815967	0.4023575425798904	-0.1152312459736986	0.5351556923930672	-0.0481452361665684	0.1054889630019799	0.4242657789695631	-0.2438218201481421	0.3851228013628086	-0.1352868817310833	-0.191463713056878	0.1750586259561603	-0.1730613411687615	0.2420461435422445	-0.0017015023434004	0.013610600319021	0.6073861293523516	-0.3201905545606257	0.6210183030401287	0.4541966053330614	-0.1463472818961365	0.4198578898801524	-0.1137436365886592	0.5124623323590906	0.5230799355767691	0.3668762523249737	0.0034579912303542	0.0379155549450884	0.2066973513458424	0.4106536575171728	0.1222587382125511	0.0101970061525992	0.2112293319807787	0.2333544358954516	0.3420167617127175	0.1062437698217443	0.3216776596441691	-0.2337010349844773	0.3416104951901994	0.0228145050049751	0.1274399448404351	0.2233353047586621	-0.165966719982552	-0.0594784435348164	0.2055791214213963	-0.1095890739321109	-0.0571253874754272	-0.1031450827118599	0.4854221539698416	0.0084455001799581	0.1037798584551043	0.6553491147524227	0.0028282592550169	0.2882047454675209	0.2536307559712539	-0.2048535509335652	0.4156952171846356	-0.0765591882744908	0.3841996925382512	0.3967913765060337	0.3753769018021655	-0.096774971507975	-0.1275067375620663	0.5859760303471577	0.3752348388939821	-0.1722131674059218	0.3094404699088978	0.0750948859295594	0.6501628154231063
-0.335750156100412	-0.0932345766619304	0.1884166014929116	1.0	-0.2959098338100736	-0.2264475600098353	0.1803436260839455	0.0351349287126387	0.1012448486906751	0.1120349707568776	0.0647248549632793	0.1358263435553193	0.0475069167414693	0.0352958516263016	-0.0080569825289564	-0.0304342236559532	0.0583408149746874	-0.0717718457655945	0.0925735346964283	0.0115000338688384	0.2143545885080205	0.0075562453409607	-0.2681764274751825	-0.2800281894367152	0.1336844810206278	0.0118413726076678	0.2080402416499118	-0.0914129618155239	0.1468490290027266	-0.1551810994686322	-0.0194097617111711	-0.0734748748939506	-0.067963704580896	0.1485002326541996	0.1346756268459087	-0.2566822756844858	0.0797063765918559	0.0745920132735838	0.0564345861387657	-0.0662693250278001	-0.1543446465822062	-0.2496618508645543	0.1453764630843591	-0.0524946914417232	-0.2490333723646572	0.0386867827059732	-0.3331105304002855	-0.1990843409403821	0.0060858863240635	-0.3298096199111862	0.2116646016742739	-0.2795959558686395	-0.3268649208458508	-0.0117328093702363	-0.3216255439509497	0.3394756801659969	0.0748256924730988	-0.2683015454821444	0.1374160270322347	-0.3336974642177746	-0.0051876147799428	0.1422216278079396	-0.3003983885276112	-0.0574192442346257	-0.2389714361383715	-0.0781432002608441	-0.0623987433436366	-0.1572970168100172	-0.2681566847141525	-0.2926853557228079	0.2286252729037531	-0.0532742616105704	-0.0514686540478543	-0.1175756128178312	0.1235271813421191	-4.455286730840471e-05	0.0372684933435331	0.3281617698983391	-0.0533860212702325	-0.2983397552400693	-0.0810095445027396	-0.3189934617008147	-0.0938401442882855	0.0214206632064148	-0.3391364200655258	0.1936931575463502	-0.1247117560707962	-0.2870589234833867	0.0151401319498358	-0.3322494479590149	0.1264949705322577	-0.1581570815874718	-0.2170704736862119	0.0251700239392761	-0.2429574553525054	0.0959956891475912	0.1459859400435229	-0.314663931581542	-0.0266924730779902	-0.2121551864955983	-0.1199057385623059	-0.0618874191764125	-0.1900940314041649	-0.2714714325563682	-0.283385041794411	0.1371327771768853	-0.0386752706180407	-0.1706793277836527	-0.0152607999833396	0.1066286348081511	0.0500102730327877
0.7346525754134366	0.4980021163944684	-0.2979086651002324	-0.2959098338100736	1.0	0.5221331417172836	0.2420262312039075	0.2253573495743436	0.0631098950011145	-0.2755795706966863	0.3965989522366527	0.1008059637295443	0.5101127390030392	0.3517795772979253	0.2900098252170318	0.420319414236802	-0.0308147225424438	0.3163351988895734	-0.0410116417384919	0.397851487539081	-0.3237254996849013	-0.1148169539936553	0.9079539920509894	0.5693815943628429	0.271166675161504	0.0693945610671191	0.2291510161525835	0.5819885007067183	0.070462524314789	0.2339500412118301	0.4130745616042816	0.5068642641134727	-0.0435625665086135	-0.0642180000110185	-0.3967121884970497	0.567729372845707	0.1908407295502368	0.1601930165178088	0.2670769276465633	0.2427914477548149	0.3003323799625518	0.597549925768255	-0.5155172566694423	0.2065683052001671	0.5992612645664785	-0.3026899853535411	0.5735639005147091	0.1083744631937195	0.0121929514251152	0.709832443375521	-0.3618472570835703	0.53997624433892	0.623380555788252	-0.2076729059432202	0.5687884331775306	-0.343712769541211	0.072734343492858	0.4735086399640831	-0.1648106225902035	0.5891358403889285	-0.0862220017460357	-0.4576808333854281	0.5527663773629087	0.1711234506546693	0.542930930473324	-0.0193768046564202	0.0560344346226733	0.3418659219074493	0.5602144667433552	0.4702448915905203	0.0411543208013257	0.120176428340981	0.0386765236982517	0.3720595654136664	-0.0331681770132758	0.367392389623153	0.0998291000836229	-0.1972639180901964	0.2376764429703919	0.6153236217095779	-0.0414254351798943	0.506509096418449	0.1700589120676026	0.3556112092310064	0.7402314222606258	-0.0644763028611058	0.125011773583351	0.5712845303605643	0.0448232484162912	0.6222347986600667	-0.0868692480022898	0.4677931226896036	0.4235202389072671	-0.0420632548635946	0.5746235141220697	0.2163292025392171	-0.2034404566004568	0.5878069060607882	0.1952492912836861	0.5448240087256303	0.1842757764664234	0.1389447424441409	0.3126860756259305	0.6177818067751645	0.5678358486189968	-0.2149464787334671	0.0888013468280726	0.358849170396097	-0.0503433614729835	0.3228789931554747	-0.1643938596441317
0.522804233733637	0.5759921364726722	0.0818043442938857	-0.2264475600098353	0.5221331417172836	1.0	0.1892402628513833	0.3854823845538083	0.22660340941579	-0.035120540614383	0.2617658438387152	0.2873855889261467	0.4086527443469752	0.398496656182662	0.31801056858313	0.16166790138064	0.2343337960328363	0.3503435659682371	0.0638023107288898	0.4302420093424456	-0.0177486305073582	0.2496748381275635	0.6015805997626792	0.9428718135673656	0.0337555579223137	0.4557459824190631	0.0850903227205345	0.2734067389778382	0.3610879589091297	0.4835696753152727	0.3045397238185763	0.3192942140614893	0.2382718201773493	0.0276013612453219	-0.0029469522765782	0.4612628635997047	-0.0826931689360034	0.0648589413546887	0.0706266676412188	0.1746296246546023	0.4761766261393866	0.3507833004867234	-0.0700567647527805	0.3374946187704471	0.4868531458537057	0.1465306803417099	0.6542946374110621	0.6117386279095038	0.3461469361328229	0.5704566849435857	-0.0154786280473279	0.5636462710654053	0.6562670813177343	0.0846779852455971	0.5947426851066071	-0.0220963354945951	0.3571885620870811	0.514779532623786	0.220493672137722	0.5577375923136119	0.2618104009146524	0.012215354814154	0.3494114391266408	0.3527887167993391	0.4294834962024968	0.3763051564164186	0.4409368445156036	0.5653115816803319	0.5221477568704823	0.5003613606574977	-0.0142096494227715	0.3472080814805508	0.096499589033816	0.3866163541383888	-0.027006877723196	0.2849474035617373	0.3311506248759066	-0.2963538077183845	0.4357031525033149	0.4291568599809983	0.1680652708036845	0.6148164241713417	0.5350090024571584	0.2890324141896333	0.6338472855963544	-0.2325281592888819	0.4531303315529856	0.6425863815052243	-0.0542601570157967	0.6185533594918711	0.229400358053014	0.3694475748186885	0.4611220068364046	0.2440437615334018	0.5020916738608936	0.1557880112749184	-0.0913190600448604	0.3927348252149554	0.3683276089374202	0.4160575870744106	0.4006163120738417	0.3673752524507245	0.572696676319868	0.5457161125713439	0.4568781833658726	0.2270103671911873	0.3069565820525702	0.3198977424309836	0.4830769432318435	0.084560851956207	0.2828820886749198
-0.0133421055189594	0.3624453079208705	0.0497033316153275	0.1803436260839455	0.2420262312039075	0.1892402628513833	1.0	0.58213913184199	0.5521607398489415	0.2529966086428326	0.3490474732929914	0.2555405505645141	0.5998443176854776	0.3074543690216667	0.2491585639968774	0.6335298173437696	0.149187376671635	0.354721042177085	0.2549609467612559	0.4926103971438646	0.0647706351038456	0.1405841838500366	0.2421752498791862	0.2271544671464902	0.8822643597509814	0.2785972743294347	0.5289831075073369	0.4618005854482302	0.3615050807040227	0.1827181575035485	0.2321068356274008	0.4744767533049654	-0.1077267543517881	0.1715127695468979	-0.0101446231548251	0.0430918463785526	0.466479266588188	0.3948493900797613	0.3873243637801175	0.3227200360286475	0.1790006916792017	0.0901173724335662	-0.0292114540984577	0.0977808299822308	0.0800965416702933	-0.149685285474822	0.0572987236227395	-0.0113800005801463	-0.1210769815402993	-0.0334418241596074	0.0848741987980881	0.0449199099526937	-0.0158731230957707	0.1458508627096317	-0.0584423754226391	0.160475504604175	0.2588734014134638	-0.0285145932789008	0.0072731716702434	0.0149135463912549	-0.0201058432818691	0.0245664824657066	0.0043017159723	0.1539147601537773	0.0519061694582867	-0.1011661975684106	-0.0026022118404642	-0.012439604659197	0.0424356898268963	-0.0942273771875789	0.4781188669515218	-0.0096245987536364	0.0419285317504134	0.1320666450870765	0.4419541585002893	0.5772182411104322	0.2436554073137877	0.3955123741001387	-0.0176174747581863	0.0344737763153621	0.0031418585211313	-0.0239151431099082	0.2177125887314249	0.1960237757183859	-0.0171395225607463	0.3922991875473833	0.0588484876149978	0.0384340364720445	0.3029398044792184	-0.0149219973862844	0.2550604639724944	0.1444089825089587	-0.059790373862138	0.0337966418423446	0.1862465261103576	0.4120413864231156	0.1400753623097344	0.0466058621206605	0.1684854087978443	0.0792504024190752	0.0214179472817631	0.1956334583096129	-0.039566350817854	0.0499126015842346	0.0558270333147535	0.262944682450879	-0.1772785979801784	0.2708739801655336	0.1328293731565343	0.6435148154341974	0.0558420074481739
0.1567792520014506	0.5523020512864998	0.4388621099514716	0.0351349287126387	0.2253573495743436	0.3854823845538083	0.58213913184199	1.0	0.3362349347600535	0.0429714362548331	0.4515156088741623	0.211085265921135	0.4021851087133286	0.2769116082330725	0.2295708396843055	0.585518798640586	0.241061280620728	0.2318350653549049	0.5636791263182761	0.6233352483681668	0.4007174191869395	0.2309465040237452	0.3153479750603041	0.3836913286991956	0.484193210799272	0.7242727659178639	0.3551687428135295	0.2149176094202552	0.3683066400311109	0.2898122784225145	0.4084396145018847	0.2209867977908136	0.2008969387138615	0.5020412543397731	0.0723536214774337	0.212792450178833	0.174213033504707	0.5028596337192117	0.4155859262030224	0.4942611928123129	0.4471390493653304	0.0688173833744958	0.0342422343736499	0.3145707808889812	0.1853057182067189	0.1714370121685303	0.1494629656368037	0.198304534709027	0.1727261305187002	0.1093987962624219	0.1785164305025878	0.192257345215196	0.1764870496239493	0.1580852862316717	0.1771415200990501	0.1002125049732106	0.1903328016079307	0.1749396616897166	0.3221671229615267	0.1516925890332471	0.2550580006298115	0.1320420583078787	0.0916297269264444	0.276863851412286	0.1609770300369804	0.2137699656663066	0.4382129933469576	0.3215570455329701	0.2500508161218462	0.1741464758929211	0.2502894462296834	0.1995662122342755	0.084556587527372	0.0430523977306757	0.4244988850785204	0.4122477193250558	0.3754852150517294	0.0767078295813299	0.3413428225114831	0.1241971687263251	0.1944110783408191	0.1849427394327636	0.2011274367113708	0.3028031108438389	0.1509436843172975	0.0037326550381534	0.2134247079332799	0.2307873713460631	0.1480185930137358	0.2151163539118063	0.2172745537250861	0.1276958578566588	0.1616949555230527	0.3591462113913604	0.3232937886231833	0.3666666754516816	0.1494991747505509	0.1279440885813052	0.3419258993409142	0.2137406576106641	0.3031112830316899	0.5687895724294152	0.3098870800544516	0.2425340432181131	0.1673549178925131	0.3525017720869925	0.1935678638231231	0.234337533224601	0.3230211671701521	0.3099003092649852	0.4226462239464552
-0.0011375470036103	0.2680008150705669	0.0661048684009294	0.1012448486906751	0.0631098950011145	0.22660340941579	0.5521607398489415	0.3362349347600535	1.0	0.4344004236477151	0.1909175925485664	0.1975585611587977	0.4455633414552291	0.2803442165251286	0.2624574350674893	0.2433868825578246	0.2759751768745368	0.5001003858458121	0.1788952166711682	0.3804262254912111	0.033757440023012	0.1669354139719478	0.1164307606948896	0.2491946050332782	0.5016555748310224	0.1631016965448217	0.3356263768548966	0.3394374462471172	0.2958660237772837	0.3110569817108344	0.1563348286140693	0.3889096563368752	-0.1658172695194342	0.1235006159844891	0.0900115790103929	-0.0159188960414845	0.3660259229148901	0.0322635202622738	0.0078179147754848	0.1422117696436002	0.1887228466477822	0.1233714129737166	0.2410198601072719	0.1141033598381093	0.0494095238644709	0.1159852390601372	0.1650829291193667	0.3373672100682846	0.0530357373260679	0.0019319652626956	0.1652309774190938	0.2041364945946662	0.1017917085878103	0.3195160257457814	0.121305742701223	0.3272224530021554	0.4010323150309943	0.1177662987324407	0.045436264757058	0.1560376893206936	0.0769336591523668	0.18116047245696	0.0953378042092565	0.1682957590233934	0.1030779507908284	0.0937798406458988	0.1670403109625698	0.0663555134954959	0.0713257322190322	0.0838843817746172	0.4320412082844853	0.154213647330556	0.3126598836173726	0.2520611451284268	0.1862260688031831	0.5041731480773817	0.2925377684712287	0.1900711379391768	0.0644415406584136	0.0295059042846802	0.1785208357085791	0.1099565308324547	0.5132817734046311	0.1015170427352375	0.0109486369550529	0.3260334806122255	0.2644077077476146	0.1939701214931454	0.271610884023679	0.122128282662753	0.317027065017552	0.1934415177109525	0.0540260833273173	0.068419781220599	0.2640422480606996	0.3651980101910477	0.111675674077679	0.0406474055946089	0.1619692422635246	0.087777718124735	0.194903793320205	0.2514074890093273	0.0685841067647922	0.0835264342276713	0.1269050703700114	0.2894640941765388	-0.0849981977698824	0.3353871221874336	0.3915644754222975	0.441517258603943	0.0885221991050501
-0.3281348622289284	-0.1194093405015662	0.1940689439625448	0.1120349707568776	-0.2755795706966863	-0.035120540614383	0.2529966086428326	0.0429714362548331	0.4344004236477151	1.0	-0.112147774115636	0.1712843032530799	0.1302140930539006	0.0699634300614894	0.02967573854137	-0.0404643912299063	0.1979476597950655	0.1259822099509395	0.1421160988051082	0.0012362097984756	0.2051386724037801	0.1372769573644678	-0.2982352334805953	-0.0459930109663781	0.2535849654465386	0.0480533765921306	0.1874008609201339	-0.0277100385073539	0.171252360926386	0.0939505581182108	-0.2089193818136021	-0.0149903100200554	-0.1148673948262281	0.1925148334237397	0.2630812261373447	-0.3409781417881477	0.1313795909254659	-0.0523376830883089	-0.2268877964437903	-0.1253655180346123	-0.0147029848100678	-0.1929242746663302	0.3312407251396838	0.0191031455038996	-0.2624816642385928	0.2934995201984197	-0.0391522733172194	0.0723955249102631	0.1654645651555156	-0.3736455819691916	0.3130539356086225	-0.1975007548082805	-0.3025048778772416	0.3223752858358775	-0.2543775076659738	0.3864620931204662	0.2531602153875016	-0.1872003245066396	0.1570719492564826	-0.2726276726596759	0.1659708080572152	0.3439136433438479	-0.1961959882200607	0.0844326282252623	-0.2233239928206122	0.135384154383959	0.0315752945279902	-0.0655335564859675	-0.2499821783202143	-0.1484508969189173	0.343786977546493	0.1597124676096362	0.2698347030305378	0.1729175503155422	0.329681690808274	0.2006463174549671	0.120847595018036	0.2219725832800602	-0.0227125756597492	-0.3086095984440176	0.2654302437790501	-0.056332648204958	0.1917747287506686	0.0205907192698203	-0.376986164560345	0.2949450730893092	0.1411447750092921	-0.2795162306910816	0.1565998368286985	-0.2740399048671776	0.2817101002355523	-0.0272541412100629	-0.2064040455223345	0.0704175378663125	-0.272270421810196	0.1703861173272537	0.1825168734663429	-0.2572577790292529	0.1178483045421627	-0.2282421621216728	0.0625109083343322	-0.0268846340056601	-0.0414096235987344	-0.2722879818257322	-0.1897341801931201	0.3143417440751455	-0.0266899815425069	-0.037134424024925	0.2893634909158284	0.2128495730038624	0.0933946638682682
0.4461819434951031	0.4703508334344841	0.2209934881475485	0.0647248549632793	0.3965989522366527	0.2617658438387152	0.3490474732929914	0.4515156088741623	0.1909175925485664	-0.112147774115636	1.0	0.1890014216852467	0.334617552335768	0.5828460290405344	0.471367768109967	0.5300514094952511	0.1291939792290423	0.2647955706557905	0.3069492387934542	0.4082033434436807	0.2329002990647661	-0.2099043142186895	0.4523463303227072	0.2985376652816575	0.3212474545001	0.3548035631474128	0.3407173615709557	0.445581733900336	0.3694972120279189	0.2144059741398478	0.4452377610107631	0.341475984174534	0.0814037160595617	0.2838586820936561	-0.0637720422129492	0.3220192682333542	0.1822807815433249	0.2223707970072596	0.448017147847397	0.2146299311628554	0.315775400276378	0.4219258258486095	-0.2431732653308724	0.2444890272722345	0.4250503094983912	-0.1153299901706092	0.2001006454617947	0.0707010890546311	0.0177750446112566	0.3895684910339199	-0.2140925712429129	0.3695524992619904	0.3579767199865057	-0.033018290982753	0.3191525260059107	-0.1093788907146151	0.2054370230940995	0.3986128649930265	0.0595058060389898	0.186895540392954	0.0398640058329784	-0.1466099468496864	0.4051363268039746	0.2882828806481796	0.4217080727238491	0.0466521987267453	0.2541085880262277	0.3230751225092665	0.4553669332208565	0.341304817172023	0.2663065324600399	0.2074006185674468	0.0289014434212565	0.1526135631693598	0.1244227338760808	0.572564445579374	0.3346511836151077	0.0851246804293693	0.2113430435582168	0.4063978107355177	0.0014668718468564	0.0833257867425395	0.1919959341674422	0.2858905905342006	0.4398006368714634	0.0020695028842443	0.1411578930961301	0.4511563398783602	0.1248006831701042	0.4246501269033231	0.1901708712518045	0.4340894695211499	0.4015024143251118	0.2881859443314301	0.5156024204783191	0.4145667576306301	0.0382554172479875	0.4222910855344378	0.2516722982585889	0.4485097084734464	0.2363091030232342	0.3340772693742782	0.3068992600641496	0.4525439142215781	0.3955075359224744	0.1179783436220017	0.1190446808394361	0.4148984200967039	0.0086314644482199	0.3958312919142949	0.1784859354336717
-0.0801988008752661	0.1735311776191279	0.1911841322485536	0.1358263435553193	0.1008059637295443	0.2873855889261467	0.2555405505645141	0.211085265921135	0.1975585611587977	0.1712843032530799	0.1890014216852467	1.0	0.5406237352748786	0.2776598846741639	0.2817741575596946	0.0522938863652253	0.1152584848066862	0.1926707035006424	0.1131278072288341	0.2141322471196036	0.1700674450440021	0.0446275875222345	0.1407681259215322	0.2903168586995112	0.200359972043731	0.3080359005784756	0.1294912597079105	0.1017393384541804	0.3431819326638618	0.1631871814138898	0.0923497317652361	0.0892335750528528	0.0764804581184088	0.1698646090168488	0.1497331252326258	-0.0285796624391763	0.0778435387919719	0.2121020710146196	0.1291777881585409	0.0335755533406523	0.0400517250304987	0.0339495535437703	0.1780117030306249	0.1152786792805931	-0.0246893973896993	0.2136573005257674	0.0751075780846573	0.1398666451595437	0.257019501190693	-0.0668002551301142	0.0768119558159935	-0.0036066875074031	-0.0010959694859172	0.0750462435875057	-0.0480401301918059	0.1937986152535561	0.1514417171007719	0.0188178503421847	0.2761983051376942	-0.0293185330828684	0.247429661054157	0.1516274639195311	-0.0943331816196048	0.157959734603533	-0.0220734024997159	0.1256133549099889	0.1591393508856824	0.2046192493956071	0.0261225117777985	0.0538115760727537	0.1577299421755266	0.2574887640622575	0.0796600891718034	0.1040128790017152	0.1016678053630213	0.1946277438489805	0.2296516456365864	-0.0511437413471684	0.232219233491332	-0.0678648099776654	0.1915875795206272	0.0458041401600767	0.2263815430787281	0.1514722502227418	-0.0464538440893955	-0.0354913573403241	0.1715810625672451	0.0681694959380509	-0.0358859820170913	0.01862312353406	0.3533726192724074	0.151747671438115	0.0155618242666802	0.2463818832743936	0.0959285042943684	0.2050786277444158	0.0205167402134189	-0.0903517944069554	0.2490211160248459	-0.0306744011206305	0.0856885892442684	0.2006611228548118	0.2289913137773293	0.0180233316148449	-0.0168704945469058	0.2885320926322158	0.1065232791126266	0.0445612555057733	0.1698957024661707	0.2387710586274643	0.2275704557361552
0.1211760320892695	0.4750505770519704	-0.0358443131539857	0.0475069167414693	0.5101127390030392	0.4086527443469752	0.5998443176854776	0.4021851087133286	0.4455633414552291	0.1302140930539006	0.334617552335768	0.5406237352748786	1.0000000000000002	0.3637259498528687	0.3410549516542899	0.4044028050228354	0.1749882691370236	0.3962665998595443	0.142809578072221	0.544532433831175	-0.0485382265666297	0.1042288098180289	0.5231866845603564	0.401605798024592	0.5312296522810843	0.2649066968439222	0.4055240286841155	0.4862610276203732	0.4875588041359074	0.359834099512681	0.3214713946525322	0.4842376804226194	0.0394376868831676	0.0592637584530305	-0.1020262861110995	0.2401987034507741	0.21906149003156	0.2705823247677775	0.277244700588977	0.2504844340876727	0.239383797202534	0.1530668417283225	-0.1064089245320543	0.1954451068634759	0.0824508792029293	-0.01245352928815	0.2577257008104444	0.1462617723900532	0.105807491336631	0.124629024091411	-0.026409376927147	0.2416937796683369	0.2053410559609559	0.0758299952762114	0.1651520378349616	0.1823401147998339	0.2988389688041048	0.1332273287500505	0.0901753242964947	0.2613959196757496	0.0946319036655792	-0.0463807055969188	0.0174789272859112	0.1628529726645819	0.0687946934428663	0.0384653226788882	0.1006040336375668	0.1782237365224462	0.1002045658921883	0.0576677705471046	0.4272545815015298	0.1748469847924819	0.2084166498056982	0.1591096867950925	0.2985254707862892	0.483371594841614	0.3306253053887055	0.1684674213633932	0.2221826647092431	0.0456251057812361	0.1790948391396018	0.2079164728585683	0.2948238518797311	0.2762680349324768	0.1737345580778786	0.1520751639517003	0.2420849627215048	0.2784427031539785	0.177927107624484	0.2067430806921764	0.3178743606021762	0.2847451363591623	0.0621231943369853	0.1089306301675786	0.3230287947794757	0.3762813000214742	0.0092850603577608	0.0439556370759054	0.219658013967574	0.1060443721957535	0.0813720982488068	0.2409765497541794	0.1963304502511038	0.1475351734400143	0.1082194615230354	0.2941897937612909	-0.0488778150001396	0.3239604500371186	0.2076614323346914	0.5238749269778287	0.1607510006505489
0.4192072701472488	0.5121457633194483	0.1904472954365896	0.0352958516263016	0.3517795772979253	0.398496656182662	0.3074543690216667	0.2769116082330725	0.2803442165251286	0.0699634300614894	0.5828460290405344	0.2776598846741639	0.3637259498528687	1.0000000000000002	0.8164334546027466	0.209460769800781	0.1964678471572963	0.394077680609014	0.1312298690873315	0.4539942537203168	0.1495192641785898	-0.0674385223031627	0.357061261459992	0.4011731234772644	0.1935694412584276	0.3450484331771377	0.1820179797587474	0.4171581217844229	0.5767437721043784	0.4235137378101393	0.2033623435568499	0.3458647220507424	0.1305227977813544	0.1896234336093208	0.126311946770991	0.1888231210143326	0.2107346828898841	0.1442831096239071	0.2924568982923441	0.016642302255639	0.2298059167514124	0.4232546053205995	0.0327593269702108	0.2783559885253169	0.4610044341046264	0.1389357485896776	0.5168044564637868	0.3936953499054788	0.3332456762137015	0.4347345700052071	0.0205002752405295	0.4691853689827783	0.4685478457503206	0.1137755079696153	0.4235640256050989	0.1513438079424215	0.3517671804078356	0.5197033856950491	0.2054427860030966	0.2857140695633158	0.3041232004850321	0.0490316900568996	0.4504005721501671	0.4719684296091477	0.4798411649853053	0.3258355854431425	0.3854145925903519	0.5087340919582796	0.5112413648603205	0.4897798573768595	0.359472396527882	0.4450390720787693	0.1619088722493369	0.5164826380182451	0.0265150711755698	0.6450863737635506	0.4772535240670487	0.0457267003441842	0.3191674619442037	0.35801750148749	0.163594378251141	0.3640382629756289	0.5195043171570475	0.3789274754113925	0.4928687491560933	0.0558945813571694	0.4255508443941693	0.5123662226398078	0.0760655765841399	0.5499015273530153	0.5573211845000174	0.6286969895004537	0.5429858329994574	0.3936279623827564	0.5223732931451383	0.4499544087910148	-0.0145037395858918	0.4171047848136078	0.3967217333635741	0.476436006559702	0.4496045344307728	0.3324830389764225	0.5137817052015642	0.4833069810900531	0.4685520080482985	0.3228257765991225	0.2630188903677273	0.4296354802167307	0.3134705530382325	0.4548784491411337	0.2488510562384815
0.3403951511828814	0.4589242937876938	0.2129411924273155	-0.0080569825289564	0.2900098252170318	0.31801056858313	0.2491585639968774	0.2295708396843055	0.2624574350674893	0.02967573854137	0.471367768109967	0.2817741575596946	0.3410549516542899	0.8164334546027466	1.0	0.1114140841076074	0.2094939177831306	0.3812205655358081	0.1837436546270324	0.4209102612208764	0.1434081511160427	-0.000421433561047	0.2947419171253177	0.3048436950209273	0.1187537559091511	0.3413643997764267	0.1430779874181853	0.3299899069838499	0.5811887892803628	0.4915952759040199	0.0951126398690225	0.275741542183741	0.1225227622971993	0.2163660186430885	0.2085463208398447	0.0689728657294422	0.1653048619664085	0.0883113367174071	0.1975714102792094	-0.011261389704894	0.2003603382301451	0.3434210158026554	0.1173200185732984	0.3254336640015437	0.4108333774859132	0.2407556681266866	0.4606637566575912	0.3599982435067317	0.4078308501904232	0.3645274417766175	0.0290222514706631	0.4009122899786165	0.3949464784452922	0.1362951234229608	0.364439826539421	0.2059613325401338	0.3177036699329765	0.4840108721743804	0.2841241304841395	0.263474835232211	0.388115717381149	0.115039193825744	0.4009302283344799	0.5157431037155613	0.4568730731866689	0.3735682845120852	0.4440878029828464	0.5188818448238374	0.4718764733908804	0.4825114144684574	0.3654265107607298	0.4982655243364874	0.1841133884563843	0.4934833041374257	-0.0140283229238106	0.5993244256677827	0.4672292055081303	0.0262577953279278	0.3861992403851624	0.3151348375818037	0.2243537096800075	0.336726635491202	0.496973125094565	0.3828257687238738	0.411626445041536	0.0529009846403219	0.4246829226067738	0.4512698504215874	0.0796871278427373	0.4600405301282825	0.5682578241249275	0.5283335507051246	0.5149535285456115	0.4779052038251213	0.438744759155759	0.4790667703224003	0.0140626895197316	0.3798867290914333	0.453571015023666	0.4691997970580104	0.4811617326888533	0.3563323715375004	0.5260849806822027	0.4486390573946116	0.4321990085732108	0.3635822569415777	0.3336704791752556	0.3336028239654239	0.3261926127305269	0.4334647405383636	0.3232351981156243
0.3095468704899429	0.3493171065646712	0.0068353553843943	-0.0304342236559532	0.420319414236802	0.16166790138064	0.6335298173437696	0.585518798640586	0.2433868825578246	-0.0404643912299063	0.5300514094952511	0.0522938863652253	0.4044028050228354	0.209460769800781	0.1114140841076074	1.0	0.0405339673859173	0.3294186735830607	0.4411851819525983	0.4064372533076748	0.0664608997438259	-0.0258474333064887	0.4514388759325018	0.2291702715208695	0.6474758500652782	0.2240949099346362	0.4381454627920778	0.484623197998638	0.1575992977885107	0.1190764776466617	0.4956055931814395	0.5043304963693996	-0.1422376407961275	0.2666791288738656	-0.2777643655955754	0.3332892463551534	0.4392017810202542	0.4092807545514086	0.4189462455894458	0.4555402970036157	0.2939970650386511	0.3209959559480315	-0.3428965167857575	-0.0378079316299722	0.2597152445591416	-0.3654645404106862	0.1272323288808774	-0.0658111213373133	-0.3120687617731399	0.2385288192818442	-0.2808521004195605	0.2046511850166875	0.2384573307726651	-0.078309866615021	0.1631390015636414	-0.18604545951001	0.122000440639551	0.124927804859764	-0.1956303423592925	0.2796884812614543	-0.2919900657298043	-0.3028952659537361	0.2492457861364753	-0.0674045811696858	0.2508995238226427	-0.3201417545113366	-0.0982139570540188	-0.0431943677551733	0.2302785525698681	0.0837337250082427	0.2486681361107859	-0.1434949525062564	0.0181100534441391	0.0497929121059496	0.3037689379647817	0.3763075502552204	0.1056518514693704	0.0724448376843107	-0.0284687302444672	0.3325646059904527	-0.1905207491736534	0.0447823569788883	-0.0252078175145187	0.1301689456745559	0.2451879613922582	0.1184741316783074	-0.0885906894850664	0.2496813515083274	0.1548236666584228	0.2282464355760619	-0.14011783340741	0.196178218306582	0.0451918401443915	-0.10169993249187	0.3477098342094148	0.2398499787877856	-0.1021060106157525	0.319446460099409	-0.0100608653372026	0.3002634623565821	-0.0879375736843049	0.1623566527815746	-0.0603575761736453	0.2886619872712715	0.2745789520086267	-0.0710437832627051	-0.1414573971731418	0.3131087580552913	-0.1165099710197347	0.4043870947725319	-0.047423783602779
0.050861385661456	0.2447525875047999	0.2406873707581563	0.0583408149746874	-0.0308147225424438	0.2343337960328363	0.149187376671635	0.241061280620728	0.2759751768745368	0.1979476597950655	0.1291939792290423	0.1152584848066862	0.1749882691370236	0.1964678471572963	0.2094939177831306	0.0405339673859173	1.0000000000000002	0.114148453403018	0.2701979227272692	0.2639217709670017	0.1757555395689461	0.2448497991516848	-0.011039710091953	0.137846360041252	0.0456218700165472	0.3803242459932573	0.2414209097049741	0.126284583315476	0.3403978919393584	0.3073301259951959	0.1130831674428229	0.0480404222840981	0.2190737278723124	0.1260283417486716	0.2654388072664631	0.0714439323178539	-0.0468777021765556	0.028234611262182	0.0906998189852229	-0.0151979162790891	0.2843628646200485	-0.0264872700634861	0.1266201241727856	0.1176658246573066	-0.0186025918077448	0.2301626255269222	0.1420238205244659	0.2910848168912375	0.2051719543468587	0.0038456825911742	0.2013146799683391	0.1456197646014089	0.1438761663118491	0.103901025121278	0.1883569933060734	0.1952797775792673	0.3039066031297568	0.1275556844816412	0.2461784369387357	0.0365915862824932	0.2324241107970363	0.1242307471250196	-0.0359436455726443	0.1459975888530707	-0.0222014141518535	0.241012552664944	0.286772630116998	0.1922342727480016	0.0623223092043476	0.0955579786136939	0.2337991145923086	0.180706023657077	0.2984408968809544	0.0764182297395685	0.089540245677818	0.2576578141112761	0.3024757131307576	0.1208693047772209	0.1082557972815601	-0.0817949861050166	0.1625551680904747	0.2305957560492944	0.1880856059536018	0.1044881887401996	0.0574339687253855	-0.0488501920215565	0.2619667495332011	0.2079966861017981	-0.0894786523223368	0.185917182791936	0.4140827801942752	-0.0070369129106275	0.1087355543050421	0.2995136342946754	0.1997242790144568	0.1625321994715865	0.0631250233876879	-0.0638261151996007	0.1458371619012042	0.0504911630016268	0.2133707020624914	0.240049827646756	0.2226264833862292	0.0338490565658212	0.0383850855738734	0.4670804456851798	0.019742270692045	0.3090465841255445	0.3693833490620375	0.2242392367620239	0.3669338851824883
0.3252480076662953	0.2930769241825721	-0.0980327944178535	-0.0717718457655945	0.3163351988895734	0.3503435659682371	0.354721042177085	0.2318350653549049	0.5001003858458121	0.1259822099509395	0.2647955706557905	0.1926707035006424	0.3962665998595443	0.394077680609014	0.3812205655358081	0.3294186735830607	0.114148453403018	1.0	0.073460380993447	0.3557707946453937	-0.1493553137617888	-0.0751601783953329	0.3876431357352761	0.4002833244925713	0.3436508683178609	0.0511586819834998	0.1669240928593457	0.4324653582168647	0.1495318978545895	0.2846028424309256	0.3160845689964899	0.5985131357519323	-0.3028540841230869	0.0973520024780573	-0.1761812935890052	0.1146414314073884	0.4419947982304136	0.0686231790160467	-0.0345497645839899	0.244202484955155	0.2033386760864361	0.4896860666475585	-0.0361572621225645	0.0075972972196818	0.3443791201177578	-0.0312491045706185	0.4006524897655688	0.4800742692174451	0.0397316390591322	0.3687494851701043	-0.1168134746912649	0.4429159592964304	0.4365086349286278	0.1752440505436422	0.4093052355478997	0.0922452122067523	0.4265928328866561	0.3662906859343943	-0.1019746754708216	0.4799730135624908	-0.0842022173027972	-0.1223244061396582	0.4551921324996579	0.1308473399863857	0.4468323996764312	0.0014540824827369	0.1090938712676889	0.1323286981438327	0.3863242303376255	0.3766854804385984	0.222582923568284	0.1642413743505217	0.2454249772404546	0.4979955679516312	0.0398938186946184	0.4260740455761854	0.1584281270280014	-0.1869991747824427	0.1163591771275577	0.4063355120063733	0.0925872839201683	0.3089781335255497	0.5626304246097781	0.136573284137794	0.3288536488577866	0.209667084325746	0.3022027635347933	0.4222190726126419	0.199392605138948	0.3900717919968526	0.070432648785453	0.4365254266171683	0.299892834850713	-0.103529801271975	0.4670969754073303	0.169139983006541	-0.1753639061469235	0.3546743074966212	0.1016804212691638	0.3648909094758677	0.2309761741253562	0.147332967083455	0.1471721328753782	0.4150715009692264	0.4709162692291565	-0.0410511697075835	0.0339439283215622	0.4034401874724695	0.258153889848222	0.270246918686761	-0.1214703911730264
0.001258142901073	0.2072277716630234	0.6597692374237135	0.0925735346964283	-0.0410116417384919	0.0638023107288898	0.2549609467612559	0.5636791263182761	0.1788952166711682	0.1421160988051082	0.3069492387934542	0.1131278072288341	0.142809578072221	0.1312298690873315	0.1837436546270324	0.4411851819525983	0.2701979227272692	0.073460380993447	1.0	0.2274423417221174	0.6630566997617846	0.1121813426857901	0.0061418792996708	0.0107045828114869	0.1596444539692602	0.5602471586766575	0.2819614045910346	-0.0470809936820188	0.3747136388237069	0.2927880143732239	0.1247064582871125	-0.0012844017311488	0.216136498145176	0.7153927065191364	0.2369174753381458	-0.0557438435879634	-0.0247546831639031	0.1274136659527062	0.1266842529126211	0.0270712303349348	0.3581855770880233	-0.068346367624902	0.1267738498185553	0.1398946820977392	-0.075556148639898	0.3210119471182489	0.0612690720176167	0.0596559212964424	0.201299108265286	-0.0848977678561935	0.1203199606846861	0.0249718938655358	-0.0246115518301056	0.0878215199595642	0.0130715141069769	0.2114733359104143	0.1079643317433951	-0.0116035313526261	0.3930382853139256	0.0039664981584965	0.3396336990138565	0.1383572822452632	-0.0297325608891016	0.1351647579063487	-0.0449715267546785	0.1831701426490582	0.2707469221277316	0.2045448960105846	0.0147439282143991	0.0392877908739598	0.3375501660670288	0.2495779308267706	0.2767076108862268	0.0653339891739652	0.2796209717235663	0.2867051497937581	0.2668096110140168	0.0449868338503292	0.2332617105659171	-0.0977330139922873	0.167619834713323	0.1183393314407096	0.0096020208863392	0.1987999874268978	-0.0399685914063212	-0.0410661695979277	0.1486686004918717	0.044714595876519	0.0156058749087631	0.0568685873230902	0.2491411972969907	-0.0189945694595302	0.0099028919714219	0.3950966605052773	0.1512620522009316	0.3135853329068114	0.0354344997806175	-0.0984691255447252	0.2016250335322799	0.0190638443431581	0.1977260842118793	0.3301211839949176	0.1918447199002975	-0.021182426109282	-0.0126651896188341	0.4506807096431034	0.1722110827602914	0.0552499004252622	0.2290916809911515	0.244799702204808	0.516829948726308
