0.0	19.724835164835167	16.205241004752207	13.706666666666669	0.0	12.03741935483871	4.833984495016256	5.920639431616342	9.15357827322194	11.40382118799755	18.90678899082569	13.24888888888889	18.071428571428573	3.6651343401963055	13.728	14.73910931174089	17.46824016563147	22.248	20.323150183150183	12.94434004474273	12.998070531009324	14.559627906976743	14.979405162738496	9.833697984024344	19.668571428571436	19.91973377703827	22.0372192513369	9.066277966101696	4.853132008118262	5.93502108939181	0.0	15.214545454545457	8.367706919945727	9.247686800894854	21.47643814026793	24.62	28.048695652173915	29.5	0.0	24.82	21.41189982728843	27.738888888888887	12.387909686817189	24.660000000000004	32.120000000000005	0.0	0.0	25.900794223826715	23.48	27.185714285714283	31.71272727272728	0.0	38.84	26.52	21.776640000000004	17.555555555555557	27.984615384615388	19.362462686567163	0.0	33.817142857142855	28.84189189189189	18.881465400271374	24.90672322375398	22.119823788546256	0.0	31.186666666666667	23.929411764705883	23.667389162561577
19.724835164835167	0.0	6.910445886108538	0.0	0.0	0.0	19.90884615384616	25.83652173913044	10.48863768115942	0.0	10.25536	0.0	9.22151439299124	23.69433962264151	0.0	12.582954545454545	7.995015724975599	10.285791245791245	9.675302663438258	0.0	14.45491448118586	4.948519054947044	8.256325247079964	19.76533333333333	4.043677735639627	7.3281092974875985	4.941117587218001	14.242917647058825	21.368333333333336	16.101616161616164	11.854985915492955	0.0	0.0	7.586733167082295	42.52	2.040068846815835	9.55020297699594	0.0	0.0	0.0	22.96	0.0	0.0	0.0	10.066666666666666	0.0	9.269743589743593	0.0	0.0	27.2	10.44	12.643636363636364	11.666206896551724	0.0	17.161739130434785	1.9161290322580649	10.8476821192053	22.4	7.118400000000001	9.46541215653622	8.534118447923758	0.0	0.0	20.74	13.24	0.0	0.0	10.62909090909091
16.205241004752207	6.910445886108538	0.0	21.285714285714285	0.0	22.87	16.612784810126584	19.68107472712007	14.156302521008405	22.093333333333337	22.866666666666667	0.0	17.28	20.00398742703188	23.28	12.014903950706778	7.15724929235746	12.493333333333334	12.557859690844236	20.28	10.177359154929578	7.488429008057794	6.854707194290448	17.86982456140351	13.36	5.0851415791028405	6.708203138712196	12.551453844409163	18.96761212121212	13.995370272647316	20.0	0.0	22.22222222222222	7.775333079558432	26.944761904761908	9.294663774403473	16.6979972839958	0.0	0.0	0.0	26.75523316062176	34.91272727272728	20.083870967741937	34.52	49.56	0.0	28.133333333333336	32.2568	0.0	19.83009900990099	18.116152787336546	26.78857142857143	24.59714285714286	0.0	20.89717948717949	9.85921052631579	16.760589576472217	29.24110344827586	0.0	18.61210598197214	16.063713444377008	23.51089108910891	27.052857142857142	24.612613065326634	0.0	0.0	27.928000000000004	17.50268336314848
13.706666666666669	0.0	21.285714285714285	0.0	0.0	11.648116438356166	6.12767665880768	13.617270498501773	9.515253066787825	4.7348366466813925	29.2752	8.188427835051547	26.126666666666665	18.009423713844118	12.029090909090913	20.2	0.0	33.68	0.0	2.6443429037686776	18.880000000000003	16.166666666666668	20.698	3.438387459445569	26.48	29.093333333333334	24.12	2.8348461115774093	17.120881946658166	17.629090909090912	36.760000000000005	26.088000000000005	15.43405303030303	16.530210039159844	27.112	0.0	0.0	28.01108280254777	0.0	28.39555555555556	24.98536420101637	28.49244444444445	13.205111244738427	27.987034764826177	42.32000000000001	26.50439024390244	0.0	25.60189873417722	0.0	0.0	0.0	0.0	0.0	26.383243243243243	0.0	0.0	0.0	22.35914262159934	0.0	0.0	0.0	25.66283261802575	32.11492063492064	26.56	0.0	0.0	29.660000000000004	30.488421052631583
0.0	0.0	0.0	0.0	0.0	2.817721287072026	17.860000000000003	2.7556100296403114	8.216818181818182	17.2	13.04	10.689056603773588	5.12	2.9756050955414013	3.1764052768378206	0.0	0.0	0.0	13.88	21.026666666666664	0.0	0.0	0.0	0.0	0.0	0.0	0.0	18.74	2.787603833865815	0.0	0.0	2.9143743067946186	0.0	3.4870793518903205	0.0	0.0	0.0	0.0	0.0	0.0	30.920000000000005	0.0	0.0	0.0	0.0	0.0	0.0	0.0	0.0	0.0	0.0	0.0	0.0	0.0	0.0	0.0	0.0	0.0	0.0	0.0	0.0	0.0	0.0	0.0	0.0	0.0	0.0	0.0
12.03741935483871	0.0	22.87	11.648116438356166	2.817721287072026	0.0	7.592258064516129	3.467429022553693	8.50259078590786	6.04278453262281	19.104103671706262	6.512852752801432	12.045846153846153	4.530437441658352	2.960427676798534	18.506666666666668	23.92888888888889	24.485714285714288	25.06375	9.550930659165951	19.83076923076923	13.3	20.852631578947367	10.45184265010352	19.86875	26.653333333333336	28.25	9.986612673744116	5.193841029036983	13.84	28.752	3.893848789836403	17.610285714285716	6.659044564319386	24.976666666666667	0.0	37.0	28.25857142857143	0.0	32.84	24.33390313390313	28.633333333333336	14.017351598173516	26.332093023255812	0.0	28.65	0.0	26.996610169491525	0.0	0.0	0.0	0.0	0.0	26.91873015873016	29.48	0.0	35.84	21.481428571428573	0.0	0.0	0.0	22.26849315068493	28.18800000000001	25.014545454545456	0.0	0.0	30.74	29.818461538461538
4.833984495016256	19.90884615384616	16.612784810126584	6.12767665880768	17.860000000000003	7.592258064516129	0.0	7.430947559478264	7.918617616692932	4.095007073088582	23.556216216216217	12.922831858407084	21.98	7.4631172627538	12.149573333333333	12.917894736842106	17.081929824561406	26.51428571428572	21.888510638297877	3.144285852619348	12.272965415746874	11.51708113298128	14.062641509433965	6.49115653910318	24.37333333333333	21.048598130841125	20.00928270042194	5.00691108106069	12.23620126786385	3.57601936765654	30.28	18.880000000000003	12.155790528689552	12.12313023050947	22.40651087832393	22.04	28.278048780487808	26.831538461538464	0.0	24.63843575418995	20.90961725817676	26.09883588621444	11.422559137820809	24.70709371293001	37.38545454545455	27.946250000000003	41.53600000000001	24.41305514157973	30.68	26.551111111111112	31.7	40.2	37.0	25.230668740279945	25.630344827586207	21.006666666666668	27.648888888888887	18.696233421750662	0.0	41.872	30.04516129032258	18.51869191049914	25.74743885556068	22.956959064327485	42.760000000000005	31.426666666666662	24.893784615384615	24.26848267622461
5.920639431616342	25.83652173913044	19.68107472712007	13.617270498501773	2.7556100296403114	3.467429022553693	7.430947559478264	0.0	11.775223489519112	10.768961179051477	14.649726381001548	12.948945926867149	11.830238836967808	3.948601312179411	4.16398383522357	16.72555555555556	21.350721539283803	19.102857142857143	23.86909492273731	14.31672611145	16.74042517006803	19.991381215469616	17.72502994011976	11.342258460851111	15.0576	24.168306332842416	25.763385579937307	11.390920161221166	6.761170629447785	10.452481282613627	24.57777777777778	3.4840244452647555	16.19605633802817	6.890649596275551	26.45965260545906	25.8	31.396444444444448	27.1662893081761	0.0	28.005000000000003	24.339552538964305	28.82071833648393	14.84453240969817	26.420151133501257	40.16	28.796666666666663	42.720000000000006	26.69337931034483	0.0	29.611428571428576	39.66666666666667	0.0	38.42	26.09765957446809	29.73257142857143	19.98	31.105	21.80855360181509	0.0	40.64	31.762	22.83673127291776	29.46018995929444	27.26953168044077	0.0	38.540000000000006	28.37962962962963	28.09308527131783
9.15357827322194	10.48863768115942	14.156302521008405	9.515253066787825	8.216818181818182	8.50259078590786	7.918617616692932	11.775223489519112	0.0	10.434699814863794	26.05257142857143	2.9096990254314408	20.955384615384617	12.376108223864616	2.705529566072795	11.040754716981132	15.7195530726257	0.0	20.72615384615385	8.17878050600791	9.127083825265643	4.20337260092654	10.66585005279831	3.69932429171292	15.646060606060606	17.693333333333335	12.032721088435377	5.513576375675471	10.694477356878384	7.912932987049698	0.0	18.293333333333333	9.187845493562232	7.522379846346257	12.93965811965812	0.0	22.40571428571429	16.422395382395383	0.0	15.938181818181818	12.163831315684453	17.025454545454544	2.412202607148011	16.38768220617203	0.0	14.247457627118646	33.24	14.78908056872038	0.0	23.08	19.360000000000003	31.660000000000004	27.440000000000005	15.286642373763664	14.98470588235294	4.626153846153846	21.868	10.329780681287914	0.0	28.32	27.714285714285715	9.83420891875382	16.39759842519685	12.670534031413611	36.6	24.06	15.318873239436622	15.41835164835165
11.40382118799755	0.0	22.093333333333337	4.7348366466813925	17.2	6.04278453262281	4.095007073088582	10.768961179051477	10.434699814863794	0.0	25.528443960826984	4.027865555874749	24.98761154855643	16.152943089430895	13.045801526717558	35.0	25.640000000000004	30.49858585858586	29.52238805970149	3.325177433845527	22.520000000000003	0.0	21.64666666666667	5.023333658517551	26.49574468085106	32.44823529411765	34.07076923076923	5.288344046254489	17.655697895550773	23.12	33.86	21.845	15.669893238434163	17.377121622803184	28.965714285714284	0.0	0.0	28.04693333333333	0.0	26.340000000000003	23.979767827529024	28.008253968253968	13.95774209245742	27.185565912117177	0.0	26.96352941176471	0.0	24.952357142857142	0.0	0.0	0.0	0.0	0.0	26.75934755332497	0.0	0.0	48.16	21.30472516875603	0.0	0.0	36.56	24.3607329842932	30.374042553191494	28.12	0.0	0.0	27.01333333333334	28.750857142857143
18.90678899082569	10.25536	22.866666666666667	29.2752	13.04	19.104103671706262	23.556216216216217	14.649726381001548	26.05257142857143	25.528443960826984	2.08	24.083298969072167	3.3310684362585774	14.720420743639924	0.0	19.325454545454544	7.410915032679739	3.1238212559401197	3.7248336453263446	26.71818770226537	16.62	16.695072463768117	12.794666666666668	24.81025641025641	4.204343180506692	5.375678726483358	8.23821168866146	26.950666666666667	12.106313645621182	17.759148936170213	4.524971929478972	13.08857142857143	27.040000000000003	3.781456293455212	39.68	12.66	22.94	0.0	0.0	0.0	35.91904761904762	41.6	28.29714285714286	37.96	15.53152709359606	33.96	15.372748868778285	38.78	0.0	31.7	0.0	17.671372549019612	16.642670906200316	0.0	29.165000000000003	21.4	33.93	36.18666666666667	11.719076549210206	16.9560197693575	16.576441057821604	35.32000000000001	37.288	32.807272727272725	18.07299363057325	0.0	0.0	22.0352
13.24888888888889	0.0	0.0	8.188427835051547	10.689056603773588	6.512852752801432	12.922831858407084	12.948945926867149	2.9096990254314408	4.027865555874749	24.083298969072167	0.0	23.719950617283956	16.26119849199863	3.650656639765225	26.584000000000003	44.64	28.455411255411256	28.46493150684932	3.338408001051041	29.32	13.428	34.440000000000005	4.969993800371978	24.86259414225941	30.80375	32.53111111111112	10.659117647058824	18.162497240058578	25.922352941176467	30.8512	19.630924369747905	17.326666666666668	17.269332406559037	38.6	0.0	0.0	20.47228426395939	0.0	0.0	18.02700507614213	32.95	6.937340199939413	20.87528384279476	0.0	16.153333333333332	0.0	20.87333333333333	0.0	0.0	0.0	0.0	0.0	19.57235772357724	0.0	0.0	0.0	14.80691891891892	0.0	36.84	0.0	19.255111111111116	46.440000000000005	0.0	0.0	0.0	0.0	26.12
18.071428571428573	9.22151439299124	17.28	26.126666666666665	5.12	12.045846153846153	21.98	11.830238836967808	20.955384615384617	24.98761154855643	3.3310684362585774	23.719950617283956	0.0	14.576246872393662	0.0	20.2	15.675999999999998	5.242136904139206	8.181490968801313	23.14592592592593	24.544000000000004	15.838909090909093	32.7	25.08833333333333	4.053641332698283	3.735065392736165	5.697960170571944	24.890714285714285	12.10336	27.53142857142857	4.208439569536424	10.076363636363636	0.0	6.717086411821394	36.16	11.6575	24.76	0.0	0.0	35.760000000000005	36.75750000000001	0.0	25.266666666666666	0.0	15.323448275862072	33.730000000000004	14.99318755256518	27.72571428571429	27.68	0.0	19.24	17.465907473309606	16.652032520325204	35.440000000000005	0.0	0.0	0.0	25.880000000000003	10.600973574408902	16.258096350364962	16.52316756194767	31.166666666666668	36.8	0.0	16.8163167587477	0.0	0.0	15.673750000000002
3.6651343401963055	23.69433962264151	20.00398742703188	18.009423713844118	2.9756050955414013	4.530437441658352	7.4631172627538	3.948601312179411	12.376108223864616	16.152943089430895	14.720420743639924	16.26119849199863	14.576246872393662	3.04	7.7062140992167105	18.21284403669725	21.392815477909327	19.510079155672823	23.706973610331275	16.878374168133938	17.053808403361348	18.78575	18.69044830266909	11.970980392156862	15.571081794195251	23.85249831649832	26.181952000000003	13.1141567963903	5.738123846573728	10.7066083656464	22.2352	3.4362957645369705	15.083896103896103	6.90131066362561	25.79487272727273	26.37	31.956697247706423	28.9816	0.0	28.325714285714287	25.195813550511176	30.60809523809524	15.98609474076837	26.881739130434784	39.12571428571429	29.96	46.31	28.1243963963964	0.0	30.026666666666664	37.16	0.0	0.0	27.916428571428572	26.608000000000004	21.371428571428574	31.68705882352941	22.6921094224924	0.0	37.766666666666666	32.322137404580154	22.510331536828357	29.64324711500199	25.9349765258216	0.0	39.36	28.94766355140187	28.097588652482266
13.728	0.0	23.28	12.029090909090913	3.1764052768378206	2.960427676798534	12.149573333333333	4.16398383522357	2.705529566072795	13.045801526717558	0.0	3.650656639765225	0.0	7.7062140992167105	0.0	0.0	26.68	0.0	0.0	10.572316076294278	0.0	10.504347826086958	0.0	5.53701636188643	0.0	0.0	0.0	11.747428571428571	19.77225806451613	14.61	0.0	6.215045871559633	16.84	15.175999999999998	0.0	0.0	0.0	22.08	0.0	0.0	19.582857142857144	35.68	7.593939393939394	21.12	0.0	0.0	0.0	19.6	0.0	0.0	0.0	0.0	0.0	19.58	0.0	0.0	0.0	17.62	0.0	0.0	0.0	0.0	0.0	0.0	0.0	0.0	0.0	0.0
14.73910931174089	12.582954545454545	12.014903950706778	20.2	0.0	18.506666666666668	12.917894736842106	16.72555555555556	11.040754716981132	35.0	19.325454545454544	26.584000000000003	20.2	18.21284403669725	0.0	0.0	15.956632996633	24.880000000000003	18.94	0.0	6.644467465978208	6.080989958233361	4.201942078364565	12.510252873563218	17.62	18.06317321688501	4.345081782778019	3.349972632916755	16.63897435897436	8.95926111642026	20.12	20.68	8.365714285714287	8.053144624613367	20.745	23.87	23.322891566265064	0.0	0.0	34.92	22.394461538461535	31.28	16.64	0.0	0.0	0.0	0.0	27.5325	0.0	19.765020522791097	25.635555555555555	0.0	34.760000000000005	0.0	19.359847364655376	10.05060225846926	18.314257115413785	22.529411764705884	0.0	30.55	20.49805447470817	21.23555555555556	19.50857142857143	19.715836895757977	0.0	0.0	18.225	16.852226415094343
17.46824016563147	7.995015724975599	7.15724929235746	0.0	0.0	23.92888888888889	17.081929824561406	21.350721539283803	15.7195530726257	25.640000000000004	7.410915032679739	44.64	15.675999999999998	21.392815477909327	26.68	15.956632996633	0.0	8.214736842105264	3.224887968257673	23.44	14.713797313797317	9.30867468260899	6.262359375899592	20.397820512820516	8.021694915254239	8.310501997568178	9.935621573583555	18.43396163469558	18.28761994355597	12.156539662710808	18.06	0.0	18.775384615384617	4.486707383069192	30.870000000000005	10.325509518477045	17.608792421153616	0.0	0.0	0.0	31.235714285714288	0.0	21.544000000000004	0.0	0.0	0.0	26.62	34.176	0.0	25.034909090909093	19.129857393044784	23.448	20.56466926070039	0.0	24.718372093023252	19.04701754385965	17.90839102320274	29.76952380952381	16.080000000000002	18.2604358974359	17.36729089219331	27.49090909090909	27.626666666666665	26.79976047904192	25.6	0.0	23.48	19.68084745762712
22.248	10.285791245791245	12.493333333333334	33.68	0.0	24.485714285714288	26.51428571428572	19.102857142857143	0.0	30.49858585858586	3.1238212559401197	28.455411255411256	5.242136904139206	19.510079155672823	0.0	24.880000000000003	8.214736842105264	0.0	3.5996557659208266	31.790000000000003	24.066666666666663	17.927761194029852	18.130000000000003	29.840000000000003	7.000836865119408	5.039659052165019	8.270893132801131	27.68	16.744150943396228	28.653333333333336	8.61036595744681	17.0	0.0	8.889951513124895	0.0	13.762222222222224	24.04	0.0	0.0	0.0	40.02666666666666	46.68	0.0	0.0	15.805085085085087	42.18	15.788017978831377	0.0	0.0	0.0	21.333333333333336	18.449415461973604	17.87158536585366	0.0	0.0	19.360000000000003	0.0	0.0	13.525486338797814	18.055178426854333	17.548759010757458	0.0	0.0	0.0	18.75634682080925	0.0	0.0	19.880000000000003
20.323150183150183	9.675302663438258	12.557859690844236	0.0	13.88	25.06375	21.888510638297877	23.86909492273731	20.72615384615385	29.52238805970149	3.7248336453263446	28.46493150684932	8.181490968801313	23.706973610331275	0.0	18.94	3.224887968257673	3.5996557659208266	0.0	29.556666666666665	16.36338028169014	16.340772946859907	11.482530024019216	22.13945945945946	7.446264038325611	6.301323348432877	9.399048130123424	23.075702479338844	21.857339901477832	14.959813258636787	10.097761194029852	17.4	24.346666666666668	6.153427070363509	33.760000000000005	11.257122807017543	22.36175182481752	0.0	0.0	0.0	33.005	0.0	23.28	0.0	16.450288065843623	0.0	16.308987246811704	32.09	0.0	28.442857142857143	20.844412811387905	19.188832335329344	18.49717997574918	0.0	28.52060606060606	20.24	24.751176470588234	35.540000000000006	14.306767895878526	17.906928512924058	17.93163189106084	28.186666666666667	34.32000000000001	29.8868	19.106778242677827	0.0	33.4	20.55769230769231
12.94434004474273	0.0	20.28	2.6443429037686776	21.026666666666664	9.550930659165951	3.144285852619348	14.31672611145	8.17878050600791	3.325177433845527	26.71818770226537	3.338408001051041	23.14592592592593	16.878374168133938	10.572316076294278	0.0	23.44	31.790000000000003	29.556666666666665	0.0	19.28	0.0	26.05333333333333	4.4972560628486855	27.043333333333333	32.66285714285714	32.160000000000004	3.128255659121172	17.754846413429092	22.28266666666667	32.58	23.233600000000003	15.444056603773586	17.954428945988465	26.255384615384617	0.0	0.0	25.89644991212653	0.0	25.336470588235294	22.84352538150109	26.550989010989014	11.816724806201552	25.676676773802303	36.6	24.66133333333333	0.0	23.78061643835617	0.0	0.0	34.160000000000004	0.0	0.0	24.663695150115476	0.0	0.0	0.0	20.257349839523155	0.0	0.0	0.0	23.47633187772926	30.01793103448276	25.110000000000003	0.0	0.0	26.380000000000003	27.67878787878788
12.998070531009324	14.45491448118586	10.177359154929578	18.880000000000003	0.0	19.83076923076923	12.272965415746874	16.74042517006803	9.127083825265643	22.520000000000003	16.62	29.32	24.544000000000004	17.053808403361348	0.0	6.644467465978208	14.713797313797317	24.066666666666663	16.36338028169014	19.28	0.0	7.612642764542111	6.90665818206176	5.57183832415738	19.841568627450982	16.030895295902884	9.653622228459165	2.9876827160912143	14.090354090354092	5.012778765792531	27.3	0.0	13.89	5.265417828030502	22.117410071942448	22.585	21.837852348993287	0.0	0.0	0.0	21.840144057623046	28.621052631578948	11.679545454545456	25.520000000000003	0.0	0.0	0.0	26.784571428571432	0.0	19.77691319751993	27.57333333333333	36.42	30.160000000000004	0.0	18.700334527460637	10.375932694047403	19.021030300936324	22.945960264900663	0.0	32.04166666666667	20.391181657848325	17.779194515852616	21.439545454545456	19.302648276683847	0.0	0.0	18.0936	16.58608547008547
14.559627906976743	4.948519054947044	7.488429008057794	16.166666666666668	0.0	13.3	11.51708113298128	19.991381215469616	4.20337260092654	0.0	16.695072463768117	13.428	15.838909090909093	18.78575	10.504347826086958	6.080989958233361	9.30867468260899	17.927761194029852	16.340772946859907	0.0	7.612642764542111	0.0	8.43513420721626	6.355789473684211	10.680633397312862	12.388188006482984	6.000155143014962	5.710144866875945	10.051023502653528	8.299304919811481	18.647111111111112	0.0	8.777219251336899	6.09931095295081	14.555555555555555	5.482068965517242	9.851865008880996	0.0	0.0	0.0	13.339076923076922	24.68	2.13325	0.0	23.64	0.0	15.460000000000004	20.236666666666668	0.0	10.20217693169093	15.8325	22.29	21.020000000000003	0.0	10.534985166726	2.1071457511461777	10.312732095490718	15.610000000000005	16.40666666666667	20.8	9.67909090909091	8.235555555555555	14.27111111111111	11.592552862300154	0.0	0.0	13.68	9.06159090909091
14.979405162738496	8.256325247079964	6.854707194290448	20.698	0.0	20.852631578947367	14.062641509433965	17.72502994011976	10.66585005279831	21.64666666666667	12.794666666666668	34.440000000000005	32.7	18.69044830266909	0.0	4.201942078364565	6.262359375899592	18.130000000000003	11.482530024019216	26.05333333333333	6.90665818206176	8.43513420721626	0.0	14.323279844824546	17.12	10.313852421910369	7.847344920059017	6.512670931392687	16.819174803149608	8.486126641405116	21.28	27.860000000000003	15.786666666666669	7.154387661743563	23.180450160771706	12.116156583629891	17.476971452600104	0.0	0.0	0.0	23.47657894736842	32.675294117647056	13.4178	28.12	0.0	0.0	31.440000000000005	29.170133333333336	0.0	18.562303930192463	21.473469387755102	36.8	26.592	0.0	18.42808283233133	10.991232091690543	18.78364155014051	24.233672922252016	0.0	24.35686956521739	18.521025890988334	19.72087537993921	25.19474747474748	19.894406487232576	0.0	0.0	22.523636363636363	17.816758544652703
9.833697984024344	19.76533333333333	17.86982456140351	3.438387459445569	0.0	10.45184265010352	6.49115653910318	11.342258460851111	3.69932429171292	5.023333658517551	24.81025641025641	4.969993800371978	25.08833333333333	11.970980392156862	5.53701636188643	12.510252873563218	20.397820512820516	29.840000000000003	22.13945945945946	4.4972560628486855	5.57183832415738	6.355789473684211	14.323279844824546	0.0	25.22	22.73	20.271384615384616	3.3752390533473173	11.588265388796945	8.53908997446116	0.0	22.65714285714286	10.88086716563102	8.628898484036686	19.556274509803924	0.0	29.341818181818184	22.50987577639752	0.0	21.20242424242424	18.58906470499925	23.48980306345733	8.394825979720473	21.53022502250225	36.56	21.444102564102565	41.16	20.632011291460834	0.0	23.04	29.32	36.28	30.48	21.136277915632757	19.08169696969697	14.236129032258065	26.80429752066116	15.902251082251084	0.0	33.66666666666667	29.86608695652174	18.479847522236344	23.78012371134021	20.086971428571427	0.0	27.56	21.041428571428572	23.178837209302323
19.668571428571436	4.043677735639627	13.36	26.48	0.0	19.86875	24.37333333333333	15.0576	15.646060606060606	26.49574468085106	4.204343180506692	24.86259414225941	4.053641332698283	15.571081794195251	0.0	17.62	8.021694915254239	7.000836865119408	7.446264038325611	27.043333333333333	19.841568627450982	10.680633397312862	17.12	25.22	0.0	6.185210035313341	4.862028684845705	19.93152	12.508333333333333	21.410000000000004	8.085584321316237	12.8	0.0	6.1759372114496776	0.0	4.508314606741573	20.380000000000003	0.0	0.0	0.0	37.03	0.0	0.0	0.0	10.141136363636363	40.48	9.853750000000002	27.346666666666664	0.0	0.0	15.054117647058826	12.73781725888325	12.762732049036776	37.32000000000001	30.32	0.0	20.62	0.0	5.41663852647736	12.36642006870656	10.4181953125	0.0	0.0	24.610000000000003	14.672695652173914	0.0	0.0	15.022448979591838
19.91973377703827	7.3281092974875985	5.0851415791028405	29.093333333333334	0.0	26.653333333333336	21.048598130841125	24.168306332842416	17.693333333333335	32.44823529411765	5.375678726483358	30.80375	3.735065392736165	23.85249831649832	0.0	18.06317321688501	8.310501997568178	5.039659052165019	6.301323348432877	32.66285714285714	16.030895295902884	12.388188006482984	10.313852421910369	22.73	6.185210035313341	0.0	6.778631279246667	21.009346879535563	20.612924791086357	17.346267206477734	5.101660659828112	17.160000000000004	19.24	8.006002504024327	30.228	8.847444422965399	16.922453487277632	0.0	0.0	35.720000000000006	29.94193548387097	35.440000000000005	26.673333333333336	34.0	15.804032073310427	39.08800000000001	16.102821063265566	31.89555555555556	0.0	26.79304347826087	17.761951288586804	18.092988036593947	17.238254534018242	41.06	24.796723549488057	26.45684210526316	20.401980402269213	30.784390243902443	13.071441901799602	16.32229689614582	15.970508294043016	30.509333333333338	31.189090909090915	27.263565891472872	19.120248062015506	24.96	27.08	18.483618625277163
22.0372192513369	4.941117587218001	6.708203138712196	24.12	0.0	28.25	20.00928270042194	25.763385579937307	12.032721088435377	34.07076923076923	8.23821168866146	32.53111111111112	5.697960170571944	26.181952000000003	0.0	4.345081782778019	9.935621573583555	8.270893132801131	9.399048130123424	32.160000000000004	9.653622228459165	6.000155143014962	7.847344920059017	20.271384615384616	4.862028684845705	6.778631279246667	0.0	9.400789667121703	23.68505415162455	14.616341248900616	6.744421498543818	0.0	27.96	8.63660328256691	28.55619047619048	7.840157975933354	16.295205083141816	0.0	0.0	0.0	26.5294382022472	35.02	24.752	40.4	15.83025777777778	45.08	16.091764170270885	33.89466666666667	0.0	17.68668587896254	17.46521422737061	18.063553223388304	17.191501468428783	39.16	20.34494281452014	9.704807852270836	17.755045757330514	26.72020408163266	12.775678073510774	16.083158494868872	16.56767575769893	29.04235294117647	33.15428571428572	24.49331010452962	18.311950000000003	0.0	0.0	17.655688425671972
9.066277966101696	14.242917647058825	12.551453844409163	2.8348461115774093	18.74	9.986612673744116	5.00691108106069	11.390920161221166	5.513576375675471	5.288344046254489	26.950666666666667	10.659117647058824	24.890714285714285	13.1141567963903	11.747428571428571	3.349972632916755	18.43396163469558	27.68	23.075702479338844	3.128255659121172	2.9876827160912143	5.710144866875945	6.512670931392687	3.3752390533473173	19.93152	21.009346879535563	9.400789667121703	0.0	14.4294257600235	4.720747588795398	28.08	24.593333333333337	12.911982259930582	13.799847436078542	18.69223184543638	26.696	25.68945945945946	26.916783216783216	0.0	22.462857142857143	18.579262118625195	26.377520661157025	9.969439330543931	25.93748201438849	38.2	26.648000000000003	0.0	23.26353612167301	0.0	18.85113043478261	28.29263157894737	36.56	33.29818181818182	25.579799599198395	16.334668335419273	8.797509433962265	22.30102425876011	19.32797413793104	28.940000000000005	32.60666666666667	24.68742081447964	16.630613065326635	20.897118030412745	18.39736186046512	0.0	29.352	19.288949152542376	19.66631111111111
4.853132008118262	21.368333333333336	18.96761212121212	17.120881946658166	2.787603833865815	5.193841029036983	12.23620126786385	6.761170629447785	10.694477356878384	17.655697895550773	12.106313645621182	18.162497240058578	12.10336	5.738123846573728	19.77225806451613	16.63897435897436	18.28761994355597	16.744150943396228	21.857339901477832	17.754846413429092	14.090354090354092	10.051023502653528	16.819174803149608	11.588265388796945	12.508333333333333	20.612924791086357	23.68505415162455	14.4294257600235	0.0	6.722872805088969	19.624	2.836214389183969	2.915177184682675	4.295470119378224	21.776817496229263	26.086666666666662	28.401355932203398	32.584	0.0	27.22615384615385	22.47374112206133	31.03070422535212	13.641905429071803	31.86352941176471	34.9	34.040000000000006	0.0	28.275462478184995	0.0	23.455	30.2125	37.88	34.728	32.37176470588236	18.464303797468357	11.793181818181818	26.57298429319372	22.14369501466276	0.0	36.40533333333333	32.25621621621622	19.42827318587505	25.58775879396985	20.98292303084756	0.0	36.82000000000001	23.21827586206897	25.44404984423676
5.93502108939181	16.101616161616164	13.995370272647316	17.629090909090912	0.0	13.84	3.57601936765654	10.452481282613627	7.912932987049698	23.12	17.759148936170213	25.922352941176467	27.53142857142857	10.7066083656464	14.61	8.95926111642026	12.156539662710808	28.653333333333336	14.959813258636787	22.28266666666667	5.012778765792531	8.299304919811481	8.486126641405116	8.53908997446116	21.410000000000004	17.346267206477734	14.616341248900616	4.720747588795398	6.722872805088969	0.0	0.0	0.0	7.595749147205457	6.469406519065191	21.25636938360804	24.95142857142857	26.249517241379312	31.0	0.0	25.358620689655176	20.950687572590017	29.44391376451078	11.51648899349301	25.508888888888887	35.91333333333334	0.0	40.576	26.02728476821192	0.0	19.963150292955444	28.924958677685957	39.30545454545455	34.19866666666667	28.52	19.152637453619946	11.089214604675597	20.02179287171487	19.31883318140383	34.940000000000005	34.964000000000006	29.95769230769231	18.031688476917488	22.746237444027592	20.63199634748425	0.0	30.7	21.493021702838064	19.49288482238967
0.0	11.854985915492955	20.0	36.760000000000005	0.0	28.752	30.28	24.57777777777778	0.0	33.86	4.524971929478972	30.8512	4.208439569536424	22.2352	0.0	20.12	18.06	8.61036595744681	10.097761194029852	32.58	27.3	18.647111111111112	21.28	0.0	8.085584321316237	5.101660659828112	6.744421498543818	28.08	19.624	0.0	0.0	0.0	0.0	12.460049627791564	0.0	17.216	0.0	0.0	0.0	0.0	0.0	0.0	0.0	0.0	17.61568181818182	37.52	17.44	29.96	0.0	0.0	0.0	20.120117302052787	19.324498777506115	0.0	0.0	0.0	0.0	0.0	14.483792048929663	19.443758073987084	19.079931271477665	0.0	0.0	0.0	20.386666666666667	0.0	0.0	19.76571428571429
15.214545454545457	0.0	0.0	26.088000000000005	2.9143743067946186	3.893848789836403	18.880000000000003	3.4840244452647555	18.293333333333333	21.845	13.08857142857143	19.630924369747905	10.076363636363636	3.4362957645369705	6.215045871559633	20.68	0.0	17.0	17.4	23.233600000000003	0.0	0.0	27.860000000000003	22.65714285714286	12.8	17.160000000000004	0.0	24.593333333333337	2.836214389183969	0.0	0.0	0.0	0.0	4.010612168486739	29.360000000000003	0.0	0.0	0.0	0.0	0.0	31.9	0.0	0.0	0.0	0.0	0.0	0.0	0.0	0.0	0.0	0.0	0.0	0.0	0.0	0.0	0.0	0.0	0.0	0.0	0.0	0.0	28.28	0.0	0.0	0.0	0.0	0.0	0.0
8.367706919945727	0.0	22.22222222222222	15.43405303030303	0.0	17.610285714285716	12.155790528689552	16.19605633802817	9.187845493562232	15.669893238434163	27.040000000000003	17.326666666666668	0.0	15.083896103896103	16.84	8.365714285714287	18.775384615384617	0.0	24.346666666666668	15.444056603773586	13.89	8.777219251336899	15.786666666666669	10.88086716563102	0.0	19.24	27.96	12.911982259930582	2.915177184682675	7.595749147205457	0.0	0.0	0.0	2.900631412786109	21.34660098522168	0.0	25.15	28.46	0.0	28.22	21.89792447219744	29.46941176470588	12.916846986089649	29.355	0.0	0.0	41.38	27.505441696113078	0.0	0.0	33.260000000000005	40.08	38.66	30.133333333333336	18.09668246445498	10.35	24.19135135135135	21.4056	0.0	38.152	39.71	18.5021875	24.45490196078432	20.77163009404389	43.64	33.54666666666667	21.936774193548388	22.92098765432099
9.247686800894854	7.586733167082295	7.775333079558432	16.530210039159844	3.4870793518903205	6.659044564319386	12.12313023050947	6.890649596275551	7.522379846346257	17.377121622803184	3.781456293455212	17.269332406559037	6.717086411821394	6.90131066362561	15.175999999999998	8.053144624613367	4.486707383069192	8.889951513124895	6.153427070363509	17.954428945988465	5.265417828030502	6.09931095295081	7.154387661743563	8.628898484036686	6.1759372114496776	8.006002504024327	8.63660328256691	13.799847436078542	4.295470119378224	6.469406519065191	12.460049627791564	4.010612168486739	2.900631412786109	0.0	21.199779005524864	10.627865168539326	15.73995717344754	32.32666666666667	0.0	29.544	23.547662082514737	31.698969072164957	14.084478764478764	29.290000000000003	19.84	0.0	19.12	28.49013574660633	0.0	16.82838859802211	19.10894736842105	20.424	17.846153846153847	31.68	15.955535685773592	8.252870848708488	16.65882073792858	22.40030303030303	14.28	17.216120906801006	16.448582887700535	18.702037735849057	24.48809523809524	17.027782542537004	0.0	0.0	18.21071428571429	15.863448275862073
21.47643814026793	42.52	26.944761904761908	27.112	0.0	24.976666666666667	22.40651087832393	26.45965260545906	12.93965811965812	28.965714285714284	39.68	38.6	36.16	25.79487272727273	0.0	20.745	30.870000000000005	0.0	33.760000000000005	26.255384615384617	22.117410071942448	14.555555555555555	23.180450160771706	19.556274509803924	0.0	30.228	28.55619047619048	18.69223184543638	21.776817496229263	21.25636938360804	0.0	29.360000000000003	21.34660098522168	21.199779005524864	0.0	19.12666666666667	16.242105263157896	15.778056265984656	0.0	11.69923076923077	5.817121266129607	10.0822691292876	9.832751126215127	12.416540496540495	15.95090909090909	13.126243739565943	20.562028985507247	3.643452883372526	16.196	13.070000000000002	15.586511627906978	20.96242424242424	17.567441860465117	13.92835555555556	12.132545454545454	10.793996627318718	13.838166666666666	10.203344793337918	19.14857142857143	21.022093023255817	21.45402298850575	10.52485322896282	4.621350945661964	4.527355547678129	22.24705882352941	12.125	7.309679487179487	6.113301627033792
24.62	2.040068846815835	9.294663774403473	0.0	0.0	0.0	22.04	25.8	0.0	0.0	12.66	0.0	11.6575	26.37	0.0	23.87	10.325509518477045	13.762222222222224	11.257122807017543	0.0	22.585	5.482068965517242	12.116156583629891	0.0	4.508314606741573	8.847444422965399	7.840157975933354	26.696	26.086666666666662	24.95142857142857	17.216	0.0	0.0	10.627865168539326	19.12666666666667	0.0	6.934727844528668	0.0	0.0	0.0	16.980377358490568	24.56	10.67026113671275	21.520000000000003	8.887200000000002	21.061333333333334	7.553204034134988	22.652631578947368	18.904000000000003	11.111637630662022	8.493803720333547	10.13953216374269	8.669049484536083	0.0	12.914313619099294	4.4761153628652215	9.908832923832923	14.722758620689657	4.592650809688959	6.700970775779398	5.146595264422857	12.244433121019108	18.839	16.51694879832811	10.464615384615389	15.720000000000002	17.875999999999998	8.3977411238468
28.048695652173915	9.55020297699594	16.6979972839958	0.0	0.0	37.0	28.278048780487808	31.396444444444448	22.40571428571429	0.0	22.94	0.0	24.76	31.956697247706423	0.0	23.322891566265064	17.608792421153616	24.04	22.36175182481752	0.0	21.837852348993287	9.851865008880996	17.476971452600104	29.341818181818184	20.380000000000003	16.922453487277632	16.295205083141816	25.68945945945946	28.401355932203398	26.249517241379312	0.0	0.0	25.15	15.73995717344754	16.242105263157896	6.934727844528668	0.0	0.0	0.0	24.29	14.02314986376022	23.424477611940297	14.707596899224807	18.32	13.26888888888889	36.24	13.426549295774649	19.85337142857143	0.0	10.645765765765766	6.249317111193954	13.48751879699248	10.807610619469028	0.0	10.03259386152748	7.110281607163897	5.875917596682289	14.60023058663954	14.726666666666668	5.303136575724852	6.749884435371245	16.21519713261649	25.155384615384616	10.982826086956525	14.947317073170732	0.0	0.0	7.132444444444444
29.5	0.0	0.0	28.01108280254777	0.0	28.25857142857143	26.831538461538464	27.1662893081761	16.422395382395383	28.04693333333333	0.0	20.47228426395939	0.0	28.9816	22.08	0.0	0.0	0.0	0.0	25.89644991212653	0.0	0.0	0.0	22.50987577639752	0.0	0.0	0.0	26.916783216783216	32.584	31.0	0.0	0.0	28.46	32.32666666666667	15.778056265984656	0.0	0.0	0.0	0.0	11.858964799796189	9.012804642166344	16.950353117956425	11.754781921201738	4.52384461013852	30.117777777777786	7.1701455633100695	34.09090909090909	16.980032679738564	16.04348909657321	0.0	25.6	34.220000000000006	27.92	3.027673751780529	0.0	18.173333333333336	21.12	3.917248162129943	0.0	34.4	32.08	2.6752756524848054	18.121096638134222	17.71333333333333	36.17333333333333	26.12444444444445	18.05025270758123	17.075779252306198
0.0	0.0	0.0	0.0	0.0	0.0	0.0	0.0	0.0	0.0	0.0	0.0	0.0	0.0	0.0	0.0	0.0	0.0	0.0	0.0	0.0	0.0	0.0	0.0	0.0	0.0	0.0	0.0	0.0	0.0	0.0	0.0	0.0	0.0	0.0	0.0	0.0	0.0	0.0	2.375017136831005	20.82	4.774117647058825	8.213333333333335	18.813333333333333	11.91529411764706	9.439518072289156	15.624615384615389	10.7536	2.410004294215079	0.0	0.0	17.04	0.0	22.2	0.0	0.0	0.0	11.94	11.96	17.92	0.0	0.0	0.0	0.0	18.520000000000003	2.307530996479412	22.8	3.33602947678703
24.82	0.0	0.0	28.39555555555556	0.0	32.84	24.63843575418995	28.005000000000003	15.938181818181818	26.340000000000003	0.0	0.0	35.760000000000005	28.325714285714287	0.0	34.92	0.0	0.0	0.0	25.336470588235294	0.0	0.0	0.0	21.20242424242424	0.0	35.720000000000006	0.0	22.462857142857143	27.22615384615385	25.358620689655176	0.0	0.0	28.22	29.544	11.69923076923077	0.0	24.29	11.858964799796189	2.375017136831005	0.0	8.691821463456067	4.736336530982629	11.221387283236997	5.786960576278759	19.094269449715373	6.363459001066618	23.50524770642202	7.102810657348766	3.178326570895932	26.72	20.133333333333333	25.53797101449276	24.1175	10.538994663680086	17.720000000000002	21.153333333333336	24.54	13.192414965986396	20.284444444444443	26.53632	27.45111111111111	10.728170273654086	9.03511284654432	19.5728	26.00352941176471	2.953861124029621	18.92	8.212589053217041
21.41189982728843	22.96	26.75523316062176	24.98536420101637	30.920000000000005	24.33390313390313	20.90961725817676	24.339552538964305	12.163831315684453	23.979767827529024	35.91904761904762	18.02700507614213	36.75750000000001	25.195813550511176	19.582857142857144	22.394461538461535	31.235714285714288	40.02666666666666	33.005	22.84352538150109	21.840144057623046	13.339076923076922	23.47657894736842	18.58906470499925	37.03	29.94193548387097	26.5294382022472	18.579262118625195	22.47374112206133	20.950687572590017	0.0	31.9	21.89792447219744	23.547662082514737	5.817121266129607	16.980377358490568	14.02314986376022	9.012804642166344	20.82	8.691821463456067	0.0	9.802112912624688	8.318292850281324	4.2788442058066485	24.15458937198068	11.642782608695653	28.15376146788991	6.4904547300040605	12.91135217723453	8.555540540540541	15.070313901345292	23.69555555555556	20.25787234042553	8.300179104477612	10.15881627620222	10.157143591060878	11.336644010195412	7.173459125601094	24.32	21.66509090909091	20.706031746031748	4.674482932934362	11.81310919992186	3.8911014599889113	28.94736842105264	19.695664335664336	12.594844984802432	11.18413295527919
27.738888888888887	0.0	34.91272727272728	28.49244444444445	0.0	28.633333333333336	26.09883588621444	28.82071833648393	17.025454545454544	28.008253968253968	41.6	32.95	0.0	30.60809523809524	35.68	31.28	0.0	46.68	0.0	26.550989010989014	28.621052631578948	24.68	32.675294117647056	23.48980306345733	0.0	35.440000000000005	35.02	26.377520661157025	31.03070422535212	29.44391376451078	0.0	0.0	29.46941176470588	31.698969072164957	10.0822691292876	24.56	23.424477611940297	16.950353117956425	4.774117647058825	4.736336530982629	9.802112912624688	0.0	13.99406077059622	9.97796825529952	14.64419397116645	13.9648745329765	19.38866141732284	4.7614189136756	7.748509719222463	18.2752	23.78875	23.574054054054056	24.424	14.16445348913543	19.135853658536583	19.52375	21.1168085106383	14.182037524110118	15.0	25.686666666666667	26.55555555555556	14.465194029850746	6.140920028308564	15.949602327837052	23.15473684210526	4.409020014352922	17.19636363636364	5.311900713758992
12.387909686817189	0.0	20.083870967741937	13.205111244738427	0.0	14.017351598173516	11.422559137820809	14.84453240969817	2.412202607148011	13.95774209245742	28.29714285714286	6.937340199939413	25.266666666666666	15.98609474076837	7.593939393939394	16.64	21.544000000000004	0.0	23.28	11.816724806201552	11.679545454545456	2.13325	13.4178	8.394825979720473	0.0	26.673333333333336	24.752	9.969439330543931	13.641905429071803	11.51648899349301	0.0	0.0	12.916846986089649	14.084478764478764	9.832751126215127	10.67026113671275	14.707596899224807	11.754781921201738	8.213333333333335	11.221387283236997	8.318292850281324	13.99406077059622	0.0	12.257333621123822	25.49555555555556	2.631723521525399	27.251612903225805	12.175761210814864	2.8567010981841907	12.472857142857142	18.600526315789477	28.97	22.82842105263158	10.58895438109862	6.347471422039323	5.574681634800912	13.744529914529917	3.956378330823256	17.38192307692308	20.563453237410076	16.446962457337882	5.937218213961489	11.389088397790056	9.025871232664446	32.18	21.64275862068965	10.191522591645356	10.1199920350458
24.660000000000004	0.0	34.52	27.987034764826177	0.0	26.332093023255812	24.70709371293001	26.420151133501257	16.38768220617203	27.185565912117177	37.96	20.87528384279476	0.0	26.881739130434784	21.12	0.0	0.0	0.0	0.0	25.676676773802303	25.520000000000003	0.0	28.12	21.53022502250225	0.0	34.0	40.4	25.93748201438849	31.86352941176471	25.508888888888887	0.0	0.0	29.355	29.290000000000003	12.416540496540495	21.520000000000003	18.32	4.52384461013852	18.813333333333333	5.786960576278759	4.2788442058066485	9.97796825529952	12.257333621123822	0.0	25.86569500674764	4.9961258674465086	30.228607068607072	12.10355907378993	12.123748251748252	20.4	22.656	30.845964912280703	28.880000000000003	3.6532878724810858	15.453333333333331	13.661333333333337	17.21	8.657486997381543	26.26222222222222	30.854823529411767	31.105454545454545	4.853926200674115	17.04150947224837	13.855483870967742	31.923440860215056	21.45370517928287	17.041553956834534	16.053534506721224
