1.0000000000000002	0.0282795017357466	-0.3354955951133699	0.6719400326933018	-0.1525439318998466	0.2836447653627723	0.379733831610245	-0.4671761922652089	0.5933765597449383	-0.1382690121323576	-0.3320463277749336	0.558215327021498	-0.2256966844912153	0.6793152126676666	0.123858836611187	-0.1917507766981291	0.3918315358372554	-0.2661871471309517	0.4058629027325794	0.754930808504486	-0.2652458661153851	0.1488270344649804	-0.2330831577277723	0.4087731259917928	0.2606837927388558	0.0004203835664083	-0.2748338907484337	-0.0838744553141597	0.369076717894281	0.238562341006911	0.2852009251390459	-0.0593655574181028	0.1918703551247716	-0.0106542133729549	0.0077859997522154	0.0580673535890132	-0.4226804322151404	0.4481909925883947	-0.1450019281513432	0.3641408637297652	-0.0831952108178677	-0.4546073965697828	0.162726884636867	0.37020950217897	-0.2462527816874985	0.2173304495020359	-0.2570139924940295	0.420399868438304	-0.1211801005380909	-0.127095369555431	0.2555257548009783	-0.2811041207526498	0.0033372077504033	0.4058084511061061	-0.3468494410727444	0.0823286233389439	-0.2889857937419658	0.2558316014907484	0.1411067907177925	0.0365584309164261	-0.330017528600849	-0.2777969681751273	0.474683527100072	0.2010157645412713	-0.101770089062245	0.3444837610140456	-0.1434014079226151	0.4112646112331765
0.0282795017357466	1.0	0.3940945620279803	0.3655348255109897	0.2426951702501659	0.2335005219746829	0.5656422350184013	0.2123079496412307	0.3045037966133009	0.2526427221094162	0.2472846535037377	0.1486080236127009	0.214003463196944	-0.0077134995074832	0.0534407136832611	0.5119258883877559	0.6100646944348259	0.1092289060859599	0.6508566135382845	0.2046541578900387	0.222536057700752	0.7738801581359942	0.3134056624280287	0.6762369752262705	0.7165604793190067	0.753638157899501	0.4887811792181642	0.411894555538299	0.1161096263865271	0.6025275444923217	0.0832948169386477	0.2210669856746477	0.1193447974362408	0.3746511429058934	0.0077393390653989	0.749097403147365	0.2110049294805929	0.3148087197530664	0.243444152458598	0.2727774543232796	0.4797735364160383	0.2861833609464208	-0.0773523325300679	0.3356520185858718	0.2971065174491299	-0.002087753538239	0.2954238960196824	0.3944537444295661	0.2761163701357711	0.5532200713974786	0.6678161054230064	0.2883534020059144	0.36946660768212	0.1531044546995257	0.284164986282139	0.8092548371111054	0.4221213746707623	0.6252944619769321	0.5536930063896123	0.727293242858542	0.443677046743223	0.2809495444157693	0.3872308223916115	0.5872535222944194	0.1439152244279047	0.2646479804955268	0.1319199667693342	0.4123365836736287
-0.3354955951133699	0.3940945620279803	1.0000000000000002	-0.1566011579271903	0.557241712666469	0.3198594918133741	0.2667151741758161	0.7930846605237861	-0.296470349192443	0.5691050746338006	0.6987783756679504	-0.1911803537840963	0.5943792161012794	-0.3455660976123978	0.1457357300292346	0.7770669056212129	0.0308767412048475	0.5656901765935571	0.1426501031500398	-0.3765160886132421	0.8656807968265268	0.5026619052927362	0.9180029715264808	0.2516826850075064	0.3189907747566708	0.6530913082623812	0.9578922861646596	0.8246541249349982	-0.1190204381581504	0.4195308610054199	0.0010442037414336	0.5186208465908487	-0.1527230165427246	0.3705811530449416	-0.3683851673086023	0.359756630110049	0.9434220019649736	-0.0352909204685503	0.429467959204407	0.3242271962089747	0.470349992831817	0.7787673979619715	-0.1103126144734333	0.1987477440395506	0.6612207215390755	-0.1201768892117979	0.669656725129496	0.0025162862702308	0.5604645639552351	0.7888279367032768	0.2052571740546025	0.6575940220489243	0.2330350061888068	-0.3016781696775596	0.8698526325829715	0.4677455848422411	0.9015114177739112	0.5309489479040457	0.2593917994326501	0.5870856888538251	0.9424421511811812	0.9049058219225408	-0.1786417921753904	0.4168837542072201	0.3055897554062724	0.0826947666279644	0.1848046074347984	-0.0738539329018495
0.6719400326933018	0.3655348255109897	-0.1566011579271903	1.0	0.1071747815653666	0.4580088913213508	0.7687578635903101	-0.1864599003328591	0.6887635520082869	0.1872840046066973	-0.0931235821617331	0.6359171879991196	0.0224938560850442	0.5771467784091389	0.2326238014906597	0.1279933027607769	0.6633849224636682	-0.1241986775748694	0.6768234494591457	0.7535044221188427	-0.0891778763345478	0.4411863224581441	-0.1095953145279323	0.7647160488444895	0.5367198676275591	0.3997346857838719	-0.0295942198212142	0.2671800888280347	0.3028748232019466	0.6213816834436927	0.4035560794578116	0.0992226438956957	0.1361925289015099	0.1048057048791557	-0.0801679388874844	0.4558685353536536	-0.2892223103309727	0.7827780215794561	0.1446262475038217	0.4361063478378215	0.291207201672769	-0.1556866082467623	0.0920994495700314	0.694602207102987	-0.0022157603178727	0.2735276475681576	0.0164474569899906	0.4652148579519151	0.0185140642843689	0.2044586368788638	0.5721757781522124	-0.1093691816184566	0.1988451073508949	0.4456144905007594	-0.1705088903489356	0.4275886341814158	-0.0459174858698686	0.6136359893049343	0.3471962161290512	0.4518116284695166	-0.1063285117137979	-0.0509730190686641	0.598050400506263	0.597421438003626	0.0606881123977335	0.472789930767907	-0.1165349806454511	0.6124014414658566
-0.1525439318998466	0.2426951702501659	0.557241712666469	0.1071747815653666	1.0	0.6041630194092489	0.3620142596324183	0.7387581318194247	-0.1023252261344532	0.659006848431769	0.7515619399409077	0.0154130141050127	0.7403953190326366	-0.0811183170470734	0.3443649948442634	0.6186255870819404	0.1250162169998619	0.6304456295059068	0.2215718811303944	-0.1871142534816502	0.5961992937773247	0.2847510255901709	0.5546134520028608	0.3282710917552959	0.3542762198397633	0.5243506806018251	0.5780879459404132	0.6573604053390943	0.0793707604105615	0.4185307190033314	0.2139283736357695	0.6313431795525647	-0.1541039562702304	0.3606574752818911	-0.2635894749344791	0.3703429716829725	0.5391634795264684	0.2079495060603001	0.8094794353864817	0.5241252713055405	0.3813720411019178	0.7529184544176832	-0.1424826539043517	0.4776122799416445	0.6947209393898147	-0.0395588958801018	0.7553795531288773	0.1829010203702868	0.4985905404089786	0.5545620976366982	0.1631252234766918	0.5633941968413296	0.2676258910037077	-0.2699647730638781	0.5249928638933798	0.2647346755395681	0.5145934636379573	0.4384994632591446	0.245511657489803	0.5271053157279884	0.5859961060371485	0.6379480581981168	0.0633107625360182	0.3127386446477948	0.3712493500313925	0.4082855164683372	0.2356601968685255	0.097489118719132
0.2836447653627723	0.2335005219746829	0.3198594918133741	0.4580088913213508	0.6041630194092489	1.0	0.4279994577991515	0.4646418095107515	0.2602742494255462	0.6965944209072529	0.5973353842874055	0.4559582716463448	0.598629217492557	0.243835099840074	0.5682202048724305	0.5716924613074573	0.2530548200755214	0.4968747180816454	0.2715365821032102	0.2653974453003288	0.3958409335571249	0.3185305524520522	0.3974629900115621	0.5236878162976729	0.4984211820872822	0.4602553946464982	0.4192478607883584	0.6006849147663351	0.0743793486837135	0.4239424524505625	0.2982105624681029	0.3968398410227625	-0.1021183894788195	0.2442365168185542	-0.2913041569193879	0.3713732722866064	0.2879296060532424	0.4313992064126102	0.4987299331174035	0.7459576120609782	0.1897496551519048	0.4459702559047677	-0.0857221505666752	0.7283072275300406	0.601801152564878	0.1653026989563434	0.5828761189906275	0.2864739649580473	0.3338070137223815	0.5055766123138642	0.2494888586662937	0.4195699058575112	0.1607550219118187	-0.0089866897938747	0.3545282384648106	0.2953719724426136	0.3785094671116725	0.5716004701756873	0.3645650584109777	0.512217232545404	0.419352916144053	0.4636988770070476	0.2892099546655216	0.3842525342551519	0.4302690772999061	0.5880601771281289	-0.0388706735540745	0.2796327995861283
0.379733831610245	0.5656422350184013	0.2667151741758161	0.7687578635903101	0.3620142596324183	0.4279994577991515	1.0000000000000002	0.1548998850514807	0.4597135190308011	0.2721676844714595	0.1925154141815691	0.2433899777001608	0.2209028135867906	0.3925379756997738	0.185134427056168	0.4122339345840223	0.7252236013546572	0.1007191592496004	0.8118132155308209	0.4046163715101328	0.183126918472835	0.6592359817415231	0.2136995148319063	0.823320154712106	0.6551527958057665	0.7513658585154863	0.3376203115956789	0.5368299386146965	0.2348981435143478	0.874843352158371	0.3265225882100695	0.3352111180708208	0.0650532977138507	0.2672539476852646	-0.0795675365226113	0.670039522230761	0.0707525615928825	0.672971208280784	0.3755893172457427	0.4542686432853934	0.6664380383738923	0.1879827649835403	0.0125797360317497	0.6368030416935374	0.2450994330906205	-0.0563869602643673	0.26877092597083	0.5094096460648772	0.2506564950088889	0.4727372290915534	0.6701200481993261	0.1344897312827874	0.3365558538911082	0.1489881895113346	0.0932710080184553	0.657554843091822	0.2694530720855632	0.735689362834721	0.3952282344370119	0.7491910949813938	0.2616764811890703	0.2758968241131111	0.4919108594775002	0.7465973917542539	0.0473823062138891	0.4243931501893208	0.0849002581899086	0.5175827740534872
-0.4671761922652089	0.2123079496412307	0.7930846605237861	-0.1864599003328591	0.7387581318194247	0.4646418095107515	0.1548998850514807	1.0	-0.3655736954526682	0.7835092637799668	0.9164772549105324	-0.2022077559655108	0.8365067189662649	-0.3611598521942829	0.2205774253789114	0.762948132662515	-0.1065347083582849	0.7483843880568402	-0.0375706753505173	-0.4557636775784904	0.7962593306589911	0.226289337767146	0.7684569812592311	0.1361260118148836	0.2300277827978108	0.5221011221921292	0.7835349580559161	0.7730035165968431	-0.1486808297046035	0.284772299725764	-0.0040678187553769	0.4455557718509533	-0.2851201628135705	0.3088051687459701	-0.3367429443491082	0.3111905271610914	0.8242312749896453	-0.0105537903419678	0.6258499063120642	0.3299930421590823	0.3985165916707259	0.9536273885294724	-0.2039591415378735	0.3051647296000196	0.8433155401168471	-0.0733993549070902	0.8694064189972097	-0.1549077568577004	0.5096610152909998	0.6982662562322951	0.0476556856563766	0.703188168203327	0.2351397932263506	-0.3352932789690835	0.7951991298583542	0.2032019710582314	0.7553627424392061	0.3798619431824064	0.2109469487318759	0.4991213714292706	0.8273411108097591	0.8257356925835297	-0.2798852714192067	0.2880724381072523	0.4366209187011967	0.1225892814541692	0.1612231254260713	-0.1446170986615541
0.5933765597449383	0.3045037966133009	-0.296470349192443	0.6887635520082869	-0.1023252261344532	0.2602742494255462	0.4597135190308011	-0.3655736954526682	1.0	0.0078819005413205	-0.2925814220244411	0.6464070213809878	-0.1678608219426981	0.562001715865089	0.1653577732997819	-0.0917284249121114	0.4702932590756544	-0.2888324850430444	0.4327908438642247	0.7470682326740615	-0.2829626978021992	0.3171761690413568	-0.2981123372569667	0.5935951382403215	0.3606621660720132	0.1030276360743928	-0.2388360399672665	-0.0400047786691957	0.3388518086566106	0.290482180911331	0.2809422683001734	-0.0251438257852042	0.2795617056255098	0.0766376144518263	0.2155349445377495	0.177232605254257	-0.4486748592480479	0.5798938764717934	-0.1075990196465576	0.3301318021643855	0.155348256538234	-0.3248505211844539	0.3666574306582544	0.5014049410476281	-0.2532330708474968	0.4204299883312762	-0.2058012670188774	0.4090224065481763	-0.0514468298988264	-0.0233712312846523	0.2943426980258714	-0.3080616907667937	0.0687070764688664	0.6125273240453576	-0.3096798030437326	0.3010907264031098	-0.2193129589330168	0.4124645424464898	0.1921843302567591	0.1115483967972853	-0.3124323542205715	-0.2674484805104616	0.464759139499818	0.2899312537201554	-0.0091242194624714	0.2991114632038977	-0.0943311551737213	0.351168621840526
-0.1382690121323576	0.2526427221094162	0.5691050746338006	0.1872840046066973	0.659006848431769	0.6965944209072529	0.2721676844714595	0.7835092637799668	0.0078819005413205	1.0000000000000002	0.7831049136640456	0.3156023373238453	0.7880455743732335	-0.0103700861456999	0.454419369319798	0.7204418866324742	0.0248958768202729	0.6866640741429247	0.0752467138009962	-0.0389516689205481	0.658054827188328	0.2914350875810097	0.5904471468965669	0.3350837331909808	0.3354260860585249	0.4891970345493889	0.6107139563156574	0.7524498412451249	0.1265282589540146	0.3750751576482072	0.3514435132984894	0.4047175467094982	-0.1135145334562382	0.3865541026393999	-0.2692550644824177	0.3502505549358994	0.5847288680988146	0.3409816983962228	0.5183378940591225	0.5597585034847143	0.3659171337045658	0.7761519811223851	-0.0559856558822583	0.7166504810980241	0.7728821955894005	0.3438042485619338	0.7966732339816365	0.0546407438087266	0.516542375332936	0.6737746545874876	0.1412170024887495	0.6578550318598102	0.2478540391039676	0.019778969447601	0.6597029037321299	0.2798895201791401	0.6250040020579034	0.5051171849272444	0.2950642440900289	0.508455289679882	0.6458210540632614	0.6897056611671186	0.0213432116557854	0.3699063557809663	0.6104423024492558	0.266358716962883	0.1186773722982926	0.090775051287139
-0.3320463277749336	0.2472846535037377	0.6987783756679504	-0.0931235821617331	0.7515619399409077	0.5973353842874055	0.1925154141815691	0.9164772549105324	-0.2925814220244411	0.7831049136640456	1.0	-0.1176638639155309	0.9241484989843136	-0.2648068436284673	0.3110099056928381	0.7782732502408384	-0.0246204539779463	0.8615757169967537	0.0192816822690375	-0.3359669338396702	0.6919131878666585	0.2221641794410881	0.6994827386247321	0.1977281522443823	0.364829194576196	0.5473231129937812	0.7328254743889551	0.7274084243779686	-0.0776101345965002	0.2923562962786579	0.0779661861640034	0.4232401064660199	-0.2367167974089947	0.313272326249953	-0.3544672574414098	0.3845398646875926	0.7189025575181478	-0.0237937627230517	0.68812077009352	0.4498604020864795	0.3078862363924929	0.9177392574579524	-0.2731285641392558	0.3742192831882186	0.9390206224680848	-0.1098463095781796	0.9403108242844952	-0.013931756887035	0.4820449471763297	0.6738372233195404	0.0915999177167764	0.7432344378132469	0.2302911910534429	-0.3279496982982738	0.688850574997459	0.2087892016512592	0.6840843444645388	0.3953031993274913	0.3584338037521582	0.5416300115537884	0.7984609640210832	0.7470901394567739	-0.105519034856387	0.2654424932358608	0.5615608532098747	0.3085612952196264	0.1272590529837512	0.0137696973749911
0.558215327021498	0.1486080236127009	-0.1911803537840963	0.6359171879991196	0.0154130141050127	0.4559582716463448	0.2433899777001608	-0.2022077559655108	0.6464070213809878	0.3156023373238453	-0.1176638639155309	1.0	0.0112719972694549	0.4925177959402749	0.4111764044733045	0.0454710932468062	0.1981191595874218	-0.0531511414179107	0.1885656127703589	0.7704772134545664	-0.0498075169396153	0.2514916356793598	-0.1116258751620983	0.4547912792721987	0.2377070146018514	0.0262953423407864	-0.1309198203172199	0.1143944403492994	0.3643646517366076	0.2076734522121857	0.41678367173163	0.0639089844885796	0.2228848202013131	0.1688029223058479	0.0024155061593928	0.0774373185727687	-0.2409167226938682	0.6161084434841546	-0.0608494541534377	0.5097261888467515	-0.0341119776713511	-0.1787105475419936	0.3305145871357831	0.6572481434839325	-0.0393211530382756	0.7813172488309669	-0.0273061780473573	0.2791055081879631	0.1235385610336196	0.0692318070679604	0.1388515246260478	-0.0769979868219416	0.0269477223662527	0.7071254264453625	-0.051751846066848	0.2055676621941057	-0.0823633319019197	0.3972621414413599	0.1682282278244974	0.0731599080395332	-0.1540927348174673	-0.0688481047018699	0.3656854912021837	0.2171534933406634	0.2988405087765344	0.3148756816224782	-0.099196141267544	0.2898175304924192
-0.2256966844912153	0.214003463196944	0.5943792161012794	0.0224938560850442	0.7403953190326366	0.598629217492557	0.2209028135867906	0.8365067189662649	-0.1678608219426981	0.7880455743732335	0.9241484989843136	0.0112719972694549	1.0	-0.1589768400327931	0.3334786901237573	0.7161558950888132	-0.0006333173699513	0.8169555174764652	0.044000018296541	-0.2272233170571609	0.6292315169516387	0.1735108901991979	0.5937339922374296	0.2432196824967686	0.3854362646568934	0.4872728413787655	0.6258920248786854	0.6829357194195158	0.0158799797365399	0.2876917914239156	0.2555055600856609	0.3991638037925357	-0.1743982645860919	0.3157880748023817	-0.3267066299210635	0.3461030728369045	0.6217378197682953	0.0724253000549615	0.7067602051707647	0.4568507213904367	0.296855145126579	0.843177422013686	-0.2279370049350107	0.4399741107237672	0.884065802747543	0.0021317689932879	0.9338398053787452	0.0100731151531195	0.4546092919619617	0.6239816629166628	0.085871140964552	0.7078862482273468	0.2176343007615353	-0.2091506238347348	0.5876797372839265	0.1646247918409445	0.5843944219786926	0.4294160212007106	0.358508158027704	0.4821663470728829	0.6914336058798682	0.6604417764779239	-0.0684045672912805	0.2529908570526367	0.6157842964259829	0.3718263614898885	0.110938289682353	0.0505079072752115
0.6793152126676666	-0.0077134995074832	-0.3455660976123978	0.5771467784091389	-0.0811183170470734	0.243835099840074	0.3925379756997738	-0.3611598521942829	0.562001715865089	-0.0103700861456999	-0.2648068436284673	0.4925177959402749	-0.1589768400327931	1.0	0.3175177810753536	-0.2078110378019168	0.3593740001741437	-0.1614862650790671	0.3070743763789436	0.5858655254805574	-0.2993522279180733	0.073443942588464	-0.2947033137619173	0.3462893692186987	0.1698702095196851	-0.0298859283833135	-0.3013480403487459	-0.1408337467559559	0.6029965666304097	0.2542021579500049	0.3857089113359266	0.0585198470164019	0.3422615161462724	0.1403243507176721	0.2402370149091449	0.0883528384159155	-0.4338936477952687	0.4606700517073596	-0.1130842199821653	0.3277378586291158	0.1258577792435567	-0.3757058509070442	0.335174714115213	0.4417576471833103	-0.2069201550733484	0.3060791536565895	-0.2199728303630082	0.4193825483178822	-0.0379702966040066	-0.1584921870829509	0.1714079005838022	-0.2533031638600819	0.1646352861984102	0.3929097745584703	-0.3681556398028029	0.078873254492896	-0.2662800815688225	0.2158521498082723	0.1151535976661524	-0.0043699840122137	-0.3289822806993505	-0.2834910930643199	0.5036765945898277	0.1653031977053027	-0.0271850233018942	0.3489206643606014	0.1212395953005972	0.3837286290677398
0.123858836611187	0.0534407136832611	0.1457357300292346	0.2326238014906597	0.3443649948442634	0.5682202048724305	0.185134427056168	0.2205774253789114	0.1653577732997819	0.454419369319798	0.3110099056928381	0.4111764044733045	0.3334786901237573	0.3175177810753536	1.0	0.309065770080068	0.0934389581407092	0.2675987612296162	0.0482123937716849	0.1560501801974578	0.1763417833472066	0.120901870882319	0.1634517008958437	0.2445602465912678	0.2246849167693582	0.163404537744369	0.1694568943444293	0.2818323179133397	0.263046298956934	0.2064566589818553	0.2331519176973784	0.3030128132413881	0.0606262896573114	0.3238892780211252	0.1031533636271525	0.1519520333621705	0.1229204747492663	0.291203650861448	0.2716912162543086	0.5146826138522	0.2081057393877042	0.2090959815654728	0.1657121476107894	0.4919065170639228	0.3610303139129522	0.3172924778037849	0.3001451281701234	0.2433834117118383	0.2428823810787737	0.2315378748525713	0.0953194334372361	0.2631162604681842	0.1831910472927606	0.1735293099601013	0.1619116006837186	0.1208644585922929	0.1972112952583365	0.3048040508579726	0.1892277324711914	0.1949991214085298	0.1891544420627663	0.2548095977118109	0.2593508543312413	0.1393463877161697	0.4187375871292544	0.4437238223557774	0.2486279955353534	0.1529333506655993
-0.1917507766981291	0.5119258883877559	0.7770669056212129	0.1279933027607769	0.6186255870819404	0.5716924613074573	0.4122339345840223	0.762948132662515	-0.0917284249121114	0.7204418866324742	0.7782732502408384	0.0454710932468062	0.7161558950888132	-0.2078110378019168	0.309065770080068	1.0	0.2249553615678311	0.5929114662646212	0.2873121746758572	-0.1673757403895414	0.7615517260798524	0.5296634260337932	0.7950872656317326	0.4859828458402553	0.5345269660592443	0.7419677669577194	0.8457400185041987	0.873508686728932	-0.0222333551889805	0.5750010206785007	0.1277016350978541	0.4358597485571621	-0.1746274600805585	0.3849610418822423	-0.2493247135359781	0.5567634843278795	0.7207736755690728	0.2216028318796938	0.549733390536538	0.4745181552449741	0.4518200349753494	0.7701544714032622	-0.1719753923923182	0.4464534041403591	0.7992065682808899	0.0093909441319947	0.7905468016462197	0.1851791301006811	0.5574581803409904	0.9154039203391132	0.3819812883751047	0.6890609737049628	0.3472114916954449	-0.1651376892219473	0.7235294654255612	0.5265209907223499	0.8430835399196115	0.6750088792670734	0.4157736641906052	0.7089556767630967	0.8481607031085183	0.8047075442158832	0.0731977747422149	0.4743889413541012	0.500005699109603	0.2929758345822359	0.1815924473819339	0.1664434284110369
0.3918315358372554	0.6100646944348259	0.0308767412048475	0.6633849224636682	0.1250162169998619	0.2530548200755214	0.7252236013546572	-0.1065347083582849	0.4702932590756544	0.0248958768202729	-0.0246204539779463	0.1981191595874218	-0.0006333173699513	0.3593740001741437	0.0934389581407092	0.2249553615678311	1.0	-0.1286660749422929	0.8494691383799746	0.4574015498697509	-0.1151698394713246	0.5645448127104921	-0.0069900847242218	0.7036881972339271	0.6585050575133253	0.6114520023011515	0.1429264269720302	0.2066688086898076	0.2116297985921124	0.6283397840242265	0.1471867095832928	0.0880600064337195	0.1511439781057151	0.2066250666273575	0.0710336240909469	0.6576890832366016	-0.1792950538943161	0.475477350203453	0.1627448078715426	0.2024462564115588	0.3979945778841413	-0.0482089229792436	-0.1116212226717822	0.3848590314382938	0.0692822946048151	-0.0738996433805711	0.0342220551526411	0.5523090209098099	0.0837742124028085	0.2750449150429923	0.7395844883286572	0.0028993141175378	0.3384946675381651	0.2127453786799557	-0.1559367327772286	0.6252096495762574	0.0870557119587153	0.539437614650253	0.4098277273810445	0.5680689250278678	0.0538987023551394	-0.0440937999849044	0.6311306331045705	0.5049730671852881	-0.0677848103274708	0.3756925275629577	0.0807673014671554	0.6594019292204867
-0.2661871471309517	0.1092289060859599	0.5656901765935571	-0.1241986775748694	0.6304456295059068	0.4968747180816454	0.1007191592496004	0.7483843880568402	-0.2888324850430444	0.6866640741429247	0.8615757169967537	-0.0531511414179107	0.8169555174764652	-0.1614862650790671	0.2675987612296162	0.5929114662646212	-0.1286660749422929	1.0000000000000002	-0.0682227242160002	-0.304009093514032	0.5700511611606646	0.0776325260819128	0.5824407884353969	0.0502429944469763	0.2114844781447651	0.3708090143980858	0.5716054899802803	0.5703737327379022	-0.0216883433252518	0.1623984360423816	0.2238651756879334	0.3463726237115157	-0.1465409824414501	0.2036737929218245	-0.4026392406661375	0.2666643320998944	0.6321687343250922	-0.0629436808762184	0.5609857134097267	0.3988485309484434	0.1861173520829808	0.7372782154359212	-0.1839420014997961	0.318266561573135	0.7871777030504673	-0.0114801593900348	0.7906631994297751	-0.1077591167605587	0.4109873328613892	0.5021228890118431	-0.1025313353996868	0.6414101718648478	0.0914076645404831	-0.2997342350327429	0.5579360158239457	0.0874770796847589	0.539189624676565	0.2522374639378173	0.2650901097007111	0.348325808834667	0.6732563784730841	0.6121269242162641	-0.1679273713162396	0.13219400102978	0.497251873044602	0.2626950652633948	0.0710066332492433	-0.0577787184742539
0.4058629027325794	0.6508566135382845	0.1426501031500398	0.6768234494591457	0.2215718811303944	0.2715365821032102	0.8118132155308209	-0.0375706753505173	0.4327908438642247	0.0752467138009962	0.0192816822690375	0.1885656127703589	0.044000018296541	0.3070743763789436	0.0482123937716849	0.2873121746758572	0.8494691383799746	-0.0682227242160002	0.9999999999999998	0.4351469345582928	-0.0015517759032725	0.707814723889266	0.0866807548400031	0.7815899243160461	0.6959820128712364	0.7391987046825712	0.2418371578211413	0.3134011967075025	0.2318524634211046	0.7520916267849278	0.236489974973113	0.2224067230747733	0.1206251775847713	0.3000517982117934	-0.0008523028845891	0.6206080731527474	-0.0857823651855611	0.5165845374669805	0.2638350998751796	0.3019263622535315	0.4640404385979946	0.0378564295365091	-0.1062621420475244	0.440880500261163	0.1105799617582795	-0.1211727905100574	0.1173173922280744	0.6488872166907778	0.1897766052138363	0.3767458441585818	0.7981211628776247	0.1399431557774206	0.3651758482940762	0.1645759651954277	-0.0663754535690811	0.6900064221915909	0.1230494378347192	0.6127382863884309	0.4240091130940936	0.7080363475928823	0.1292304057764765	0.0620685108207018	0.6469914499663119	0.5689733651383657	-0.0570912406929777	0.3771550511431727	0.1196091680495016	0.6771445079201478
0.754930808504486	0.2046541578900387	-0.3765160886132421	0.7535044221188427	-0.1871142534816502	0.2653974453003288	0.4046163715101328	-0.4557636775784904	0.7470682326740615	-0.0389516689205481	-0.3359669338396702	0.7704772134545664	-0.2272233170571609	0.5858655254805574	0.1560501801974578	-0.1673757403895414	0.4574015498697509	-0.304009093514032	0.4351469345582928	1.0	-0.3516615678252245	0.2935701859951805	-0.3261395742730542	0.5323851024638891	0.3457374324832311	0.0581943638522532	-0.3094350996954845	-0.1006025951662108	0.3608611998597489	0.2517086149145658	0.2379833864922184	-0.1439249480221419	0.2285793873470769	0.0610033989251803	0.1368368311004326	0.1409176319695777	-0.5020237822014199	0.5665628555520087	-0.1738245918186905	0.375650361209176	0.010236891733916	-0.3964807969297371	0.2467012855924295	0.4998906302018066	-0.2484146683390774	0.445830212685911	-0.2469190257971613	0.4299659066543712	-0.0474640278682038	-0.0824714203915804	0.3364394647042996	-0.3249074624574843	0.0466989322270596	0.7356857857110424	-0.3572095770963682	0.2324581836231663	-0.3110565734405527	0.3460271870130806	0.2337725918723075	0.0959124833910901	-0.3621859944302761	-0.3428397251530583	0.5447226901471631	0.276790069296575	-0.0384038630342648	0.3386059417641751	-0.1597910280205353	0.4987325484850309
-0.2652458661153851	0.222536057700752	0.8656807968265268	-0.0891778763345478	0.5961992937773247	0.3958409335571249	0.183126918472835	0.7962593306589911	-0.2829626978021992	0.658054827188328	0.6919131878666585	-0.0498075169396153	0.6292315169516387	-0.2993522279180733	0.1763417833472066	0.7615517260798524	-0.1151698394713246	0.5700511611606646	-0.0015517759032725	-0.3516615678252245	1.0	0.3436479391506829	0.9309369129117444	0.1669785951535119	0.2108649203060018	0.4851950415866711	0.8667404494415435	0.8653144040658782	-0.0337741189571782	0.3892460235320319	0.1066033867999066	0.5241599856425341	-0.1693669514505489	0.3744300694227624	-0.4010845669561121	0.2212361665004626	0.9015096015527916	0.0737844249866023	0.4382348210882461	0.3828558941076496	0.3593443955606036	0.7575182081285706	-0.0103529274314968	0.2849378692687094	0.6464321858763243	0.0409803587636884	0.7043764496893573	-0.0636636963531153	0.5857534261697243	0.734752239759659	0.051783627195598	0.6287814959882425	0.1701361828638466	-0.2608942582842845	0.8928873376055708	0.2789136243682794	0.8561974816159421	0.5036387650853671	0.1391537540082948	0.4437182309558953	0.858865077025787	0.9458895576220556	-0.264533842916705	0.3218793553528273	0.3997423870186601	0.0811299303322421	0.1521028126004556	-0.1624594767905605
0.1488270344649804	0.7738801581359942	0.5026619052927362	0.4411863224581441	0.2847510255901709	0.3185305524520522	0.6592359817415231	0.226289337767146	0.3171761690413568	0.2914350875810097	0.2221641794410881	0.2514916356793598	0.1735108901991979	0.073443942588464	0.120901870882319	0.5296634260337932	0.5645448127104921	0.0776325260819128	0.707814723889266	0.2935701859951805	0.3436479391506829	1.0	0.4266048079032012	0.7473697501266737	0.6436807855616696	0.785339255744435	0.5555710408884456	0.5430233788870551	0.2089969231572327	0.7588857395952671	0.1642247514810984	0.4075419157196883	0.0637618951142237	0.5041372786791746	-0.0364902517433828	0.6088701670619101	0.2787414000171556	0.4348236124629968	0.2253447462510104	0.4575521758502209	0.55223175856629	0.2879312464649617	0.091539895131443	0.4378281601688399	0.2943507739786228	0.0820749439594383	0.2924846658679924	0.5113185233323921	0.4457448594309676	0.6409155842828684	0.6833267034443644	0.2965074996849997	0.3862794013132928	0.2004772848344986	0.3607099314242458	0.9042749803506626	0.4919276473273133	0.769635965721798	0.4166304257868426	0.7361755190051544	0.4620386508849349	0.4133241675329864	0.4289873013848943	0.6325877517565063	0.1607203731529827	0.2766136254900265	0.2234092568327634	0.4184786925448985
-0.2330831577277723	0.3134056624280287	0.9180029715264808	-0.1095953145279323	0.5546134520028608	0.3974629900115621	0.2136995148319063	0.7684569812592311	-0.2981123372569667	0.5904471468965669	0.6994827386247321	-0.1116258751620983	0.5937339922374296	-0.2947033137619173	0.1634517008958437	0.7950872656317326	-0.0069900847242218	0.5824407884353969	0.0866807548400031	-0.3261395742730542	0.9309369129117444	0.4266048079032012	1.0	0.1981257534055234	0.3148950135164668	0.5764639771079585	0.9256362496583764	0.8554055304635364	-0.0723801479713933	0.3940634775197868	0.0025923028743044	0.4989849738651929	-0.1504376598402187	0.3762229341033861	-0.3979795925326859	0.3363502812598841	0.9167547184286968	0.0196705049794712	0.4133780849483571	0.3870208714737147	0.3632581838283329	0.7456655888592701	-0.0925407185886402	0.220556712823447	0.6734610321884964	-0.0603552078940675	0.6802089958923131	0.0215325884423984	0.5640011855679286	0.7832530206563159	0.1704634150380645	0.655496681584898	0.218415261890655	-0.2860152975680429	0.9091655866869351	0.3654247021283965	0.918156843570346	0.51478494471892	0.246876598979601	0.5408134302728486	0.9295573983016008	0.9397886850229772	-0.1741425664364161	0.3594577838034987	0.366395073584698	0.1158875188250833	0.1673992921059575	-0.0626720225365382
0.4087731259917928	0.6762369752262705	0.2516826850075064	0.7647160488444895	0.3282710917552959	0.5236878162976729	0.823320154712106	0.1361260118148836	0.5935951382403215	0.3350837331909808	0.1977281522443823	0.4547912792721987	0.2432196824967686	0.3462893692186987	0.2445602465912678	0.4859828458402553	0.7036881972339271	0.0502429944469763	0.7815899243160461	0.5323851024638891	0.1669785951535119	0.7473697501266737	0.1981257534055234	1.0000000000000002	0.7312587372660483	0.7270109930920328	0.3539816351471749	0.5038170346913394	0.2074911149969701	0.7632436043328543	0.2783560937404354	0.2885333788810678	0.0654750566362551	0.2660943183058961	-0.0589679689777851	0.6170606052851044	0.0325577469506577	0.6623217995411473	0.3344671993184833	0.5197559493234222	0.4859504077215569	0.1980650126953325	0.012405796210225	0.6564146954318805	0.2563156171788309	0.1369081807015823	0.2819132131183293	0.5494812805702903	0.2599853321643943	0.5491736154209688	0.7067951198163593	0.1448663174277785	0.2838273842313924	0.3231410048272998	0.1216343397247838	0.7288935640713593	0.2889865424173533	0.8611725062078812	0.4523784959361831	0.7081696625348824	0.2597331527839737	0.2336593600150824	0.5823639074535847	0.6875656168094166	0.1299791440073062	0.4821948653146119	-0.0114616084671773	0.6027493340714716
0.2606837927388558	0.7165604793190067	0.3189907747566708	0.5367198676275591	0.3542762198397633	0.4984211820872822	0.6551527958057665	0.2300277827978108	0.3606621660720132	0.3354260860585249	0.364829194576196	0.2377070146018514	0.3854362646568934	0.1698702095196851	0.2246849167693582	0.5345269660592443	0.6585050575133253	0.2114844781447651	0.6959820128712364	0.3457374324832311	0.2108649203060018	0.6436807855616696	0.3148950135164668	0.7312587372660483	1.0000000000000002	0.7358604818260327	0.4415424489821158	0.462495060611826	0.1585702204646392	0.6136911642660591	0.1896811820267318	0.2245165255693207	0.1606057311905719	0.3697897616083822	-0.0299041204309879	0.7349360871647888	0.154144206777563	0.4065294002284771	0.4047170869800046	0.4650558009129497	0.4182784081392219	0.3239379481978335	-0.1787080742275446	0.4825805498691656	0.4251148202659087	-0.0315682659470262	0.4349092729304278	0.5405633085137166	0.2414297601420056	0.5532623587326244	0.7382867132867197	0.3484307159582683	0.3743796729535859	0.165789716082823	0.2200892204796709	0.6405176393967672	0.3489661147934069	0.6713365731616497	0.7702128156078754	0.7754965750083161	0.410281665797919	0.2709103415022328	0.5383528846991631	0.6023001399644482	0.1896181052818218	0.5436552975339699	0.1043507165222707	0.632267662200514
0.0004203835664083	0.753638157899501	0.6530913082623812	0.3997346857838719	0.5243506806018251	0.4602553946464982	0.7513658585154863	0.5221011221921292	0.1030276360743928	0.4891970345493889	0.5473231129937812	0.0262953423407864	0.4872728413787655	-0.0298859283833135	0.163404537744369	0.7419677669577194	0.6114520023011515	0.3708090143980858	0.7391987046825712	0.0581943638522532	0.4851950415866711	0.785339255744435	0.5764639771079585	0.7270109930920328	0.7358604818260327	1.0	0.7308890384959298	0.7380428279152308	0.0507996817154549	0.8117765967480859	0.1642655834537886	0.4165228870650479	-0.0268576816289325	0.4310339727998997	-0.197363403829391	0.7406318839393407	0.4776789818620323	0.3675191280964078	0.5328163416950668	0.4142585875518877	0.6275577486235542	0.5776694110219386	-0.2489844441648992	0.4907714879961184	0.592547195956397	-0.1693588276031359	0.5923914481505093	0.465295552238132	0.4572847799906446	0.7737275874609228	0.7139237902690727	0.5478787689416615	0.4232229220931047	-0.0633420632848361	0.4724605674408331	0.7935390880444275	0.6255370634219801	0.748152650630726	0.5108990940446265	0.94071477402066	0.6773326705819827	0.5797264120378725	0.3887265238980999	0.667877848988094	0.2474262724802584	0.3520905627755266	0.1884679102637133	0.4852072201503313
-0.2748338907484337	0.4887811792181642	0.9578922861646596	-0.0295942198212142	0.5780879459404132	0.4192478607883584	0.3376203115956789	0.7835349580559161	-0.2388360399672665	0.6107139563156574	0.7328254743889551	-0.1309198203172199	0.6258920248786854	-0.3013480403487459	0.1694568943444293	0.8457400185041987	0.1429264269720302	0.5716054899802803	0.2418371578211413	-0.3094350996954845	0.8667404494415435	0.5555710408884456	0.9256362496583764	0.3539816351471749	0.4415424489821158	0.7308890384959298	1.0000000000000002	0.870205844402136	-0.1053879291987958	0.4884377565988976	0.0468859487061024	0.5080569057046891	-0.1595788975489947	0.3900139583162551	-0.3957732026080329	0.4642782161245531	0.9002879598730736	0.0525102195015351	0.4729100307325855	0.3849222461912373	0.463405361063776	0.788587310656967	-0.1670972759554145	0.2845961297041627	0.7102513097514958	-0.1198878487933255	0.7212586165901964	0.1022181569555572	0.5726114246604725	0.8522687582511966	0.3290677156224803	0.7016184001690635	0.2911136682512451	-0.2917274556633113	0.8491026482976868	0.5330558424014076	0.9210372251768496	0.6219323943170557	0.3666730684786812	0.688081219157308	0.9677128936428496	0.907631351315678	-0.0552512741925527	0.4712639492200038	0.3497137285756239	0.1720525804748244	0.1762357448230128	0.0561512384036141
-0.0838744553141597	0.411894555538299	0.8246541249349982	0.2671800888280347	0.6573604053390943	0.6006849147663351	0.5368299386146965	0.7730035165968431	-0.0400047786691957	0.7524498412451249	0.7274084243779686	0.1143944403492994	0.6829357194195158	-0.1408337467559559	0.2818323179133397	0.873508686728932	0.2066688086898076	0.5703737327379022	0.3134011967075025	-0.1006025951662108	0.8653144040658782	0.5430233788870551	0.8554055304635364	0.5038170346913394	0.462495060611826	0.7380428279152308	0.870205844402136	1.0000000000000002	-0.0266931222514448	0.6526626866007788	0.2214486275877825	0.5214485900123595	-0.1821627567095772	0.3534196959932774	-0.4215184684260559	0.5031629247841751	0.7846477063246046	0.3693700239065755	0.5569617650741622	0.5116945363806823	0.5444438214428945	0.752136059677978	-0.0952682173689024	0.5570122236525393	0.7233267558615901	0.044309303285773	0.75154202426479	0.1282979533480434	0.5783182874615364	0.8674494861267611	0.3540053338124836	0.6292114056796637	0.2967136846956951	-0.1344893051406583	0.80481350160704	0.5094139055892714	0.8577136292151275	0.7297398955451562	0.3158133819950763	0.718163741891192	0.8486148623561747	0.9148533844321464	-0.0052288604991245	0.6120179114065942	0.4355859330477513	0.2597390885477753	0.1074158827824344	0.1219440425415198
0.369076717894281	0.1161096263865271	-0.1190204381581504	0.3028748232019466	0.0793707604105615	0.0743793486837135	0.2348981435143478	-0.1486808297046035	0.3388518086566106	0.1265282589540146	-0.0776101345965002	0.3643646517366076	0.0158799797365399	0.6029965666304097	0.263046298956934	-0.0222333551889805	0.2116297985921124	-0.0216883433252518	0.2318524634211046	0.3608611998597489	-0.0337741189571782	0.2089969231572327	-0.0723801479713933	0.2074911149969701	0.1585702204646392	0.0507996817154549	-0.1053879291987958	-0.0266931222514448	1.0	0.3147290054715412	0.4138725863358657	0.1563119654392791	0.493813077324614	0.6056494675773579	0.3946310789469294	0.058022229614609	-0.191122593309727	0.355763671411499	0.0503621522564697	0.3299851781354012	0.2725288129538653	-0.1098833901547696	0.4306925025517402	0.3553157703664522	0.0152061949593916	0.394480928932319	0.0302859193667826	0.4627117253609784	0.2300289600053558	0.0087170167501462	0.1720896576395209	0.0498362656869813	0.3843404578930746	0.3753470161377608	-0.120297996944673	0.1905982696571345	-0.0301634343554025	0.2224505169613792	0.1817617074010314	0.0326159836210323	-0.1207830054077132	-0.0379429708355052	0.5018578227554902	0.057235505633192	0.2557869449006581	0.233025683842297	0.4944365989909397	0.3404276726296252
0.238562341006911	0.6025275444923217	0.4195308610054199	0.6213816834436927	0.4185307190033314	0.4239424524505625	0.874843352158371	0.284772299725764	0.290482180911331	0.3750751576482072	0.2923562962786579	0.2076734522121857	0.2876917914239156	0.2542021579500049	0.2064566589818553	0.5750010206785007	0.6283397840242265	0.1623984360423816	0.7520916267849278	0.2517086149145658	0.3892460235320319	0.7588857395952671	0.3940634775197868	0.7632436043328543	0.6136911642660591	0.8117765967480859	0.4884377565988976	0.6526626866007788	0.3147290054715412	1.0000000000000002	0.3261363260739491	0.4325070759857587	0.0755620695722044	0.449607279763167	-0.0756124700316537	0.6505256410104907	0.2441794809859774	0.6059617613556464	0.3908838319700637	0.4689817198370121	0.6760246100007595	0.3034420401939559	0.0455442705746401	0.5782659246002856	0.3669526375809084	0.0066780668666047	0.3732408041978565	0.4882183774836183	0.417658864850726	0.625524026910056	0.6664845756170739	0.3033072166177197	0.4287543771788302	0.0960836764294067	0.2789275324082984	0.7596875573223387	0.4554262779395728	0.7688556436989197	0.3664951431889934	0.7612134345989932	0.4134727974457059	0.4536187888903544	0.4382228352505722	0.7039702822976784	0.1638182245349805	0.3466809622329926	0.2382642256427329	0.474699152525489
0.2852009251390459	0.0832948169386477	0.0010442037414336	0.4035560794578116	0.2139283736357695	0.2982105624681029	0.3265225882100695	-0.0040678187553769	0.2809422683001734	0.3514435132984894	0.0779661861640034	0.41678367173163	0.2555055600856609	0.3857089113359266	0.2331519176973784	0.1277016350978541	0.1471867095832928	0.2238651756879334	0.236489974973113	0.2379833864922184	0.1066033867999066	0.1642247514810984	0.0025923028743044	0.2783560937404354	0.1896811820267318	0.1642655834537886	0.0468859487061024	0.2214486275877825	0.4138725863358657	0.3261363260739491	1.0000000000000002	0.2912111138537879	0.2176228270404057	0.2966528760260133	-0.0657386108453319	0.0936813108991947	-0.0115988151429773	0.4063527852996672	0.1680925481784123	0.3201415542860464	0.1778135509423536	0.0160961828317859	0.208245287689428	0.5172071446317262	0.1172818879362023	0.3183317066092139	0.183743942094654	0.2821632693172385	0.1801941566330749	0.1620752175385693	0.1106573161440751	0.2026209158655423	0.1604437073593073	0.1415664588575763	-0.0149456419650746	0.1942955717750948	0.049974536781182	0.3045556033241321	0.1205818290159493	0.1751162093724377	0.0465412845963633	0.1049616577273212	0.2825169598892854	0.1883127637096419	0.3423265381570759	0.2409708686629786	0.1627329468762767	0.1820025773728377
